#SysTm EventTmStmp Mag:x Mag:y Mag:z
183322730611869 1375059313060333637 0.35858154 -35.1593 -34.379578 
183322742179090 1375059313123535541 0.53863525 -35.279846 -34.379578 
183322755272330 1375059313187408832 0.35858154 -35.51941 -34.259033 
183322766412266 1375059313250793842 0.4196167 -35.51941 -34.379578 
183322805112097 1375059313314514545 0.47912598 -35.4599 -34.498596 
183322828460183 1375059313377808002 0.6591797 -35.51941 -34.67865 
183322879459724 1375059313441650775 0.6591797 -35.51941 -34.61914 
183322946055177 1375059313505249408 0.8392334 -35.279846 -34.858704 
183323017137125 1375059313568817523 0.7797241 -35.038757 -35.099792 
183323073905017 1375059313632049945 0.5996704 -34.979248 -35.038757 
183323136838026 1375059313695968433 0.71868896 -34.858704 -35.339355 
183323206088750 1375059313759200855 0.71868896 -34.91974 -35.1593 
183323268991236 1375059313823135181 0.71868896 -34.91974 -35.339355 
183323344529159 1375059313886367603 0.35858154 -34.739685 -35.21881 
183323388234332 1375059313950240894 0.17852783 -34.439087 -35.279846 
183323454371979 1375059314013503833 -0.059509277 -34.439087 -35.339355 
183323517640711 1375059314077377124 -0.059509277 -34.259033 -35.398865 
183323581306207 1375059314140640064 -0.059509277 -34.13849 -35.398865 
183323644605460 1375059314204482837 -0.119018555 -33.839417 -35.51941 
183323705707245 1375059314267776294 0.0 -33.659363 -35.639954 
183323769586385 1375059314331649585 0.23956299 -33.4198 -35.81848 
183323832855116 1375059314394882007 0.47912598 -32.998657 -36.05957 
183323896703735 1375059314458755298 0.6591797 -32.818604 -36.239624 
183323960613394 1375059314522079273 0.8987427 -32.458496 -36.358643 
183324023882126 1375059314585891528 0.8987427 -32.27997 -36.779785 
183324090172375 1375059314649154468 1.1398315 -31.739807 -37.319946 
183324151335203 1375059314713363452 1.1993408 -31.439209 -37.5 
183324215397463 1375059314776321216 1.3198853 -31.13861 -37.979126 
183324278086308 1375059314840163989 1.0192871 -30.839539 -38.21869 
183324341385561 1375059314903457446 0.95977783 -30.599976 -38.63983 
183324405234179 1375059314967300220 0.8987427 -29.99878 -39.239502 
183324468899677 1375059315030563159 1.1398315 -29.458618 -39.65912 
183324532748295 1375059315094436450 1.1993408 -28.979492 -39.779663 
183324595742344 1375059315157729907 1.2588501 -28.49884 -40.019226 
183324659499401 1375059315221572681 1.3198853 -27.719116 -40.499878 
183324730276144 1375059315284866138 1.2588501 -26.939392 -40.859985 
183324786738834 1375059315348827186 1.2588501 -26.219177 -41.218567 
183324849977045 1375059315412029091 1.0787964 -25.559998 -41.459656 
183324913825665 1375059315475902382 0.95977783 -25.079346 -41.63971 
183324977155437 1375059315539195839 0.8392334 -24.899292 -41.819763 
183325044025572 1375059315603038612 0.8987427 -24.659729 -41.999817 
183325104059144 1375059315666301552 0.5996704 -24.299622 -42.17987 
183325167968805 1375059315730235878 0.35858154 -24.659729 -42.118835 
183325231268057 1375059315793437782 0.119018555 -24.778748 -42.23938 
183325295086155 1375059315857311073 -0.059509277 -24.839783 -42.118835 
183325358660090 1375059315920909706 0.0 -24.958801 -42.23938 
183325425194503 1375059315984447304 -0.059509277 -25.079346 -41.999817 
183325493285453 1375059316047710243 -0.47912598 -24.958801 -42.118835 
183325563726472 1375059316110179725 -0.8987427 -24.719238 -42.419434 
183325627483530 1375059316174999061 -1.0787964 -24.659729 -42.419434 
183325676896013 1375059316238719765 -1.0787964 -24.479675 -42.478943 
183325744803842 1375059316302562538 -1.0192871 -24.299622 -42.23938 
183325807340084 1375059316365917030 -1.0787964 -24.299622 -42.29889 
183325878330470 1375059316429179970 -1.1398315 -24.238586 -42.17987 
183325934243793 1375059316493022743 -1.1993408 -24.179077 -42.17987 
183325994246844 1375059316556285682 -1.1993408 -24.299622 -41.999817 
183326060811777 1375059316620128456 -1.1993408 -24.539185 -41.879272 
183326136929586 1375059316683391395 -1.1398315 -24.839783 -41.459656 
183326186128426 1375059316747295204 -1.3198853 -24.958801 -41.33911 
183326253578449 1375059316810527626 -1.3793945 -24.899292 -41.39862 
183326333908070 1375059316874400917 -1.3793945 -25.138855 -41.578674 
183326378681455 1375059316937694374 -1.4389038 -25.318909 -41.578674 
183326439630638 1375059317001537147 -1.3198853 -25.318909 -41.63971 
183326519319330 1375059317064922157 -1.2588501 -25.19989 -41.519165 
183326571600729 1375059317128703895 -1.1398315 -25.019836 -41.218567 
183326631908984 1375059317191966835 -1.1398315 -24.958801 -41.519165 
183326700915546 1375059317255931679 -1.0787964 -24.899292 -41.819763 
183326765984980 1375059317318431679 -0.8392334 -24.958801 -41.819763 
183326821104772 1375059317382945839 -0.6591797 -24.958801 -41.578674 
183326884312464 1375059317446208778 -0.6591797 -24.778748 -41.578674 
183326951579364 1375059317511058632 -0.8392334 -24.598694 -41.519165 
183327011521376 1375059317573375526 -0.8987427 -24.598694 -41.758728 
183327075186872 1375059317637218300 -1.2588501 -24.41864 -41.999817 
183327138425083 1375059317700481239 -1.2588501 -24.058533 -42.118835 
183327202639948 1375059317764385048 -1.3793945 -23.939514 -42.118835 
183327266549607 1375059317827617470 -1.5594482 -23.638916 -42.478943 
183327339523817 1375059317891490761 -1.9195557 -23.2193 -42.539978 
183327404257527 1375059317954814735 -2.0385742 -23.039246 -42.599487 
183327466915850 1375059318018718544 -1.979065 -22.918701 -42.77954 
183327556401583 1375059318081920448 -2.0996094 -22.979736 -42.658997 
183327583778357 1375059318145793739 -2.0385742 -23.039246 -42.718506 
183327647657496 1375059318209026161 -2.0385742 -23.15979 -42.77954 
183327719349851 1375059318272899452 -2.218628 -23.15979 -42.83905 
183327783442633 1375059318336192909 -2.218628 -23.278809 -42.658997 
183327838104620 1375059318400035682 -2.0996094 -23.339844 -42.599487 
183327901434392 1375059318463298622 -1.979065 -23.638916 -42.599487 
183327965374572 1375059318527587532 -2.1591187 -23.939514 -42.599487 
183328040607290 1375059318590819953 -2.0385742 -23.75946 -42.77954 
183328099786292 1375059318654723762 -2.1591187 -23.81897 -42.658997 
183328155699615 1375059318717986701 -2.0996094 -23.75946 -42.539978 
183328219883957 1375059318781982063 -2.0385742 -23.699951 -42.419434 
183328288676876 1375059318845428108 -2.0996094 -23.75946 -42.478943 
183328350694273 1375059318908996223 -1.9195557 -23.699951 -42.658997 
183328423393801 1375059318972381233 -1.9195557 -23.399353 -42.599487 
183328473966057 1375059319036101936 -1.7990112 -23.278809 -42.718506 
183328537448432 1375059319099486946 -1.8585205 -23.399353 -42.658997 
183328601144448 1375059319163299201 -1.7990112 -23.278809 -42.83905 
183328670639336 1375059319226562141 -1.9195557 -23.039246 -42.89856 
183328730123543 1375059319290404914 -1.979065 -23.098755 -43.019104 
183328797298882 1375059319353667854 -2.0996094 -23.039246 -42.83905 
183328859865644 1375059319417541145 -2.4597168 -23.098755 -42.718506 
183328932961937 1375059319480895637 -2.6397705 -23.098755 -42.718506 
183328982588062 1375059319544677375 -3.1799316 -22.918701 -42.539978 
183329047779577 1375059319607909797 -3.4194946 -22.918701 -42.359924 
183329109766453 1375059319671783088 -3.5385132 -22.918701 -42.419434 
183329173126746 1375059319735046028 -3.5385132 -23.15979 -42.478943 
183329238074101 1375059319798949836 -3.6590576 -22.979736 -42.478943 
183329309308649 1375059319862182258 -3.8986206 -23.15979 -42.419434 
183329367083713 1375059319926208137 -3.8391113 -23.098755 -42.599487 
183329427727693 1375059319989318489 -3.9596558 -23.098755 -42.658997 
183329496306971 1375059320053527473 -3.718567 -23.098755 -42.718506 
183329554784003 1375059320116576789 -3.779602 -22.918701 -42.83905 
183329620860609 1375059320180415793 -3.8986206 -22.918701 -42.83905 
183329681840313 1375059320243648214 -3.8986206 -22.979736 -42.539978 
183329750816356 1375059320307552023 -3.8391113 -23.039246 -42.478943 
183329820280723 1375059320370814963 -3.779602 -22.918701 -42.539978 
183329875675198 1375059320434718771 -3.8986206 -23.039246 -42.478943 
183329940103703 1375059320497951193 -3.718567 -23.278809 -42.359924 
183330000381439 1375059320561824484 -3.3599854 -23.399353 -42.29889 
183330067770423 1375059320625117941 -3.2989502 -23.579407 -42.23938 
183330142911579 1375059320689082785 -3.0593872 -23.81897 -42.118835 
183330190279196 1375059320752223654 -2.9388428 -23.81897 -42.118835 
183330254036253 1375059320816096945 -2.8198242 -24.119568 -42.23938 
183330317274465 1375059320879329367 -2.6992798 -24.41864 -42.23938 
183330386525192 1375059320943202658 -2.3391724 -24.598694 -41.999817 
183330453456367 1375059321006496115 -2.3986816 -24.598694 -41.879272 
183330508454078 1375059321070369406 -2.6397705 -24.958801 -41.819763 
183330571631248 1375059321133601828 -2.3391724 -25.318909 -41.758728 
183330639050751 1375059321197505636 -2.3986816 -25.559998 -41.578674 
183330708026793 1375059321261165304 -2.4597168 -25.91858 -41.39862 
183330762475136 1375059321324641867 -2.6397705 -26.519775 -41.159058 
183330831451179 1375059321387904806 -2.6397705 -26.519775 -41.038513 
183330899267445 1375059321451747580 -2.8793335 -26.69983 -40.979004 
183330953105384 1375059321515041037 -2.999878 -26.939392 -41.038513 
183331026110113 1375059321578914328 -3.0593872 -26.759338 -41.038513 
183331109705413 1375059321642146750 -3.3599854 -26.818848 -40.859985 
183331144071353 1375059321706020041 -3.4194946 -26.638794 -40.859985 
183331207492686 1375059321769313498 -3.5385132 -26.69983 -41.038513 
183331271402346 1375059321833156271 -3.5385132 -26.159668 -40.919495 
183331338180920 1375059321896419211 -3.5385132 -26.219177 -40.859985 
183331407675807 1375059321960414572 -3.479004 -25.979614 -40.979004 
183331462063112 1375059322023585959 -3.8986206 -25.79956 -40.73944 
183331525942251 1375059322087459250 -4.559326 -26.159668 -40.499878 
183331589241504 1375059322150691672 -4.8599243 -26.219177 -40.379333 
183331662795601 1375059322214625998 -5.4595947 -26.399231 -40.19928 
183331721181073 1375059322277827902 -5.6991577 -26.638794 -39.839172 
183331779719147 1375059322341731711 -5.9387207 -27.359009 -39.479065 
183331847657495 1375059322404994650 -6.1187744 -27.95868 -39.239502 
183331915687406 1375059322469142599 -6.059265 -28.678894 -39.05945 
183331977613241 1375059322532130881 -5.1589966 -29.3396 -38.69934 
183332042530073 1375059322596004172 -4.1397095 -29.759216 -38.519287 
183332104669552 1375059322659206076 -3.6590576 -30.239868 -38.038635 
183332167938284 1375059322723140402 -3.239441 -30.599976 -37.979126 
183332231908983 1375059322786403341 -3.2989502 -30.659485 -37.799072 
183332295330318 1375059322850215597 -3.1799316 -30.599976 -37.739563 
183332359117896 1375059322913509054 -3.0593872 -30.659485 -37.678528 
183332422386628 1375059322977412863 -2.8793335 -30.718994 -37.55951 
183332485991083 1375059323040767355 -3.0593872 -30.778503 -37.85858 
183332552128730 1375059323104518576 -3.1799316 -30.659485 -37.85858 
183332611857100 1375059323167812033 -2.9388428 -30.958557 -38.038635 
183332672317957 1375059323231654806 -2.4597168 -30.958557 -37.919617 
183332744407077 1375059323295039816 -1.979065 -31.019592 -37.919617 
183332807218003 1375059323359237247 -1.3793945 -31.13861 -37.919617 
183332861605305 1375059323422378116 -0.8392334 -31.13861 -38.038635 
183332924202590 1375059323486251407 -0.53863525 -31.259155 -37.979126 
183332987562882 1375059323549575382 -0.4196167 -31.019592 -37.678528 
183333057301933 1375059323613570743 -0.35858154 -31.199646 -37.5 
183333116786138 1375059323676650577 -0.35858154 -31.019592 -37.379456 
183333178345730 1375059323740523868 -0.17852783 -31.079102 -37.438965 
183333247169170 1375059323803786808 0.119018555 -31.079102 -37.5 
183333310163218 1375059323867843204 0.17852783 -30.899048 -37.5 
183333368762334 1375059323930953556 0.119018555 -30.899048 -37.379456 
183333475308953 1375059323994826847 0.23956299 -30.899048 -37.25891 
183333544193434 1375059324058394962 0.5996704 -31.259155 -37.139893 
183333624858777 1375059324121932560 0.95977783 -31.079102 -36.95984 
183333659499399 1375059324185226017 1.3198853 -31.13861 -36.95984 
183333724019467 1375059324249099308 1.5594482 -31.13861 -36.898804 
183333790798042 1375059324312331729 1.6799927 -31.498718 -36.839294 
183333824736695 1375059324376235538 1.739502 -31.619263 -36.479187 
183333877445379 1375059324439498478 1.979065 -31.91986 -36.299133 
183333943583025 1375059324503371769 1.979065 -32.159424 -36.299133 
183334004684812 1375059324566634708 1.9195557 -32.218933 -36.239624 
183334069265919 1375059324630507999 1.979065 -32.398987 -36.358643 
183334146543503 1375059324693740421 1.9195557 -32.57904 -35.998535 
183334197115759 1375059324757705265 1.979065 -32.759094 -35.879517 
183334267434696 1375059324820907169 2.279663 -32.699585 -35.639954 
183334337021145 1375059324884780460 2.6397705 -33.059692 -35.639954 
183334418541060 1375059324948073917 2.8198242 -33.17871 -35.758972 
183334449824441 1375059325012189943 3.0593872 -32.939148 -35.51941 
183334511628196 1375059325074018557 3.2989502 -32.939148 -35.398865 
183334576972313 1375059325139295656 3.479004 -33.1192 -35.21881 
183334640637809 1375059325202589113 3.5995483 -33.299255 -35.4599 
183334706867019 1375059325267286379 3.718567 -33.358765 -35.51941 
183334767633079 1375059325329816897 3.6590576 -33.47931 -35.51941 
183334833618124 1375059325393720705 3.3599854 -33.4198 -35.639954 
183334902380523 1375059325456861574 3.2989502 -33.239746 -35.339355 
183334960064026 1375059325520826418 3.4194946 -33.4198 -35.339355 
183335021837261 1375059325583997805 3.4194946 -33.4198 -35.4599 
183335086601490 1375059325647840578 3.2989502 -33.4198 -35.51941 
183335149290335 1375059325711103518 3.479004 -33.358765 -35.51941 
183335212772710 1375059325775007326 3.6590576 -33.358765 -35.339355 
183335275980400 1375059325838254352 3.718567 -33.358765 -35.339355 
183335339829020 1375059325902097125 4.019165 -33.299255 -35.57892 
183335403311394 1375059325965390582 4.1992188 -33.47931 -35.639954 
183335471982232 1375059326029263873 4.0786743 -33.599854 -35.699463 
183335538089359 1375059326092496295 4.0786743 -33.599854 -35.639954 
183335596810554 1375059326156400104 4.019165 -33.599854 -35.639954 
183335657607137 1375059326219632526 4.019165 -33.53882 -35.57892 
183335720723266 1375059326282712360 4.1397095 -33.47931 -35.758972 
183335785640099 1375059326346768756 4.0786743 -33.4198 -35.639954 
183335848634147 1375059326410672565 4.1397095 -33.47931 -35.398865 
183335914771793 1375059326475552936 4.0786743 -33.17871 -35.279846 
183335976697630 1375059326537778277 4.258728 -32.939148 -35.21881 
183336045368467 1375059326601102252 4.4387817 -32.998657 -35.398865 
183336102868849 1375059326664914508 4.6188354 -32.87964 -35.4599 
183336166870070 1375059326728177447 4.4387817 -32.998657 -35.398865 
183336230291404 1375059326792081256 4.4387817 -32.87964 -35.21881 
183336295879684 1375059326855344195 4.499817 -32.939148 -35.339355 
183336357195111 1375059326919186969 4.499817 -33.1192 -35.339355 
183336420494364 1375059326982480426 4.3792725 -33.53882 -35.339355 
183336489531446 1375059327046353717 4.319763 -33.779907 -35.339355 
183336547642235 1375059327109586139 4.1397095 -33.95996 -35.279846 
183336611521375 1375059327173459430 4.1397095 -34.199524 -35.099792 
183336677414859 1375059327236752887 4.4387817 -34.07898 -35.099792 
183336738516643 1375059327300595660 4.3792725 -34.318542 -35.21881 
183336805386779 1375059327363889117 4.3792725 -34.67865 -35.038757 
183336972058532 1375059327427762408 4.319763 -34.61914 -34.799194 
183336977796362 1375059327491237780 4.3792725 -34.379578 -34.91974 
183337024370451 1375059327555141589 4.4387817 -34.199524 -34.67865 
183337144895401 1375059327618404528 4.3792725 -34.13849 -34.498596 
183337156493142 1375059327682247302 4.319763 -34.199524 -34.379578 
183337247443853 1375059327745540759 4.019165 -34.259033 -34.379578 
183337337295829 1375059327812282702 3.9596558 -34.13849 -34.318542 
183337379291860 1375059327873348376 3.8986206 -33.898926 -34.439087 
183337386250505 1375059327935299060 3.6590576 -33.898926 -34.55963 
183337439050751 1375059328000789782 3.479004 -33.898926 -34.979248 
183337502563645 1375059328064449450 3.5385132 -34.01947 -35.038757 
183337565801856 1375059328127651354 3.4194946 -34.07898 -35.339355 
183337629467353 1375059328191524645 3.1188965 -33.779907 -35.51941 
183337693163370 1375059328254757067 3.1188965 -33.659363 -35.758972 
183337758599049 1375059328318032592 3.0593872 -33.4198 -35.998535 
183337820463843 1375059328381966918 2.8793335 -33.17871 -35.998535 
183337883885177 1375059328445840209 2.8198242 -33.17871 -36.239624 
183337967541517 1375059328509621947 2.8198242 -32.998657 -35.998535 
183338046192518 1375059328573312133 2.279663 -32.759094 -36.11908 
183338097222580 1375059328634957640 1.979065 -32.51953 -36.17859 
183338171844890 1375059328700112670 1.739502 -32.51953 -36.17859 
183338226018550 1375059328763375609 1.499939 -32.699585 -36.11908 
183338308270956 1375059328827248900 1.1993408 -32.759094 -36.11908 
183338340317346 1375059328890511840 1.0192871 -32.818604 -36.239624 
183338395894944 1375059328954720824 0.8987427 -32.759094 -35.939026 
183338460201367 1375059329017953246 0.8987427 -32.818604 -35.81848 
183338524019468 1375059329081551879 1.1398315 -32.998657 -35.639954 
183338585334895 1375059329143563597 1.6189575 -33.239746 -35.21881 
183338707172220 1375059329208657592 2.218628 -33.599854 -35.099792 
183338719136206 1375059329271920531 2.6992798 -33.779907 -34.91974 
183338780421114 1375059329335793822 3.479004 -34.07898 -34.61914 
183338840668331 1375059329399361937 4.019165 -34.379578 -34.259033 
183338926888382 1375059329463052123 4.6188354 -34.61914 -34.199524 
183338980634757 1375059329526254027 4.978943 -34.799194 -34.01947 
183339028460180 1375059329590066283 5.3985596 -34.799194 -33.839417 
183339091759432 1375059329653359740 5.4595947 -34.739685 -33.95996 
183339156584705 1375059329718118041 5.218506 -34.67865 -33.898926 
183339218815744 1375059329780801146 5.039978 -34.379578 -33.95996 
183339282816964 1375059329844491332 4.3792725 -34.07898 -34.07898 
183339345994135 1375059329907871273 3.9596558 -33.839417 -34.318542 
183339409537549 1375059329969821956 3.4194946 -33.53882 -34.439087 
183339473111487 1375059330034885433 3.0593872 -33.299255 -35.099792 
183339536715942 1375059330098850277 2.5787354 -33.1192 -35.639954 
183339600472999 1375059330162052181 2.0385742 -33.1192 -36.17859 
183339664504740 1375059330226200130 1.8585205 -32.63855 -36.479187 
183339727651390 1375059330289157894 1.3793945 -32.51953 -36.71875 
183339791286367 1375059330352481868 1.0787964 -32.398987 -37.01935 
183339855287587 1375059330416324642 0.8392334 -32.218933 -37.438965 
183339923866864 1375059330480167415 0.53863525 -32.099915 -37.61902 
183339982465979 1375059330544132259 0.35858154 -31.858826 -37.678528 
183340049946524 1375059330607639339 0.119018555 -31.619263 -37.678528 
183340113184734 1375059330670566585 0.0 -31.559753 -37.438965 
183340172668940 1375059330734544037 -0.17852783 -31.559753 -37.61902 
183340235876632 1375059330797806976 0.0 -31.678772 -37.55951 
183340301037626 1375059330861680267 -0.119018555 -31.3797 -37.55951 
183340373340388 1375059330924973724 -0.119018555 -31.199646 -37.319946 
183340433557084 1375059330989060638 -0.29907227 -31.079102 -37.379456 
183340493804298 1375059331052109955 -0.53863525 -31.199646 -37.25891 
183340554051513 1375059331115983246 -0.8392334 -31.199646 -37.379456 
183340616252032 1375059331178086517 -1.0192871 -31.079102 -37.438965 
183340682114995 1375059331243058441 -1.499939 -31.019592 -37.438965 
183340744407076 1375059331306351898 -1.9195557 -30.899048 -37.55951 
183340808408296 1375059331370194672 -1.9195557 -31.3797 -37.739563 
183340879459723 1375059331433793304 -2.1591187 -31.619263 -38.09967 
183340939554335 1375059331497483490 -2.1591187 -31.678772 -38.339233 
183340998733337 1375059331560593842 -2.279663 -31.559753 -38.339233 
183341062734559 1375059331624467133 -2.0996094 -31.799316 -38.459778 
183341126064331 1375059331687760590 -1.9195557 -31.799316 -38.398743 
183341191988337 1375059331752640961 -1.739502 -31.799316 -38.279724 
183341257454534 1375059331815201996 -1.5594482 -31.739807 -38.15918 
183341316999780 1375059331878770111 -1.5594482 -31.3797 -37.979126 
183341384755008 1375059331942063568 -1.3793945 -31.199646 -37.739563 
183341442560592 1375059332004197357 -1.4389038 -31.318665 -37.379456 
183341507599506 1375059332069138763 -1.0787964 -31.498718 -37.379456 
183341572852062 1375059332133042572 -0.8392334 -31.439209 -37.1994 
183341638135138 1375059332196305511 -0.71868896 -31.439209 -37.139893 
183341698687558 1375059332260483978 -0.4196167 -31.559753 -37.1994 
183341761651085 1375059332323558720 -0.29907227 -31.619263 -37.01935 
183341825438664 1375059332387004765 0.059509277 -31.799316 -36.898804 
183341887852825 1375059332449352177 0.29907227 -32.03888 -36.839294 
183341951152078 1375059332513286504 0.6591797 -32.159424 -36.779785 
183342016862439 1375059332576518925 1.0192871 -32.339478 -36.65924 
183342078330469 1375059332640697392 1.2588501 -32.699585 -36.17859 
183342142118047 1375059332703655156 1.9195557 -32.87964 -35.998535 
183342205173136 1375059332767497929 2.1591187 -32.998657 -35.758972 
183342273508249 1375059332830791386 2.4597168 -33.239746 -35.758972 
183342341995966 1375059332894664677 2.6992798 -33.47931 -35.699463 
183342396444309 1375059332957897099 2.8198242 -33.599854 -35.57892 
183342459529920 1375059333021831425 2.8793335 -33.53882 -35.4599 
183342524080507 1375059333085063847 2.8793335 -33.299255 -35.398865 
183342590553879 1375059333148982300 2.758789 -33.059692 -35.758972 
183342660231888 1375059333212245239 2.3986816 -32.939148 -35.998535 
183342713947743 1375059333276149048 2.279663 -32.818604 -36.17859 
183342777735321 1375059333339381470 2.218628 -32.57904 -36.419678 
183342842346950 1375059333403254761 2.1591187 -32.57904 -36.65924 
183342913581500 1375059333466670288 2.0996094 -32.51953 -36.71875 
183342974805366 1375059333530421509 2.0996094 -32.398987 -37.01935 
183343033465522 1375059333593684448 1.979065 -32.398987 -37.01935 
183343095788122 1375059333657557739 1.7990112 -32.27997 -37.01935 
183343158629568 1375059333720820679 1.5594482 -32.159424 -36.898804 
183343231420656 1375059333784663452 1.1398315 -32.03888 -36.898804 
183343287913866 1375059333848262085 0.7797241 -31.91986 -36.839294 
183343350419588 1375059333911921753 0.4196167 -31.799316 -36.779785 
183343413077912 1375059333975093140 0.059509277 -31.559753 -36.839294 
183343475156351 1375059334037410034 -0.29907227 -31.619263 -36.71875 
183343545475288 1375059334102259888 -0.53863525 -31.619263 -36.779785 
183343604043883 1375059334166102661 -0.8392334 -31.559753 -37.139893 
183343684129339 1375059334230403198 -0.8392334 -31.678772 -36.95984 
183343731527478 1375059334293238892 -0.6591797 -31.739807 -37.078857 
183343801968497 1375059334356471313 -0.53863525 -31.799316 -37.01935 
183343859194195 1375059334420375122 -0.53863525 -31.559753 -37.01935 
183343923958425 1375059334483760132 -0.4196167 -31.739807 -36.95984 
183343985731659 1375059334547480835 -0.29907227 -31.858826 -37.01935 
183344048603625 1375059334610743774 -0.29907227 -32.03888 -36.95984 
183344112971092 1375059334674678100 0.119018555 -32.159424 -36.65924 
183344176361904 1375059334737910522 0.47912598 -32.218933 -36.779785 
183344242926836 1375059334801871584 0.71868896 -32.159424 -36.839294 
183344303021450 1375059334865195558 0.6591797 -32.27997 -36.779785 
183344380543197 1375059334929007814 1.1398315 -32.57904 -36.65924 
183344430810249 1375059334992301271 1.1993408 -32.339478 -36.479187 
183344493834817 1375059335056174562 1.3793945 -32.218933 -36.299133 
183344557103549 1375059335119437502 1.5594482 -32.218933 -36.239624 
183344621104770 1375059335183280275 1.739502 -32.398987 -36.05957 
183344683763095 1375059335245658205 1.739502 -32.339478 -35.879517 
183344751396240 1375059335310416506 1.6799927 -32.458496 -35.57892 
183344811796057 1375059335373709963 1.979065 -32.699585 -35.639954 
183344877994744 1375059335439048097 1.979065 -32.818604 -35.398865 
183344938669244 1375059335500815676 2.0996094 -33.239746 -35.339355 
183345004410128 1375059335564688967 2.279663 -33.47931 -35.398865 
183345072073792 1375059335628025205 2.4597168 -33.299255 -35.4599 
183345129574174 1375059335691898496 2.4597168 -33.239746 -35.57892 
183345192812385 1375059335755161436 2.519226 -33.4198 -35.699463 
183345256813606 1375059335819065244 2.6397705 -33.659363 -35.4599 
183345320265461 1375059335882328184 2.8793335 -33.53882 -35.279846 
183345385762179 1375059335946201475 3.0593872 -33.599854 -35.339355 
183345448023739 1375059336009433896 3.3599854 -33.599854 -35.51941 
183345511078827 1375059336073337705 3.3599854 -33.4198 -35.339355 
183345596993675 1375059336136600645 3.3599854 -33.53882 -34.979248 
183345663741731 1375059336200443418 3.2989502 -33.53882 -34.799194 
183345732473608 1375059336263736875 3.3599854 -33.599854 -34.739685 
183345799801550 1375059336327579648 3.4194946 -33.53882 -34.858704 
183345866549605 1375059336390842588 3.1188965 -33.53882 -34.91974 
183345935189922 1375059336454563291 2.8198242 -33.53882 -34.979248 
183346005234177 1375059336518009336 2.6992798 -33.4198 -34.858704 
183346075614155 1375059336581882627 2.758789 -33.47931 -34.979248 
183346138882886 1375059336645115049 2.9388428 -33.53882 -35.1593 
183346201388610 1375059336708988340 2.999878 -33.53882 -34.979248 
183346241065094 1375059336772586973 2.758789 -33.299255 -34.799194 
183346303570816 1375059336836124570 2.758789 -33.17871 -34.979248 
183346376087221 1375059336899418027 2.9388428 -33.17871 -34.979248 
183346421013209 1375059336963260801 2.8198242 -33.1192 -35.038757 
183346476163523 1375059337026523740 2.8198242 -33.239746 -35.038757 
183346534152230 1375059337090458066 2.8198242 -33.239746 -35.099792 
183346604013362 1375059337153690488 2.3391724 -33.239746 -34.979248 
183346667984062 1375059337217683691 2.4597168 -33.4198 -35.279846 
183346741080353 1375059337280977148 2.758789 -33.718872 -35.1593 
183346794552047 1375059337344850439 2.8793335 -33.898926 -34.91974 
183346935922411 1375059337408082861 2.8793335 -34.13849 -34.858704 
183346943033658 1375059337471986669 3.239441 -34.199524 -34.799194 
183347021379453 1375059337535219091 3.3599854 -34.199524 -34.91974 
183347065298269 1375059337599092382 3.3599854 -34.379578 -34.799194 
183347127040983 1375059337664674658 3.5995483 -34.498596 -34.799194 
183347206760195 1375059337727571386 3.3599854 -34.55963 -34.67865 
183347252723876 1375059337790864843 3.0593872 -34.439087 -34.67865 
183347294597826 1375059337856447118 2.8793335 -34.379578 -34.858704 
183347357469793 1375059337918275732 2.758789 -34.259033 -34.979248 
183347420585924 1375059337982118505 2.4597168 -34.199524 -34.91974 
183347495116673 1375059338045424786 2.3986816 -34.199524 -34.739685 
183347548222121 1375059338107741681 2.3391724 -34.199524 -34.67865 
183347614359767 1375059338172377911 2.3986816 -34.259033 -34.858704 
183347692949728 1375059338236220685 2.5787354 -34.259033 -34.67865 
183347742697934 1375059338299514142 2.758789 -34.318542 -34.739685 
183347801541211 1375059338363692609 2.9388428 -34.318542 -34.739685 
183347867709378 1375059338426687067 2.9388428 -34.318542 -34.55963 
183347928658563 1375059338490499323 3.1799316 -34.498596 -34.55963 
183347991988335 1375059338553792780 3.1799316 -34.55963 -34.379578 
183348061971548 1375059338617666071 3.1799316 -34.55963 -34.379578 
183348123164895 1375059338682058161 3.2989502 -34.498596 -34.199524 
183348186860912 1375059338745137995 3.3599854 -34.498596 -34.439087 
183348249977043 1375059338808095759 3.479004 -34.439087 -34.67865 
183348314619191 1375059338872121638 3.5995483 -34.61914 -34.55963 
183348375659935 1375059338933309382 3.6590576 -34.55963 -34.61914 
183348437219526 1375059338999074763 3.5995483 -34.379578 -34.55963 
183348500885024 1375059339062337702 3.479004 -34.379578 -34.858704 
183348605020534 1375059339126210993 3.5385132 -34.439087 -34.91974 
183348667251573 1375059339189473933 3.239441 -34.67865 -35.099792 
183348734091189 1375059339253512769 3.2989502 -34.61914 -34.858704 
183348809079744 1375059339316073804 3.3599854 -34.379578 -34.61914 
183348853181681 1375059339380526929 3.1188965 -34.259033 -34.61914 
183348902807806 1375059339443789869 3.1188965 -34.379578 -34.61914 
183348972577378 1375059339508548169 2.9388428 -34.318542 -34.67865 
183349040820931 1375059339571200757 3.239441 -34.318542 -34.61914 
183349109186564 1375059339634799390 3.239441 -34.379578 -34.61914 
183349175232650 1375059339698092847 3.479004 -34.07898 -34.67865 
183349234961018 1375059339761935621 3.3599854 -34.07898 -34.858704 
183349292949726 1375059339825198560 3.2989502 -34.199524 -35.038757 
183349350633231 1375059339889071851 3.3599854 -34.318542 -35.1593 
183349435296744 1375059339952670484 3.3599854 -34.379578 -35.21881 
183349465633993 1375059340016208081 3.479004 -34.439087 -35.398865 
183349518739441 1375059340079532056 3.4194946 -34.318542 -35.398865 
183349580604237 1375059340142123609 3.5385132 -34.07898 -35.4599 
183349644880140 1375059340206607251 3.4194946 -34.01947 -35.339355 
183349708820320 1375059340270480542 3.2989502 -33.898926 -35.398865 
183349797939807 1375059340333712964 2.519226 -33.779907 -35.398865 
183349841980704 1375059340397952466 2.1591187 -33.659363 -35.4599 
183349928505959 1375059340460910230 1.7990112 -33.47931 -35.639954 
183349964855723 1375059340524783521 1.3793945 -33.358765 -35.699463 
183350026384794 1375059340588015943 1.0787964 -33.358765 -35.939026 
183350090233412 1375059340651919751 0.71868896 -33.239746 -35.939026 
183350154600879 1375059340716403394 0.29907227 -33.1192 -36.05957 
183350217320243 1375059340779361158 0.059509277 -33.1192 -36.05957 
183350284159860 1375059340842466183 0.35858154 -32.998657 -36.05957 
183350349626058 1375059340906339474 0.23956299 -32.818604 -35.939026 
183350406119267 1375059340967832394 0.4196167 -32.759094 -35.879517 
183350475186870 1375059341033506222 0.4196167 -32.63855 -35.939026 
183350535159401 1375059341096738644 0.35858154 -32.51953 -35.879517 
183350598550214 1375059341160611935 0.17852783 -32.398987 -35.939026 
183350662429354 1375059341224210567 0.23956299 -32.398987 -35.81848 
183350729452091 1375059341287778683 0.23956299 -32.218933 -35.939026 
183350793026027 1375059341350522823 0.29907227 -32.339478 -35.81848 
183350853792088 1375059341415799923 0.35858154 -32.458496 -35.939026 
183350914985436 1375059341476865597 0.23956299 -32.398987 -35.998535 
183350978437289 1375059341540708370 0.23956299 -32.57904 -35.81848 
183351042133307 1375059341604368038 0.23956299 -32.57904 -35.879517 
183351105463079 1375059341667889674 0.23956299 -32.63855 -35.879517 
183351171631245 1375059341731183131 0.29907227 -32.699585 -35.879517 
183351243232039 1375059341795056422 0.119018555 -32.818604 -35.879517 
183351295940723 1375059341858288844 0.23956299 -32.87964 -35.998535 
183351359850382 1375059341922223170 0.47912598 -32.87964 -35.758972 
183351426110112 1375059341986249049 0.47912598 -32.87964 -35.699463 
183351489165200 1375059342049298366 0.29907227 -32.998657 -35.81848 
183351553776828 1375059342112591823 0.17852783 -33.059692 -35.639954 
183351614695492 1375059342176465114 0.119018555 -33.1192 -35.699463 
183351677536938 1375059342239697535 -0.059509277 -32.939148 -35.81848 
183351741995964 1375059342303601344 -0.29907227 -33.059692 -35.879517 
183351804776371 1375059342366864283 -0.8392334 -32.939148 -35.699463 
183351868716550 1375059342430707057 -1.3198853 -32.818604 -35.81848 
183351931710599 1375059342494000514 -1.739502 -32.759094 -36.11908 
183351996017023 1375059342557873805 -1.979065 -32.759094 -35.998535 
183352058858471 1375059342621106227 -2.1591187 -32.57904 -35.998535 
183352122707089 1375059342684979518 -2.279663 -32.759094 -35.81848 
183352185975821 1375059342748272975 -2.279663 -32.939148 -35.699463 
183352253822609 1375059342812115748 -2.3391724 -32.939148 -35.699463 
183352318464757 1375059342875439723 -2.279663 -32.939148 -35.758972 
183352377430116 1375059342939282496 -2.3391724 -32.87964 -35.81848 
183352438867626 1375059343000866969 -2.1591187 -32.998657 -35.57892 
183352513123692 1375059343066388209 -1.7990112 -33.059692 -35.57892 
183352581886091 1375059343129681666 -1.9195557 -33.1192 -35.699463 
183352632671990 1375059343194745143 -1.979065 -33.17871 -35.51941 
183352697344660 1375059343256787379 -2.0385742 -33.17871 -35.4599 
183352762688777 1375059343320842585 -1.6189575 -33.1192 -35.4599 
183352821867780 1375059343384075007 -1.3198853 -33.17871 -35.398865 
183352885746918 1375059343447948298 -1.0192871 -33.358765 -35.279846 
183352949168251 1375059343511241755 -0.7797241 -33.299255 -35.279846 
183353013016870 1375059343575115046 -0.7797241 -33.239746 -35.1593 
183353077323295 1375059343638347468 -0.35858154 -33.299255 -35.038757 
183353145231125 1375059343702220759 -0.23956299 -33.17871 -35.038757 
183353217778049 1375059343765514216 0.119018555 -33.299255 -35.099792 
183353267312613 1375059343829356989 -0.059509277 -33.358765 -35.1593 
183353333328179 1375059343892619929 -0.119018555 -33.17871 -35.099792 
183353394613086 1375059343956523737 -0.119018555 -33.358765 -35.279846 
183353463436526 1375059344019756159 -0.35858154 -33.358765 -35.339355 
183353524843515 1375059344083629450 -0.53863525 -33.4198 -35.398865 
183353592598742 1375059344146937704 -0.8392334 -33.239746 -35.51941 
183353647504891 1375059344209834433 -1.1993408 -33.299255 -35.939026 
183353723988944 1375059344274104453 -1.3793945 -33.17871 -35.939026 
183353775720976 1375059344337947226 -1.5594482 -33.1192 -35.998535 
183353839203350 1375059344401210165 -1.739502 -33.1192 -36.239624 
183353903113010 1375059344465144492 -1.979065 -33.1192 -36.17859 
183353975110567 1375059344528376913 -2.0385742 -33.059692 -35.998535 
183354037677332 1375059344592341757 -1.8585205 -32.939148 -35.998535 
183354098107668 1375059344655482626 -1.9195557 -33.1192 -35.939026 
183354164794682 1375059344719386435 -1.8585205 -33.239746 -35.81848 
183354225835427 1375059344782618857 -2.0385742 -33.239746 -35.879517 
183354290904861 1375059344846492148 -1.7990112 -33.299255 -35.758972 
183354354173593 1375059344909755087 -1.7990112 -33.358765 -35.758972 
183354411796055 1375059344973811484 -1.739502 -33.358765 -35.51941 
183354474942706 1375059345036891318 -1.8585205 -33.599854 -35.639954 
183354538730284 1375059345100764609 -2.218628 -33.779907 -35.879517 
183354601999016 1375059345164058066 -2.1591187 -33.718872 -35.939026 
183354665878156 1375059345227900839 -2.0996094 -33.47931 -35.758972 
183354736441257 1375059345291194296 -2.0385742 -33.599854 -35.758972 
183354799343743 1375059345355067587 -2.218628 -33.599854 -35.699463 
183354860781253 1375059345418116904 -2.1591187 -33.599854 -35.57892 
183354920814827 1375059345482173300 -2.1591187 -33.358765 -35.758972 
183354983320548 1375059345545466757 -2.1591187 -33.239746 -35.699463 
183355060323448 1375059345609401083 -2.0996094 -33.299255 -35.4599 
183355111139867 1375059345672602988 -2.1591187 -33.4198 -35.4599 
183355175659934 1375059345736476279 -2.0385742 -33.599854 -35.398865 
183355237555251 1375059345799859773 -2.279663 -33.47931 -35.279846 
183355301495430 1375059345863733064 -2.1591187 -33.4198 -35.099792 
183355367907760 1375059345927026521 -2.3986816 -33.4198 -35.099792 
183355457576614 1375059345990899812 -2.3986816 -33.47931 -35.038757 
183355491820471 1375059346054132234 -2.279663 -33.47931 -35.21881 
183355555669092 1375059346118036042 -2.279663 -33.299255 -35.279846 
183355618998863 1375059346181298982 -2.4597168 -33.299255 -35.339355 
183355683000084 1375059346245141755 -2.279663 -33.239746 -35.21881 
183355746299336 1375059346308435212 -2.218628 -33.299255 -35.1593 
183355810270036 1375059346372308503 -2.1591187 -33.299255 -35.279846 
183355876255083 1375059346435540925 -1.979065 -33.17871 -35.21881 
183355937173745 1375059346499444734 -1.9195557 -32.998657 -35.099792 
183356008316733 1375059346562707673 -1.7990112 -32.87964 -34.799194 
183356066244400 1375059346627968923 -1.6799927 -33.059692 -34.739685 
183356129391050 1375059346691292898 -1.3198853 -32.998657 -34.799194 
183356193300710 1375059346755166189 -1.1398315 -32.998657 -34.858704 
183356257454532 1375059346818398611 -0.8392334 -33.1192 -34.799194 
183356324843515 1375059346882607595 -0.6591797 -33.1192 -34.799194 
183356387044034 1375059346945534841 -0.35858154 -33.299255 -34.91974 
183356447565931 1375059347009408132 -0.29907227 -33.4198 -35.099792 
183356509400207 1375059347071273528 -0.119018555 -33.47931 -35.339355 
183356574988486 1375059347136581145 0.059509277 -33.17871 -35.21881 
183356642713192 1375059347199844084 0.119018555 -33.17871 -34.979248 
183356705157875 1375059347263717375 0.119018555 -33.17871 -34.858704 
183356766809027 1375059347327285490 0.23956299 -33.1192 -34.858704 
183356829070587 1375059347390884123 0.23956299 -33.299255 -34.55963 
183356892186716 1375059347454024992 0.119018555 -33.17871 -34.498596 
183356956218458 1375059347518020354 -0.119018555 -33.4198 -34.379578 
183357022386625 1375059347581252776 -0.119018555 -33.53882 -34.318542 
183357083976736 1375059347645889006 0.0 -34.01947 -34.318542 
183357150389065 1375059347708724699 -0.17852783 -34.199524 -34.259033 
183357210819405 1375059347772292815 -0.47912598 -34.498596 -34.318542 
183357273996575 1375059347835690590 -0.8392334 -34.498596 -34.318542 
183357337723111 1375059347899441811 -0.95977783 -34.498596 -34.379578 
183357405142614 1375059347962704750 -1.1993408 -34.739685 -34.379578 
183357464840462 1375059348026639076 -1.3198853 -34.67865 -34.318542 
183357528780644 1375059348089871498 -1.739502 -34.61914 -34.318542 
183357592354579 1375059348154019447 -2.0996094 -34.318542 -34.199524 
183357655379147 1375059348217007728 -2.0996094 -34.318542 -34.199524 
183357718403716 1375059348280118080 -2.3391724 -34.07898 -34.01947 
183357782313375 1375059348344113441 -2.3986816 -34.13849 -34.07898 
183357846253557 1375059348407986732 -2.6992798 -34.199524 -34.13849 
183357924355189 1375059348471707436 -2.5787354 -34.199524 -34.01947 
183357973492988 1375059348535580727 -2.279663 -34.439087 -34.01947 
183358036670159 1375059348598385902 -1.8585205 -34.498596 -33.95996 
183358100701900 1375059348662259193 -1.6189575 -34.739685 -33.95996 
183358164581040 1375059348725522133 -1.499939 -34.799194 -33.95996 
183358227880292 1375059348789425941 -0.95977783 -35.038757 -34.07898 
183358291118502 1375059348852688881 -0.47912598 -35.1593 -34.01947 
183358355211285 1375059348916867348 0.119018555 -35.339355 -33.898926 
183358418205333 1375059348979825111 0.47912598 -35.51941 -33.898926 
183358481748749 1375059349043728920 0.5996704 -35.4599 -33.898926 
183358544010307 1375059349105649086 0.71868896 -35.4599 -33.659363 
183358609262864 1375059349170834633 0.7797241 -35.4599 -33.779907 
183358672531596 1375059349234067055 0.7797241 -35.57892 -33.659363 
183358736410736 1375059349297970863 0.47912598 -35.51941 -33.839417 
183358799496345 1375059349361508461 0.119018555 -35.4599 -33.839417 
183358863528087 1375059349425137611 -0.119018555 -35.279846 -34.13849 
183358931222273 1375059349488487037 -0.4196167 -35.099792 -34.07898 
183358991530528 1375059349552360328 -0.71868896 -35.1593 -34.199524 
183359053944689 1375059349615653785 -1.1993408 -35.1593 -34.498596 
183359118525798 1375059349680351050 -1.1993408 -34.91974 -34.259033 
183359181000999 1375059349743064673 -1.1398315 -34.858704 -34.318542 
183359245460026 1375059349806693824 -0.8987427 -34.91974 -34.318542 
183359308331992 1375059349869956763 -0.53863525 -34.739685 -34.259033 
183359371936448 1375059349931876929 -0.47912598 -34.799194 -34.259033 
183359435449344 1375059349997031958 -0.35858154 -34.799194 -34.318542 
183359498931718 1375059350060996802 -0.059509277 -34.67865 -34.199524 
183359562566696 1375059350124168189 0.4196167 -34.979248 -34.259033 
183359626812079 1375059350188346656 0.4196167 -34.979248 -34.498596 
183359693254928 1375059350251378101 0.4196167 -34.91974 -34.55963 
183359753013819 1375059350314641041 0.4196167 -34.979248 -34.498596 
183359815550061 1375059350377293629 0.4196167 -35.099792 -34.67865 
183359879520761 1375059350441075367 0.6591797 -34.979248 -34.379578 
183359942148566 1375059350504307789 0.7797241 -35.038757 -34.13849 
183360006638111 1375059350568516773 0.6591797 -35.038757 -34.07898 
183360075583634 1375059350631474537 0.71868896 -35.038757 -33.839417 
183360134915237 1375059350695347828 0.71868896 -35.279846 -33.599854 
183360198977499 1375059350758610767 1.0192871 -35.51941 -33.4198 
183360262459873 1375059350822484058 1.0192871 -35.4599 -33.239746 
183360324416229 1375059350885716480 1.0192871 -35.51941 -33.17871 
183360387654441 1375059350949559254 0.95977783 -35.699463 -33.17871 
183360454616137 1375059351012883228 0.95977783 -35.758972 -33.1192 
183360516328330 1375059351076756519 1.0787964 -35.939026 -33.239746 
183360578864573 1375059351140019459 0.95977783 -35.81848 -33.17871 
183360641980702 1375059351203892750 1.1398315 -35.81848 -33.239746 
183360710590501 1375059351267125172 0.8987427 -35.699463 -33.17871 
183360769098054 1375059351330998463 0.95977783 -35.758972 -33.1192 
183360834320090 1375059351394291920 1.0192871 -35.81848 -32.939148 
183360896032282 1375059351458134693 1.2588501 -35.699463 -32.87964 
183360959239975 1375059351521428150 1.3198853 -35.879517 -32.87964 
183361023119113 1375059351585301441 1.739502 -35.998535 -32.63855 
183361086509926 1375059351648533863 1.9195557 -36.11908 -32.57904 
183361150694269 1375059351712407154 1.8585205 -36.11908 -32.398987 
183361213993521 1375059351776005787 2.0996094 -36.239624 -32.398987 
183361281199383 1375059351839634937 2.279663 -36.299133 -32.51953 
183361340561506 1375059351902927070 2.4597168 -36.299133 -32.398987 
183361406760194 1375059351965060859 2.5787354 -36.538696 -32.398987 
183361472409515 1375059352030093818 2.758789 -36.419678 -32.51953 
183361533724942 1375059352094089179 2.6397705 -36.11908 -32.51953 
183361597390440 1375059352158023506 2.6397705 -35.939026 -32.51953 
183361659590958 1375059352221072822 2.6992798 -35.998535 -32.458496 
183361723897383 1375059352284335761 2.6992798 -35.699463 -32.699585 
183361786708308 1375059352348209052 2.519226 -35.758972 -32.51953 
183361849427674 1375059352411502510 2.3391724 -35.699463 -32.57904 
183361913276294 1375059352475345283 2.218628 -35.57892 -32.63855 
183361976728147 1375059352538638740 2.0996094 -35.57892 -32.57904 
183362040485206 1375059352602512031 2.0385742 -35.939026 -32.63855 
183362103692896 1375059352665774970 2.1591187 -36.11908 -32.57904 
183362167510994 1375059352729693444 2.218628 -36.239624 -32.57904 
183362232122622 1375059352792986901 2.5787354 -36.479187 -32.51953 
183362294903029 1375059352856829674 2.8198242 -36.479187 -32.699585 
183362357958118 1375059352920092614 3.1188965 -36.65924 -32.939148 
183362421898297 1375059352983996422 3.2989502 -36.419678 -33.059692 
183362485136510 1375059353047259362 3.5385132 -36.419678 -33.1192 
183362549046169 1375059353111132653 3.6590576 -36.299133 -33.358765 
183362612131779 1375059353173327477 3.6590576 -36.05957 -33.47931 
183362679673363 1375059353238238366 3.8391113 -35.939026 -33.599854 
183362739737455 1375059353301501305 3.8391113 -35.699463 -33.599854 
183362804990012 1375059353366656335 3.8986206 -35.51941 -33.779907 
183362866610643 1375059353428668053 3.718567 -35.339355 -33.718872 
183362930489782 1375059353492510827 3.779602 -35.398865 -33.718872 
183362993972157 1375059353555804284 3.718567 -35.21881 -33.898926 
183363059438356 1375059353619677575 3.6590576 -34.91974 -33.839417 
183363122554486 1375059353682909997 3.718567 -34.858704 -33.898926 
183363185029688 1375059353746783288 3.6590576 -34.91974 -33.95996 
183363247993216 1375059353810076745 3.2989502 -35.099792 -33.95996 
183363312391202 1375059353873919518 3.239441 -35.099792 -34.07898 
183363375507333 1375059353937182458 3.2989502 -34.858704 -34.199524 
183363439081268 1375059354001116784 3.1799316 -34.979248 -34.07898 
183363502411040 1375059354064349206 3.239441 -35.038757 -34.01947 
183363571966968 1375059354128191979 3.239441 -35.1593 -33.95996 
183363629497870 1375059354191485436 3.1799316 -35.1593 -34.07898 
183363695116672 1375059354255328210 3.0593872 -34.979248 -34.07898 
183363758385403 1375059354318591149 3.2989502 -34.979248 -34.13849 
183363820433320 1375059354382280087 3.479004 -34.979248 -33.839417 
183363883793612 1375059354445939755 3.2989502 -34.91974 -33.839417 
183363947825354 1375059354509813046 3.2989502 -34.739685 -34.01947 
183364015031215 1375059354573137021 3.2989502 -34.61914 -33.898926 
183364079398679 1375059354636949277 3.239441 -34.55963 -34.01947 
183364140042659 1375059354700486874 3.2989502 -34.61914 -33.779907 
183364208591416 1375059354764054989 3.239441 -34.55963 -33.659363 
183364265206706 1375059354827348446 3.0593872 -34.439087 -33.718872 
183364332992454 1375059354891191220 2.519226 -34.199524 -34.07898 
183364401480168 1375059354954454159 1.9195557 -34.199524 -34.259033 
183364463650167 1375059355018357968 1.3793945 -33.95996 -34.498596 
183364535647725 1375059355081742978 0.7797241 -33.898926 -34.799194 
183364598580732 1375059355145585751 0.4196167 -33.839417 -34.979248 
183364646589279 1375059355208832772 0.17852783 -33.53882 -35.339355 
183364725728604 1375059355272675545 -0.23956299 -33.47931 -35.639954 
183364773767670 1375059355336060555 -0.47912598 -33.358765 -35.699463 
183364854921341 1375059355399842293 -0.4196167 -33.4198 -35.758972 
183364902472081 1375059355464692147 -0.29907227 -33.358765 -35.939026 
183364974652762 1375059355528443368 -0.35858154 -33.358765 -35.758972 
183365032153142 1375059355591614754 -0.23956299 -33.17871 -35.998535 
183365094964069 1375059355655427010 -0.29907227 -32.998657 -35.998535 
183365161620563 1375059355718720467 -0.23956299 -32.939148 -36.05957 
183365227330924 1375059355784150155 -0.23956299 -32.87964 -36.05957 
183365286509926 1375059355846131356 -0.47912598 -32.939148 -36.11908 
183365350877391 1375059355909974129 -0.35858154 -32.939148 -36.05957 
183365415336417 1375059355972992928 -0.23956299 -32.759094 -35.758972 
183365477567458 1375059356035340340 -0.059509277 -32.699585 -35.758972 
183365556035334 1375059356100312264 0.17852783 -32.939148 -35.51941 
183365605264695 1375059356163971932 0.23956299 -32.939148 -35.4599 
183365679276598 1375059356227417977 0.059509277 -33.059692 -35.57892 
183365729116365 1375059356291413338 0.47912598 -32.939148 -35.699463 
183365792446139 1375059356354371102 0.6591797 -32.818604 -35.699463 
183365867953539 1375059356418183358 0.35858154 -32.51953 -35.699463 
183365923348015 1375059356481537850 0.5996704 -32.699585 -35.879517 
183365984541362 1375059356545411141 0.71868896 -32.699585 -35.939026 
183366050404325 1375059356609559090 0.7797241 -32.458496 -35.998535 
183366114191904 1375059356672852547 0.95977783 -32.51953 -35.879517 
183366176239820 1375059356735810311 1.0787964 -32.51953 -35.879517 
183366247443849 1375059356799683602 0.8392334 -32.51953 -35.879517 
183366302868845 1375059356863093045 0.7797241 -32.57904 -35.81848 
183366365893416 1375059356926935819 0.95977783 -32.759094 -35.81848 
183366434808415 1375059356990198758 0.8392334 -32.759094 -35.639954 
183366494964069 1375059357054407743 0.8392334 -32.759094 -35.81848 
183366565221967 1375059357117670682 0.6591797 -33.059692 -35.879517 
183366624156806 1375059357181391385 0.6591797 -33.1192 -36.05957 
183366695818639 1375059357243830350 0.6591797 -32.939148 -35.939026 
183366746818181 1375059357308375028 0.6591797 -32.998657 -35.81848 
183366809812230 1375059357371607450 0.8392334 -32.939148 -35.879517 
183366877933702 1375059357435633329 0.8987427 -32.87964 -35.879517 
183366939371212 1375059357499018338 0.8987427 -32.998657 -35.998535 
183367008927139 1375059357562616971 0.6591797 -32.939148 -35.699463 
183367070242566 1375059357625954613 0.8392334 -32.699585 -35.639954 
183367129787813 1375059357689797387 0.7797241 -32.57904 -35.57892 
183367191988334 1375059357753060326 0.5996704 -32.63855 -35.639954 
183367257027247 1375059357818947777 0.6591797 -32.759094 -35.639954 
183367318495276 1375059357880196557 0.6591797 -32.63855 -35.51941 
183367382374414 1375059357944100365 0.6591797 -32.759094 -35.639954 
183367454402493 1375059358007424340 0.6591797 -32.759094 -35.758972 
183367515962086 1375059358069924340 0.8987427 -32.699585 -35.879517 
183367576606066 1375059358134469017 0.7797241 -33.059692 -35.81848 
183367637066922 1375059358198342308 0.71868896 -32.939148 -35.939026 
183367700610337 1375059358262032494 0.7797241 -32.998657 -35.879517 
183367763177101 1375059358325478539 0.8392334 -32.818604 -35.939026 
183367827269882 1375059358388741478 0.7797241 -32.998657 -36.17859 
183367896978413 1375059358452584252 0.8392334 -33.059692 -36.11908 
183367956065854 1375059358515847191 0.7797241 -32.998657 -35.998535 
183368020189156 1375059358579751000 0.6591797 -33.239746 -35.939026 
183368093529611 1375059358644692406 0.6591797 -32.998657 -36.05957 
183368145078519 1375059358707161889 0.5996704 -33.1192 -35.998535 
183368214054562 1375059358770150170 0.71868896 -33.239746 -36.11908 
183368272440034 1375059358834053978 0.71868896 -33.17871 -36.11908 
183368338577681 1375059358895394310 0.8392334 -33.059692 -36.05957 
183368400839240 1375059358961159691 0.7797241 -32.87964 -35.939026 
183368465939194 1375059359024422631 0.8392334 -32.939148 -36.17859 
183368531466434 1375059359088295922 0.8392334 -32.759094 -36.299133 
183368589790865 1375059359151864037 0.8392334 -32.818604 -36.358643 
183368655928513 1375059359214241967 1.0787964 -32.699585 -36.239624 
183368715351677 1375059359277529352 0.8987427 -32.759094 -36.299133 
183368779291858 1375059359341433160 0.6591797 -32.87964 -35.998535 
183368848908827 1375059359404665582 0.47912598 -32.87964 -36.17859 
183368910712580 1375059359468538873 0.47912598 -32.939148 -36.299133 
183368985853737 1375059359531771295 0.29907227 -32.87964 -35.998535 
183369036059750 1375059359595644586 0.35858154 -32.818604 -35.939026 
183369098168707 1375059359658968561 0.47912598 -32.818604 -35.758972 
183369161010155 1375059359722902887 0.29907227 -32.939148 -35.939026 
183369231756378 1375059359786043756 0.29907227 -32.818604 -35.758972 
183369287700221 1375059359849978082 0.53863525 -32.818604 -35.81848 
183369352525491 1375059359913820856 0.5996704 -32.939148 -35.758972 
183369419487189 1375059359977083795 0.47912598 -33.17871 -35.758972 
183369489409361 1375059360040451905 0.71868896 -33.059692 -35.699463 
183369546818180 1375059360104264161 0.7797241 -33.239746 -35.639954 
183369607614762 1375059360167527101 0.71868896 -33.1192 -35.699463 
183369669235394 1375059360231430909 0.8392334 -33.1192 -35.758972 
183369734732115 1375059360294693849 0.8392334 -33.059692 -35.81848 
183369796413786 1375059360358536622 0.71868896 -32.818604 -35.81848 
183369866549603 1375059360421799561 0.71868896 -32.63855 -35.699463 
183369923561658 1375059360485703370 0.7797241 -32.57904 -35.758972 
183369986830389 1375059360548966310 0.53863525 -32.699585 -35.998535 
183370052815435 1375059360612839601 0.35858154 -32.699585 -36.17859 
183370126461093 1375059360676224610 0.23956299 -32.939148 -36.11908 
183370177826880 1375059360739945313 -0.17852783 -32.818604 -35.879517 
183370263406004 1375059360803208253 -0.47912598 -32.87964 -35.699463 
183370307874186 1375059360867234132 -0.7797241 -32.939148 -35.879517 
183370366992147 1375059360928482911 -1.3793945 -32.87964 -35.758972 
183370435327262 1375059360994217774 -1.979065 -32.87964 -35.699463 
183370501037623 1375059361057541749 -2.6992798 -32.699585 -35.4599 
183370560216626 1375059361122361085 -3.5385132 -32.57904 -35.339355 
183370622356103 1375059361184647462 -4.4387817 -32.398987 -35.398865 
183370705615678 1375059361248734376 -5.0994873 -32.218933 -35.339355 
183370752891735 1375059361311753175 -5.6991577 -31.858826 -35.4599 
183370813749358 1375059361375656983 -6.539917 -31.559753 -35.639954 
183370882359155 1375059361438919923 -7.019043 -30.839539 -36.17859 
183370956126895 1375059361502823731 -7.4386597 -29.93927 -36.71875 
183371004165960 1375059361566025636 -7.6187134 -28.919983 -37.379456 
183371068106141 1375059361629929444 -7.6187134 -28.019714 -37.919617 
183371131680076 1375059361693404715 -7.4386597 -26.879883 -38.398743 
183371195040370 1375059361757247489 -7.499695 -26.039124 -39.239502 
183371266305439 1375059361820479911 -7.3791504 -25.439453 -39.779663 
183371330917067 1375059361884414237 -7.0785522 -24.719238 -40.13977 
183371395559215 1375059361947616141 -6.77948 -24.35913 -40.379333 
183371449305591 1375059362011519950 -6.77948 -24.119568 -40.499878 
183371512543804 1375059362074782889 -6.6589355 -24.238586 -40.73944 
183371575293688 1375059362137527030 -6.8389893 -24.119568 -40.919495 
183371639691674 1375059362201919120 -7.0785522 -24.058533 -40.979004 
183371723592178 1375059362265853446 -7.1990967 -23.939514 -40.919495 
183371770776673 1375059362330153983 -7.4386597 -23.699951 -41.33911 
183371831084930 1375059362392898124 -7.739258 -23.81897 -41.519165 
183371898779115 1375059362456191581 -8.039856 -23.75946 -41.519165 
183371981275681 1375059362520171152 -8.21991 -23.75946 -41.578674 
183372021745694 1375059362583342538 -8.399963 -23.75946 -41.519165 
183372088402188 1375059362647246347 -8.279419 -23.878479 -41.459656 
183372148191598 1375059362710478769 -8.21991 -23.939514 -41.578674 
183372213963000 1375059362774352060 -8.1588745 -24.058533 -41.63971 
183372284770264 1375059362837614999 -7.9193115 -24.119568 -41.459656 
183372343247298 1375059362901518808 -7.8598022 -23.878479 -41.459656 
183372414664968 1375059362964873300 -7.739258 -23.75946 -41.39862 
183372466976887 1375059363028655038 -7.499695 -23.81897 -41.33911 
183372536960100 1375059363091917978 -7.319641 -23.75946 -41.39862 
183372593605912 1375059363155760751 -7.258606 -23.638916 -41.39862 
183372661452699 1375059363219054208 -7.1990967 -23.75946 -41.33911 
183372740866708 1375059363283019052 -7.1395874 -23.579407 -41.218567 
183372796871592 1375059363345824228 -7.258606 -23.699951 -41.279602 
183372847901654 1375059363410033212 -7.0785522 -23.939514 -41.279602 
183372911231427 1375059363473326669 -6.9595337 -23.878479 -41.159058 
183372975202127 1375059363537199960 -6.77948 -23.999023 -41.218567 
183373046986043 1375059363600462900 -6.8389893 -24.058533 -41.038513 
183373107874186 1375059363664366708 -6.77948 -24.119568 -40.979004 
183373169494817 1375059363727599130 -6.298828 -24.299622 -41.159058 
183373244513892 1375059363791563974 -5.8792114 -24.41864 -41.218567 
183373318281633 1375059363854826913 -5.5786133 -24.598694 -41.038513 
183373362108887 1375059363918608652 -5.279541 -24.659729 -40.859985 
183373424736692 1375059363981841074 -4.978943 -24.958801 -40.919495 
183373493804293 1375059364045775400 -4.559326 -24.719238 -41.038513 
183373557805514 1375059364109129892 -4.0786743 -24.839783 -41.038513 
183373610819402 1375059364173029836 -3.779602 -24.778748 -41.09955 
183373696093322 1375059364236292776 -3.479004 -24.839783 -41.159058 
183373738547160 1375059364300196584 -3.479004 -24.719238 -41.159058 
183373804196480 1375059364364985402 -3.5385132 -24.35913 -41.279602 
183373872195870 1375059364428980764 -3.5385132 -24.058533 -41.69922 
183373936685418 1375059364491908010 -3.479004 -23.519897 -41.758728 
183374014481846 1375059364556178029 -3.5385132 -23.399353 -41.758728 
183374059438355 1375059364619044240 -3.779602 -22.799683 -41.93878 
183374122005118 1375059364682917531 -4.0786743 -22.439575 -42.059326 
183374186036859 1375059364746180471 -4.499817 -21.77887 -42.118835 
183374253517403 1375059364811518606 -4.6798706 -21.479797 -42.17987 
183374313184730 1375059364873347219 -4.3792725 -21.418762 -42.419434 
183374377155431 1375059364937220510 -4.3792725 -21.299744 -42.359924 
183374448359459 1375059364998908813 -4.4387817 -21.238708 -42.658997 
183374505005270 1375059365064369018 -4.3792725 -21.299744 -42.89856 
183374567724636 1375059365127631957 -4.1397095 -21.659851 -42.77954 
183374639386470 1375059365191535766 -3.8391113 -21.659851 -42.718506 
183374696459566 1375059365255073364 -3.3599854 -22.079468 -42.658997 
183374757958117 1375059365318794067 -2.8793335 -22.37854 -42.718506 
183374821867775 1375059365381629760 -2.8793335 -22.619629 -42.658997 
183374886143681 1375059365445808227 -2.4597168 -22.979736 -42.718506 
183374948405240 1375059365509040649 -1.979065 -23.2193 -42.359924 
183375019456666 1375059365573432739 -1.5594482 -23.458862 -42.17987 
183375078422026 1375059365636512572 -1.2588501 -23.638916 -41.999817 
183375138333516 1375059365700233276 -1.0192871 -23.999023 -41.758728 
183375201693810 1375059365763404662 -0.95977783 -24.179077 -41.63971 
183375270303607 1375059365827186401 -1.0787964 -24.479675 -41.459656 
183375329177405 1375059365890449340 -1.0787964 -24.659729 -41.279602 
183375398519691 1375059365954353149 -1.5594482 -25.019836 -40.859985 
183375460964374 1375059366017921264 -1.979065 -25.498962 -40.618896 
183375520143375 1375059366081764037 -2.3986816 -26.039124 -40.13977 
183375585243330 1375059366144721801 -2.9388428 -26.638794 -39.959717 
183375653853126 1375059366207679565 -3.239441 -27.418518 -39.59961 
183375710590499 1375059366271858031 -3.4194946 -28.199768 -39.05945 
183375780237988 1375059366335731322 -3.5385132 -29.09851 -38.398743 
183375841675498 1375059366399299438 -3.1799316 -30.059814 -37.739563 
183375902349998 1375059366463203246 -2.5787354 -30.839539 -37.1994 
183375973554026 1375059366526161010 -2.0996094 -31.619263 -36.71875 
183376029497869 1375059366590180925 -1.3793945 -32.159424 -36.299133 
183376094414701 1375059366653443864 -0.47912598 -32.87964 -35.939026 
183376164367394 1375059366717439226 0.23956299 -33.239746 -35.939026 
183376219273546 1375059366780549577 0.71868896 -33.4198 -35.699463 
183376293651692 1375059366844758562 1.3793945 -33.53882 -35.639954 
183376345902569 1375059366907716325 1.7990112 -33.659363 -35.639954 
183376432366784 1375059366971589616 1.739502 -33.53882 -35.758972 
183376494262101 1375059367033357195 1.739502 -33.53882 -35.81848 
183376580787355 1375059367098695329 1.6189575 -33.53882 -35.879517 
183376644635973 1375059367161958269 1.3198853 -33.239746 -35.879517 
183376709461244 1375059367225831560 0.95977783 -33.239746 -35.639954 
183376745902569 1375059367289399675 1.1398315 -33.299255 -35.699463 
183376791103241 1375059367353071967 0.95977783 -33.299255 -35.758972 
183376854646657 1375059367416121283 0.8392334 -33.1192 -35.57892 
183376919532968 1375059367480177680 0.95977783 -33.17871 -35.339355 
183376981886088 1375059367543440619 1.1993408 -33.239746 -35.279846 
183377073599806 1375059367608046332 1.2588501 -33.53882 -34.979248 
183377114283464 1375059367671004096 1.5594482 -33.779907 -34.55963 
183377181489323 1375059367734511176 1.9195557 -33.839417 -34.498596 
183377245795748 1375059367797774115 2.0385742 -33.839417 -34.199524 
