#SysTm EventTmStmp Mag:x Mag:y Mag:z
24763684900292 1374859072350353477 17.63916 -15.299988 -43.13965 
24763759736244 1374859072370495078 17.459106 -15.238953 -43.019104 
24763833412423 1374859072431035956 17.459106 -15.058899 -42.658997 
24763878704656 1374859072451299628 17.399597 -15.238953 -42.658997 
24763913436839 1374859072471380194 17.459106 -15.419006 -42.718506 
24763952991242 1374859072491460760 17.518616 -15.419006 -42.599487 
24764003624541 1374859072511632880 17.518616 -15.359497 -42.83905 
24764028315522 1374859072531743964 17.878723 -15.419006 -42.718506 
24764050839556 1374859072551946600 17.939758 -15.59906 -42.718506 
24764072570061 1374859072572088202 17.878723 -15.539551 -42.959595 
24764095124616 1374859072592504462 17.878723 -15.539551 -42.599487 
24764117221365 1374859072612340887 18.179321 -15.299988 -42.419434 
24764139379155 1374859072632482489 18.179321 -15.119934 -42.17987 
24764160590815 1374859072652654608 18.359375 -15.119934 -42.23938 
24764185098674 1374859072672826727 18.418884 -14.99939 -42.23938 
24764207164903 1374859072692907294 18.418884 -15.119934 -42.359924 
24764228437602 1374859072713048895 18.598938 -14.819336 -42.29889 
24764370296293 1374859072733190497 18.838501 -14.6987915 -42.118835 
24764414550833 1374859072753393134 18.959045 -14.878845 -42.359924 
24764437807357 1374859072773534735 19.018555 -14.93988 -42.419434 
24764461460646 1374859072793615301 19.259644 -15.058899 -42.419434 
24764486029545 1374859072813756903 19.259644 -14.819336 -42.419434 
24764508584100 1374859072833867987 19.378662 -14.759827 -42.359924 
24764530863971 1374859072854040106 19.259644 -14.6987915 -42.23938 
24764553326967 1374859072874242743 19.198608 -14.93988 -42.419434 
24764576034124 1374859072894597968 19.1391 -15.058899 -42.419434 
24764598436077 1374859072914434393 19.1391 -15.058899 -42.17987 
24764623401741 1374859072934575995 19.018555 -14.99939 -42.118835 
24764648916772 1374859072954778632 18.959045 -14.99939 -42.118835 
24764675133772 1374859072974920233 19.198608 -14.99939 -42.059326 
24764704067085 1374859072995031317 19.319153 -15.119934 -42.29889 
24764732634154 1374859073015142401 19.499207 -15.179443 -42.359924 
24764758393348 1374859073035284003 19.558716 -14.99939 -42.29889 
24764782016116 1374859073055486639 19.67926 -14.878845 -42.359924 
24764806157730 1374859073075628241 19.619751 -14.878845 -42.658997 
24764833778667 1374859073095708807 19.439697 -15.238953 -42.77954 
24764862010012 1374859073115850409 19.499207 -15.119934 -42.77954 
24764889447827 1374859073135992010 19.378662 -15.179443 -43.019104 
24764915695346 1374859073156194647 19.018555 -15.119934 -42.959595 
24764960651856 1374859073176336249 18.959045 -14.99939 -43.019104 
24765006798659 1374859073196721991 18.959045 -14.99939 -42.959595 
24765029963621 1374859073216570681 18.899536 -14.93988 -42.89856 
24765054440959 1374859073236712283 18.838501 -14.819336 -42.718506 
24765076507188 1374859073256914920 18.899536 -14.399719 -42.658997 
24765099672153 1374859073277056521 18.598938 -14.4592285 -42.718506 
24765123630644 1374859073297137088 18.539429 -14.4592285 -42.539978 
24765149115155 1374859073317278689 18.598938 -14.399719 -42.419434 
24765184060981 1374859073337389773 18.598938 -14.219666 -42.29889 
24765207378545 1374859073357592410 18.299866 -14.099121 -42.359924 
24765302754709 1374859073377734011 18.299866 -14.15863 -42.359924 
24765335503069 1374859073397845095 18.47992 -13.978577 -42.539978 
24765362483077 1374859073417956179 18.47992 -14.099121 -42.599487 
24765391843675 1374859073438097781 18.47992 -14.039612 -42.599487 
24765423462782 1374859073458269900 18.359375 -13.798523 -42.658997 
24765460422952 1374859073478442019 18.23883 -13.679504 -42.718506 
24765490424479 1374859073498827761 18.058777 -13.859558 -43.019104 
24765512826432 1374859073518664187 17.878723 -13.739014 -43.258667 
24765543194202 1374859073538805789 17.63916 -13.499451 -43.559265 
24765568129346 1374859073559008425 17.219543 -13.619995 -43.618774 
24765593919062 1374859073579150027 17.279053 -13.259888 -43.618774 
24765635579370 1374859073599261111 17.279053 -13.198853 -43.79883 
24765668327729 1374859073619372195 17.279053 -13.259888 -44.039917 
24765691095926 1374859073639513797 17.279053 -13.499451 -44.099426 
24765717679172 1374859073659716433 17.098999 -13.439941 -43.97888 
24765747497576 1374859073679858035 16.859436 -13.55896 -44.039917 
24765795414560 1374859073700030154 16.679382 -13.919067 -43.919373 
24765823340700 1374859073720080203 16.619873 -14.279175 -43.919373 
24765852884420 1374859073740221804 16.19873 -14.819336 -43.919373 
24765888349094 1374859073760424441 16.018677 -15.419006 -43.919373 
24765921799422 1374859073780566043 15.838623 -15.9591675 -43.618774 
24765956256922 1374859073800677127 15.779114 -16.259766 -43.67981 
24765993003450 1374859073820788211 15.9591675 -16.679382 -43.559265 
24766050595392 1374859073840929812 16.378784 -16.918945 -43.319702 
24766072447979 1374859073861132449 16.738892 -17.098999 -43.199158 
24766095673982 1374859073881274050 17.098999 -17.219543 -43.078613 
24766119052588 1374859073901659793 17.459106 -17.338562 -43.078613 
24766141637663 1374859073921496218 17.399597 -17.219543 -42.89856 
24766164863666 1374859073941637820 17.57965 -17.279053 -42.959595 
24766187357180 1374859073961840457 17.57965 -17.158508 -42.83905 
24766209972778 1374859073981982058 17.63916 -17.219543 -42.89856 
24766232771496 1374859074002093142 17.57965 -17.338562 -42.83905 
24766255173449 1374859074022204226 17.459106 -17.338562 -42.658997 
24766278002687 1374859074042345828 17.518616 -17.219543 -42.77954 
24766300221518 1374859074062548465 17.69867 -17.158508 -42.658997 
24766323020236 1374859074082690066 17.999268 -17.098999 -42.718506 
24766347741739 1374859074102801150 17.759705 -16.97998 -42.718506 
24766368556632 1374859074122912234 17.759705 -16.799927 -42.77954 
24766411498796 1374859074143084353 17.759705 -16.799927 -42.658997 
24766462467817 1374859074163256472 17.399597 -16.738892 -42.89856 
24766485724341 1374859074183398074 17.338562 -16.679382 -42.959595 
24766509163988 1374859074203783816 16.799927 -16.799927 -42.718506 
24766533305602 1374859074243761843 16.43982 -16.799927 -43.13965 
24766556348483 1374859074263964480 16.499329 -16.859436 -42.89856 
24766579513445 1374859074284106082 16.619873 -16.859436 -43.078613 
24766614947597 1374859074304186648 16.19873 -16.799927 -43.37921 
24766646169939 1374859074324328250 16.319275 -16.738892 -43.43872 
24766674645446 1374859074344469851 16.018677 -16.679382 -43.67981 
24766704799573 1374859074364672488 15.779114 -16.619873 -44.039917 
24766731962705 1374859074384814090 15.119934 -16.499329 -43.859863 
24766760865497 1374859074404925173 14.518738 -16.319275 -44.158936 
24766785953243 1374859074425066775 14.338684 -16.319275 -44.639587 
24766813024814 1374859074445177859 13.859558 -16.378784 -44.519043 
24766839211294 1374859074465349978 13.55896 -16.378784 -44.459534 
24766864726325 1374859074485522097 13.079834 -16.619873 -44.81964 
24766889051062 1374859074505907840 12.719727 -16.619873 -44.699097 
24766914169328 1374859074525744265 12.779236 -16.679382 -44.81964 
24766940111645 1374859074545885867 12.599182 -16.799927 -45.059204 
24766964802627 1374859074566088504 12.539673 -17.098999 -44.93866 
24766991050147 1374859074586260623 12.298584 -17.158508 -44.639587 
24767039180773 1374859074606341189 12.298584 -17.338562 -44.93866 
24767086517870 1374859074626482791 11.999512 -17.57965 -45.118713 
24767165962400 1374859074646624392 11.819458 -17.518616 -44.87915 
24767218213277 1374859074666796511 11.698914 -17.69867 -44.999695 
24767311178331 1374859074686938113 11.399841 -17.69867 -44.93866 
24767403655059 1374859074707049197 11.099243 -17.759705 -44.999695 
24767455875418 1374859074727160281 10.85968 -17.459106 -45.059204 
24767511453015 1374859074747301882 10.379028 -17.279053 -45.41931 
24767578170550 1374859074767504519 9.899902 -16.97998 -45.539856 
24767670097910 1374859074787646121 9.779358 -16.738892 -45.41931 
24767731626981 1374859074808270029 9.779358 -16.378784 -45.599365 
24767773073646 1374859074828106455 9.658813 -16.19873 -45.71991 
24767807927912 1374859074848278574 9.47876 -16.018677 -45.899963 
24767860606074 1374859074868511728 9.658813 -15.9591675 -45.959473 
24767885907463 1374859074888592295 9.719849 -16.018677 -46.07849 
24767924576775 1374859074908703379 9.838867 -16.19873 -45.959473 
24767959217397 1374859074928814463 9.899902 -16.319275 -45.899963 
24767996055488 1374859074948956064 10.018921 -16.259766 -45.77942 
24768199138045 1374859074969158701 10.258484 -16.499329 -45.47882 
24768265153609 1374859074989300302 10.319519 -16.799927 -45.239258 
24768327293088 1374859075009411386 10.379028 -16.738892 -44.999695 
24768371364506 1374859075029522470 10.499573 -16.619873 -44.93866 
24768417877553 1374859075049664072 10.618591 -16.619873 -44.758606 
24768443148421 1374859075069866709 10.798645 -16.558838 -44.699097 
24768469212819 1374859075090008310 10.739136 -16.499329 -44.578552 
24768526652160 1374859075110394052 10.739136 -16.319275 -44.87915 
24768596726935 1374859075130230478 10.379028 -15.9591675 -45.118713 
24768656089059 1374859075150372080 10.018921 -15.539551 -45.47882 
24768737181689 1374859075170574716 9.719849 -15.478516 -45.899963 
24768819281490 1374859075190716318 9.239197 -15.419006 -46.018982 
24768849771342 1374859075210857920 8.938599 -15.058899 -46.199036 
24768874096078 1374859075230938486 8.578491 -14.819336 -46.4386 
24768898573417 1374859075251080088 8.399963 -14.759827 -46.559143 
24768923142318 1374859075271282724 8.099365 -14.6987915 -46.499634 
24768947344973 1374859075291424326 8.1588745 -14.819336 -46.499634 
24768973165208 1374859075311535410 8.399963 -14.93988 -46.4386 
24768995689242 1374859075331646494 8.459473 -15.299988 -46.37909 
24769048031681 1374859075351788095 8.459473 -15.419006 -46.199036 
24769142492233 1374859075371990732 8.21991 -15.838623 -45.899963 
24769205181077 1374859075392193369 8.21991 -16.259766 -45.899963 
24769284350924 1374859075412579111 8.338928 -16.619873 -45.77942 
24769372371678 1374859075432415537 8.338928 -16.859436 -45.899963 
24769448794690 1374859075452557138 8.1588745 -17.518616 -45.599365 
24769517831772 1374859075472759775 8.1588745 -17.819214 -45.41931 
24769616076851 1374859075492840341 8.279419 -17.878723 -45.41931 
24769689753030 1374859075512951425 8.338928 -18.299866 -45.47882 
24769755432871 1374859075533062509 8.758545 -18.598938 -45.599365 
24769828101877 1374859075553234629 8.938599 -18.838501 -45.17975 
24769900252038 1374859075573406748 9.1796875 -19.07959 -44.93866 
24769952655517 1374859075593548349 9.719849 -19.619751 -44.519043 
24770029383733 1374859075613641231 10.079956 -19.918823 -44.639587 
24770151465224 1374859075633752315 10.379028 -20.458984 -44.459534 
24770224866718 1374859075653893917 10.679626 -21.058655 -43.97888 
24770293171312 1374859075674096554 10.978699 -21.479797 -43.559265 
24770355677033 1374859075694268673 11.279297 -21.958923 -43.199158 
24770381894035 1374859075714623897 11.579895 -22.499084 -43.078613 
24770408233116 1374859075734521358 11.878967 -22.979736 -42.89856 
24770474584404 1374859075754601925 11.878967 -23.339844 -42.718506 
24770531199695 1374859075774835079 11.999512 -23.699951 -42.23938 
24770644186113 1374859075794946163 12.059021 -23.939514 -41.999817 
24770695002535 1374859075815026729 12.179565 -24.179077 -41.879272 
24770738158341 1374859075835168331 12.298584 -24.35913 -41.758728 
24770772921044 1374859075855309932 12.359619 -24.299622 -41.69922 
24770800877705 1374859075875512569 12.539673 -24.41864 -41.819763 
24770845223806 1374859075895654171 12.539673 -24.479675 -41.758728 
24770906234031 1374859075915765255 12.89978 -24.479675 -41.758728 
24770972921044 1374859075935876339 12.95929 -24.35913 -41.819763 
24771046719305 1374859075956017940 13.319397 -24.179077 -41.69922 
24771132145827 1374859075976220577 13.319397 -23.939514 -41.758728 
24771169136518 1374859075996392696 13.619995 -23.699951 -41.819763 
24771249008332 1374859076016839473 13.619995 -23.638916 -41.819763 
24771288776377 1374859076036645382 13.679504 -23.458862 -41.879272 
24771308767222 1374859076056725948 13.679504 -23.15979 -41.999817 
24771329460035 1374859076076928585 13.439941 -23.098755 -42.17987 
24771367885183 1374859076097070186 13.439941 -22.558594 -42.539978 
24771397550985 1374859076117181270 13.319397 -22.079468 -42.83905 
24771453220144 1374859076137292354 13.499451 -21.659851 -43.019104 
24771497230520 1374859076157433956 13.439941 -21.418762 -43.258667 
24771536876485 1374859076177636593 13.739014 -21.058655 -43.43872 
24771588242271 1374859076197869747 13.739014 -20.458984 -43.319702 
24771657370915 1374859076217889278 13.859558 -20.159912 -43.319702 
24771752686037 1374859076238030880 14.039612 -19.799805 -43.319702 
24771873058386 1374859076258416622 14.15863 -19.979858 -43.319702 
24771956073798 1374859076278527706 14.219666 -19.979858 -43.078613 
24771994743110 1374859076298760860 14.219666 -20.27893 -43.019104 
24772035854052 1374859076319116085 14.039612 -20.098877 -42.77954 
24772077331237 1374859076338708370 13.978577 -20.098877 -42.77954 
24772124271572 1374859076358849971 13.798523 -20.458984 -42.959595 
24772166878011 1374859076379083126 13.739014 -20.27893 -42.83905 
24772233565024 1374859076399224727 13.55896 -20.339966 -42.959595 
24772320822769 1374859076419305294 13.55896 -20.339966 -42.959595 
24772407958431 1374859076439446895 13.619995 -20.399475 -43.258667 
24772487921808 1374859076459588497 13.679504 -20.219421 -43.258667 
24772532542592 1374859076479791134 13.55896 -20.27893 -43.37921 
24772572035953 1374859076499932735 13.499451 -20.399475 -43.319702 
24772624805676 1374859076520013302 13.55896 -20.219421 -43.43872 
24772674279200 1374859076540154903 13.55896 -20.27893 -43.618774 
24772752960722 1374859076560296505 13.499451 -20.159912 -43.618774 
24772829200611 1374859076580499141 13.499451 -19.859314 -43.618774 
24772894849931 1374859076600640743 13.499451 -19.799805 -43.499756 
24772963551289 1374859076621026485 13.319397 -19.619751 -43.73932 
24773021478956 1374859076641107052 13.679504 -19.499207 -43.97888 
24773060789197 1374859076661248653 13.679504 -19.319153 -43.97888 
24773138890828 1374859076701318233 13.859558 -19.439697 -44.099426 
24773223218617 1374859076721429317 14.15863 -19.439697 -44.039917 
24773333824447 1374859076741540401 14.4592285 -19.558716 -43.618774 
24773386166886 1374859076761682003 14.579773 -19.499207 -43.73932 
24773443423104 1374859076781884639 14.99939 -19.73877 -43.67981 
24773491492691 1374859076802026241 14.819336 -19.799805 -43.319702 
24773554639341 1374859076822137325 14.878845 -19.859314 -43.37921 
24773615619045 1374859076842248409 14.99939 -20.039368 -43.319702 
24773686670472 1374859076862390011 14.99939 -19.918823 -43.13965 
24773737883656 1374859076882531612 14.878845 -19.799805 -43.078613 
24773807378544 1374859076902734249 14.6987915 -19.619751 -43.319702 
24773864695804 1374859076923303096 14.4592285 -19.558716 -43.258667 
24773917221364 1374859076942956417 14.15863 -19.378662 -42.959595 
24773977468579 1374859076963098018 14.399719 -19.319153 -43.078613 
24774045834214 1374859076983300655 14.338684 -19.378662 -42.959595 
24774160804457 1374859077003442257 14.279175 -19.259644 -42.83905 
24774290943323 1374859077084008663 13.919067 -20.098877 -42.89856 
24774410491622 1374859077124352901 13.378906 -20.039368 -43.319702 
24774481482008 1374859077144372432 13.198853 -20.039368 -43.67981 
24774554730902 1374859077164514034 13.079834 -19.918823 -43.559265 
24774624225789 1374859077184747188 12.95929 -19.859314 -43.859863 
24774724271570 1374859077204888790 12.838745 -19.67926 -44.039917 
24774846505662 1374859077225573853 12.95929 -19.619751 -44.039917 
24774947680697 1374859077245349244 12.779236 -19.378662 -43.97888 
24775061247001 1374859077265490845 12.658691 -19.619751 -43.97888 
24775190958584 1374859077285662965 12.89978 -19.378662 -44.039917 
24775304830094 1374859077305804566 13.018799 -19.378662 -43.73932 
24775415832688 1374859077325885132 13.018799 -19.619751 -43.618774 
24775505043736 1374859077346026734 13.139343 -19.67926 -43.258667 
24775569869008 1374859077366168336 13.198853 -19.799805 -43.319702 
24775625416085 1374859077386370972 13.319397 -19.918823 -43.13965 
24775717221364 1374859077406512574 13.378906 -20.339966 -42.959595 
24775829627896 1374859077426623658 13.499451 -20.339966 -42.959595 
24775887372440 1374859077446734742 13.319397 -20.518494 -42.959595 
24775948443706 1374859077466876343 13.139343 -20.759583 -43.13965 
24775986899375 1374859077487078980 13.018799 -20.819092 -43.37921 
24776043850389 1374859077507220582 12.89978 -20.939636 -43.43872 
24776139348635 1374859077527606324 12.779236 -20.759583 -43.43872 
24776233900747 1374859077547503785 12.599182 -20.698547 -43.79883 
24776321768899 1374859077567645386 12.719727 -20.518494 -43.919373 
24776418793162 1374859077587817506 13.079834 -20.458984 -43.919373 
24776598039311 1374859077628100709 13.439941 -20.399475 -43.618774 
24776689112101 1374859077648181275 13.55896 -20.399475 -43.43872 
24776784579826 1374859077668322877 13.619995 -20.518494 -43.559265 
24776875988341 1374859077688494996 13.679504 -20.639038 -43.43872 
24776970632016 1374859077708636597 13.55896 -20.759583 -43.199158 
24777045590050 1374859077728747681 13.739014 -20.698547 -43.13965 
24777291156966 1374859077748858765 13.378906 -20.999146 -43.078613 
24777329002227 1374859077769000367 13.079834 -20.999146 -43.199158 
24777407927911 1374859077789203004 12.838745 -21.11969 -43.199158 
24777458957973 1374859077809344605 12.89978 -21.11969 -43.258667 
24777522989714 1374859077829730347 12.838745 -20.999146 -43.199158 
24777627766152 1374859077849566773 12.779236 -21.058655 -43.258667 
24777704982695 1374859077869708375 12.95929 -21.1792 -43.319702 
24777767427376 1374859077889911011 12.658691 -21.238708 -43.258667 
24777852029848 1374859077910052613 12.779236 -20.999146 -43.13965 
24777936174515 1374859077930163697 12.838745 -21.1792 -43.13965 
24778008538319 1374859077950274781 12.95929 -21.11969 -43.199158 
24778092438821 1374859077970416382 12.89978 -21.058655 -43.37921 
24778164192217 1374859077990619019 12.779236 -20.878601 -43.258667 
24778220166580 1374859078010803332 12.719727 -20.698547 -43.199158 
24778264817884 1374859078030853381 12.539673 -20.518494 -43.019104 
24778308950344 1374859078050964465 12.539673 -20.579529 -43.13965 
24778395231435 1374859078071106066 12.539673 -20.579529 -43.319702 
24778475438974 1374859078091247668 12.599182 -20.339966 -43.258667 
24778543194201 1374859078111480822 12.539673 -20.339966 -43.258667 
24778636800182 1374859078131866564 12.359619 -20.098877 -43.13965 
24778702510544 1374859078151672473 12.359619 -20.219421 -43.199158 
24778773256767 1374859078171814074 12.359619 -20.219421 -43.37921 
24778854715642 1374859078192108264 12.419128 -20.159912 -43.67981 
24778948687867 1374859078212188830 12.539673 -19.918823 -43.67981 
24779073912955 1374859078232269396 12.599182 -19.918823 -43.79883 
24779135686189 1374859078252410998 12.779236 -19.799805 -43.919373 
24779185098672 1374859078272613635 12.658691 -19.799805 -43.618774 
24779333793926 1374859078313018908 12.779236 -19.859314 -43.618774 
24779421967281 1374859078332946887 12.838745 -19.979858 -43.499756 
24779489600427 1374859078353088488 12.599182 -19.979858 -43.559265 
24779538982389 1374859078373230090 12.478638 -19.859314 -43.319702 
24779594773630 1374859078393524279 12.359619 -19.979858 -43.319702 
24779654654600 1374859078413665881 12.359619 -20.039368 -43.199158 
24779708675659 1374859078433990588 12.478638 -19.799805 -43.559265 
24779759095315 1374859078453827014 12.779236 -19.859314 -43.73932 
24779832100045 1374859078473968615 12.838745 -19.67926 -43.859863 
24779889844590 1374859078494171252 12.95929 -19.499207 -44.099426 
24779985617518 1374859078534393420 12.95929 -19.499207 -44.33899 
24780053098061 1374859078554596057 12.95929 -19.558716 -44.33899 
24780159247916 1374859078594909777 12.719727 -19.439697 -44.33899 
24780229566854 1374859078615051379 12.719727 -19.499207 -44.33899 
24780313375797 1374859078635070910 12.838745 -19.619751 -44.158936 
24780410918907 1374859078655212512 12.95929 -19.73877 -43.97888 
24780575301632 1374859078675415148 13.198853 -19.859314 -44.099426 
24780692225180 1374859078695556750 13.319397 -20.098877 -44.099426 
24780939501235 1374859078736084094 13.259888 -20.399475 -43.73932 
24781021662079 1374859078755920519 13.499451 -20.518494 -43.919373 
24781128605462 1374859078776062121 13.139343 -20.339966 -44.039917 
24781200175737 1374859078796325793 12.719727 -20.219421 -44.158936 
24781299458507 1374859078816406359 12.11853 -20.098877 -44.3985 
24781397825667 1374859078836578478 11.759949 -19.799805 -44.3985 
24781495399298 1374859078856659045 11.399841 -19.319153 -44.459534 
24781582412878 1374859078876800646 11.099243 -18.899536 -44.699097 
24781679437142 1374859078896972766 10.978699 -18.539429 -44.999695 
24781790287136 1374859078917114367 10.679626 -18.119812 -44.999695 
24781891065404 1374859078937225451 10.679626 -18.119812 -45.239258 
24781991019623 1374859078957336535 10.559082 -17.878723 -45.239258 
24782102113780 1374859078977508654 10.739136 -17.69867 -45.059204 
24782208172073 1374859078997711291 10.85968 -17.69867 -45.17975 
24782292072576 1374859079018005480 11.039734 -17.819214 -45.17975 
24782573531450 1374859079098388781 11.219788 -18.119812 -44.578552 
24782694636288 1374859079118530383 11.219788 -18.418884 -44.578552 
24782755371829 1374859079138610949 11.219788 -18.47992 -44.519043 
24782808751960 1374859079158752551 10.919189 -18.539429 -44.699097 
24782993858019 1374859079199096789 10.559082 -18.119812 -44.93866 
24783132756232 1374859079219238391 10.559082 -17.878723 -45.17975 
24783286090583 1374859079239349474 10.679626 -17.57965 -45.298767 
24783437044346 1374859079259460558 10.679626 -17.158508 -45.239258 
24783618487959 1374859079279602160 10.739136 -17.098999 -45.359802 
24783725187181 1374859079299804797 10.919189 -17.03949 -45.47882 
24783853311704 1374859079319946398 11.338806 -16.859436 -45.239258 
24783984274622 1374859079340332141 11.51886 -16.918945 -45.17975 
24784097505204 1374859079360168566 11.819458 -17.158508 -45.059204 
24784232954615 1374859079380310168 12.059021 -17.279053 -44.758606 
24784356653684 1374859079400543322 11.759949 -17.219543 -44.87915 
24784504708010 1374859079420745959 12.059021 -17.399597 -44.93866 
24784644674438 1374859079440796008 12.059021 -17.098999 -44.93866 
24784778353669 1374859079460876574 11.878967 -16.97998 -45.059204 
24784892744025 1374859079481018176 11.639404 -16.97998 -45.118713 
24785048611566 1374859079501220812 11.459351 -16.859436 -45.059204 
24785187387699 1374859079521423449 11.279297 -17.03949 -45.17975 
24785285846420 1374859079541534533 11.039734 -17.03949 -45.41931 
24785460483990 1374859079561645617 10.798645 -17.03949 -45.41931 
24785509163986 1374859079581726183 10.379028 -17.03949 -45.17975 
24785557050449 1374859079601928820 10.319519 -17.219543 -45.17975 
24785666099739 1374859079622308509 10.139465 -17.098999 -45.239258 
24785797978267 1374859079642694251 10.079956 -17.279053 -45.239258 
24785883252189 1374859079662530677 10.018921 -17.338562 -45.17975 
24785985739600 1374859079682672278 10.079956 -17.338562 -45.17975 
24786100679322 1374859079702905433 10.139465 -17.338562 -45.17975 
24786228010314 1374859079723016517 10.499573 -17.459106 -45.118713 
24786369258598 1374859079743097083 10.499573 -17.57965 -45.359802 
24786508553577 1374859079763238685 10.499573 -17.69867 -45.298767 
24786655539690 1374859079783380286 10.739136 -17.999268 -45.239258 
24786827125224 1374859079803613440 10.85968 -18.119812 -45.059204 
24786925522904 1374859079823816077 10.739136 -18.119812 -45.059204 
24787052060368 1374859079843835608 10.438538 -18.119812 -45.118713 
24787162788278 1374859079863977210 10.079956 -18.359375 -45.17975 
24787294209003 1374859079884118811 9.838867 -18.359375 -45.359802 
24787530711367 1374859079904321448 9.658813 -18.058777 -45.41931 
24787674065556 1374859079924463050 9.599304 -17.878723 -45.539856 
24787838478802 1374859079944909827 9.359741 -17.63916 -45.83893 
24787943438363 1374859079964685218 9.298706 -17.338562 -46.018982 
24788066130259 1374859079984796302 9.47876 -17.338562 -46.139526 
24788254837722 1374859080004998938 9.47876 -16.859436 -46.139526 
24788397428901 1374859080025140540 9.47876 -16.558838 -46.139526 
24788508736698 1374859080045221106 9.539795 -16.619873 -45.959473 
24788575454233 1374859080085504310 9.599304 -16.679382 -45.83893 
24788690699159 1374859080105706946 9.47876 -16.619873 -45.83893 
24788806768134 1374859080125848548 9.118652 -16.738892 -45.83893 
24788917221363 1374859080145990149 8.999634 -16.619873 -45.899963 
24789059019013 1374859080166070716 9.059143 -16.97998 -45.899963 
24789174019776 1374859080186212317 9.118652 -16.918945 -45.899963 
24789310659482 1374859080206414954 8.879089 -16.738892 -45.899963 
24789442324369 1374859080226556556 9.059143 -16.738892 -45.83893 
24789601884876 1374859080246942298 9.1796875 -16.499329 -45.899963 
24789711453013 1374859080266778724 9.239197 -16.619873 -45.83893 
24789823188096 1374859080286920325 9.599304 -16.499329 -45.77942 
24789917709688 1374859080307122962 9.658813 -16.679382 -45.899963 
24790063322385 1374859080327264563 9.539795 -16.738892 -45.83893 
24790185861679 1374859080347345130 9.599304 -16.799927 -45.83893 
24790306905478 1374859080367486731 9.719849 -16.679382 -45.83893 
24790434358551 1374859080387719886 9.838867 -16.499329 -45.959473 
24790558942711 1374859080407861487 9.838867 -16.619873 -46.139526 
24790733030915 1374859080427954995 9.658813 -16.43982 -46.018982 
24790869548542 1374859080448066079 9.4192505 -16.19873 -46.07849 
24791000236775 1374859080468177163 9.239197 -15.899658 -46.07849 
24791161689546 1374859080488379800 9.239197 -15.7196045 -46.07849 
24791283313228 1374859080508551919 9.47876 -15.478516 -46.07849 
24791364161694 1374859080528693521 9.47876 -15.419006 -46.018982 
24791442171768 1374859080549048745 9.4192505 -15.359497 -45.77942 
24791554334135 1374859080568885171 9.239197 -15.299988 -45.47882 
24791667045870 1374859080589057290 9.298706 -15.238953 -45.599365 
24791772768440 1374859080609320962 9.47876 -15.179443 -45.599365 
24791902388461 1374859080629462564 9.779358 -14.99939 -45.47882 
24792029566854 1374859080649543130 10.079956 -14.6987915 -45.539856 
24792159797283 1374859080669623696 10.018921 -14.878845 -45.298767 
24792245498487 1374859080689734780 10.139465 -14.93988 -45.298767 
24792350671690 1374859080709937417 10.198975 -15.119934 -45.298767 
24792437654752 1374859080730079019 10.438538 -15.238953 -45.41931 
24792520914328 1374859080750159585 10.739136 -15.238953 -45.239258 
24792675988339 1374859080770301187 10.85968 -15.359497 -45.359802 
24792773409368 1374859080790442788 10.85968 -15.539551 -45.359802 
24792861246999 1374859080810645425 10.798645 -15.59906 -45.41931 
24792946307277 1374859080830787027 10.919189 -15.539551 -45.599365 
24793044582877 1374859080851172769 10.919189 -15.658569 -45.599365 
24793356317960 1374859080911353433 10.618591 -15.238953 -45.899963 
24793464054874 1374859080931525552 10.618591 -15.058899 -45.899963 
24793589096839 1374859080951575601 10.739136 -14.878845 -45.959473 
24793721280572 1374859080971717202 10.739136 -14.819336 -45.71991 
24793900190994 1374859080991858804 10.919189 -14.639282 -45.71991 
24793987143536 1374859081012061441 10.978699 -14.4592285 -45.899963 
24794124912496 1374859081032203042 11.338806 -14.4592285 -45.83893 
24794278399449 1374859081052283609 11.579895 -14.639282 -45.83893 
24794419128886 1374859081072425210 11.579895 -14.759827 -45.658875 
24794607409063 1374859081092566812 11.51886 -14.93988 -45.298767 
24794821936759 1374859081112738931 11.51886 -15.119934 -45.298767 
24794926194352 1374859081132911050 11.639404 -15.419006 -45.239258 
24795013940423 1374859081153327310 11.338806 -15.539551 -45.059204 
24795178903035 1374859081173133218 11.338806 -15.478516 -44.87915 
24795345635829 1374859081193274819 11.338806 -15.299988 -44.81964 
24795456668944 1374859081213507974 11.219788 -14.99939 -44.999695 
24795559431038 1374859081233619058 11.51886 -14.99939 -44.999695 
24795665214647 1374859081253730142 11.759949 -14.878845 -45.239258 
24795765748754 1374859081273841226 11.878967 -14.759827 -45.118713 
24795843941947 1374859081293982827 11.878967 -14.579773 -45.239258 
24795952686035 1374859081314185464 12.11853 -14.639282 -45.41931 
24796060056705 1374859081334327066 12.179565 -14.93988 -45.47882 
24796209667569 1374859081354407632 12.179565 -15.299988 -45.47882 
24796304952172 1374859081374549234 12.239075 -15.539551 -45.298767 
24796389554645 1374859081394690835 11.999512 -15.779114 -45.298767 
24796484625604 1374859081414954507 11.878967 -16.259766 -45.239258 
24796654563037 1374859081435065591 11.759949 -16.378784 -45.239258 
24796893720675 1374859081475257241 11.759949 -16.619873 -45.059204 
24797038539842 1374859081535743081 11.759949 -16.679382 -45.059204 
24797183267448 1374859081555823648 11.878967 -16.499329 -45.17975 
24797336601798 1374859081575965249 11.938477 -16.19873 -45.239258 
24797472081730 1374859081596106851 11.999512 -16.19873 -45.47882 
24797585434394 1374859081616309487 11.938477 -16.018677 -45.47882 
24797687860763 1374859081636451089 11.759949 -16.018677 -45.41931 
24797830757148 1374859081656531655 11.819458 -15.9591675 -45.41931 
24797929429510 1374859081676673257 11.759949 -15.779114 -45.298767 
24798071990170 1374859081696814859 11.759949 -15.7196045 -45.239258 
24798236556017 1374859081716986978 11.698914 -15.899658 -45.17975 
24798518228534 1374859081757575357 11.459351 -15.899658 -44.758606 
24798674492840 1374859081797522866 11.698914 -16.139221 -44.578552 
24798753540606 1374859081817725503 11.759949 -16.259766 -44.519043 
24798873241505 1374859081837867105 11.878967 -16.378784 -44.639587 
24799044033508 1374859081857947671 12.11853 -16.679382 -44.459534 
24799168159863 1374859081878089273 12.179565 -16.619873 -44.3985 
24799257340390 1374859081898230874 12.419128 -16.619873 -44.519043 
24799452304529 1374859081918616616 12.478638 -16.619873 -44.459534 
24799680871599 1374859081938727700 12.478638 -16.619873 -44.519043 
24799816290489 1374859081958655679 12.779236 -16.558838 -44.578552 
24800001823833 1374859081978797280 12.89978 -16.558838 -44.578552 
24800631275993 1374859082059937811 12.719727 -17.03949 -44.21997 
24800801732273 1374859082079774237 12.89978 -16.918945 -44.3985 
24800879620262 1374859082099915839 12.95929 -17.098999 -44.519043 
24800952655513 1374859082120118476 12.719727 -17.158508 -44.578552 
24801066435462 1374859082140260077 12.419128 -17.158508 -44.758606 
24801178994595 1374859082160340643 12.478638 -17.03949 -44.639587 
24801295429815 1374859082180482245 12.359619 -16.799927 -44.699097 
24801374141856 1374859082200623847 11.999512 -16.499329 -44.87915 
24801458317043 1374859082220826483 11.999512 -16.139221 -45.17975 
24801702998868 1374859082261048651 11.759949 -15.899658 -45.118713 
24801769014434 1374859082301331854 12.11853 -15.899658 -44.93866 
24801951373658 1374859082341706610 12.478638 -15.899658 -44.81964 
24802045162762 1374859082362061835 12.599182 -16.018677 -44.81964 
24802134984218 1374859082381898261 12.658691 -16.259766 -44.81964 
24802251022674 1374859082402039862 12.658691 -16.43982 -44.758606 
24802345361144 1374859082422242499 12.539673 -16.738892 -44.639587 
24802793369690 1374859082522950507 12.539673 -16.97998 -44.519043 
24802875896778 1374859082543092108 12.658691 -16.859436 -44.27948 
24803014459268 1374859082563172675 12.95929 -16.679382 -44.27948 
24803091187483 1374859082583344794 13.018799 -16.558838 -44.459534 
24803377682219 1374859082704163886 12.89978 -15.658569 -44.3985 
24803433229297 1374859082724397040 12.838745 -15.478516 -44.459534 
24803525583942 1374859082744538642 12.838745 -15.419006 -44.3985 
24803632740970 1374859082764619208 12.89978 -15.299988 -44.519043 
24803761628502 1374859082784730292 12.89978 -15.238953 -44.758606 
24803926652156 1374859082825178336 13.198853 -15.359497 -45.059204 
24804175149029 1374859082885481071 13.259888 -16.079712 -44.81964 
24804248611564 1374859082905683707 13.259888 -16.139221 -44.758606 
24804335014738 1374859082925794791 13.198853 -16.43982 -44.81964 
24804452731814 1374859082945997428 13.198853 -16.319275 -44.999695 
24804636647579 1374859082986189079 13.259888 -16.319275 -44.699097 
24804726377472 1374859083006330680 13.139343 -16.319275 -44.699097 
24804804875871 1374859083026563834 13.018799 -16.619873 -44.699097 
24804945910511 1374859083067030143 12.719727 -16.679382 -44.87915 
24804994773626 1374859083086897086 12.478638 -16.499329 -44.81964 
24805090638116 1374859083107038688 12.359619 -16.558838 -44.699097 
24805185922719 1374859083127241325 12.11853 -16.43982 -44.87915 
24805257462472 1374859083147382926 12.059021 -16.558838 -44.758606 
24805299885789 1374859083167463493 11.938477 -16.378784 -44.699097 
24805486792550 1374859083227949332 11.999512 -15.779114 -45.298767 
24805575484752 1374859083248090934 12.11853 -15.7196045 -45.359802 
24805686029540 1374859083268476676 12.059021 -16.018677 -45.298767 
24805786777290 1374859083288313102 12.11853 -16.139221 -45.17975 
24805884839246 1374859083308454704 12.179565 -16.079712 -45.298767 
24806042385408 1374859083348829459 11.999512 -16.499329 -45.359802 
24806082824901 1374859083368879508 11.698914 -16.558838 -45.17975 
24806140355803 1374859083389021110 11.639404 -16.558838 -45.239258 
24806315451179 1374859083429365348 11.698914 -16.378784 -45.298767 
24806542705871 1374859083449506950 11.759949 -16.378784 -45.539856 
24806711300409 1374859083469587516 11.51886 -16.378784 -45.658875 
24806888532211 1374859083489729118 11.579895 -16.319275 -45.658875 
24806979391359 1374859083509870719 11.639404 -16.43982 -45.599365 
24807126316431 1374859083530042838 11.819458 -16.558838 -45.539856 
24807323203354 1374859083550214957 11.819458 -16.619873 -45.47882 
24807472142770 1374859083570600700 11.698914 -16.679382 -45.47882 
24807589829326 1374859083590498161 11.759949 -16.679382 -45.359802 
24807693384949 1374859083610578727 11.639404 -16.679382 -45.298767 
24807815954765 1374859083630781364 11.759949 -16.619873 -45.059204 
24808239638574 1374859083671003532 11.759949 -16.139221 -45.118713 
24808327628807 1374859083691145133 11.938477 -15.779114 -45.298767 
24808959431035 1374859083811994743 12.95929 -14.518738 -45.658875 
24809047238147 1374859083832197379 13.079834 -14.639282 -45.83893 
24809714993373 1374859083973158073 12.359619 -14.759827 -45.298767 
24809887128273 1374859084013410758 12.239075 -14.579773 -45.118713 
24810016259968 1374859084033643913 12.11853 -14.4592285 -44.999695 
24810501228684 1374859084194685172 12.89978 -13.499451 -45.71991 
24810814550827 1374859084235029411 13.139343 -13.499451 -45.658875 
24811142919514 1374859084275251579 13.259888 -13.798523 -45.899963 
24811633442938 1374859084355879020 13.55896 -13.798523 -45.47882 
24812078704650 1374859084476997356 14.039612 -13.859558 -44.699097 
24812207103857 1374859084496833782 14.279175 -13.978577 -44.699097 
24812316549913 1374859084516975383 14.338684 -14.039612 -44.758606 
24812447512829 1374859084537208538 14.518738 -14.039612 -44.758606 
24812551587299 1374859084557350139 14.759827 -14.279175 -44.758606 
24812613574175 1374859084577400188 14.759827 -14.279175 -44.578552 
24812678368926 1374859084597541790 15.058899 -14.219666 -44.578552 
24812886121100 1374859084637886028 15.478516 -14.039612 -44.519043 
24813012628044 1374859084658027629 15.539551 -13.798523 -44.459534 
24813104128120 1374859084678108196 15.899658 -13.798523 -44.21997 
24813243636742 1374859084698310833 16.139221 -13.679504 -44.158936 
24813348260578 1374859084718391399 16.19873 -13.55896 -44.158936 
24813721189008 1374859084798957805 16.97998 -13.55896 -43.859863 
24813758057617 1374859084819099407 17.338562 -13.439941 -43.559265 
24813809484445 1374859084839302043 17.399597 -13.259888 -43.499756 
24813947039763 1374859084899665813 18.058777 -13.499451 -43.319702 
24814237532668 1374859084940071086 18.899536 -13.378906 -43.078613 
24814410583180 1374859084980232219 19.259644 -13.55896 -43.019104 
24814508187329 1374859085000465374 19.378662 -13.679504 -43.078613 
24814579452400 1374859085040718059 19.859314 -13.55896 -42.83905 
24814856577380 1374859085101081829 20.039368 -13.139343 -42.539978 
24815035701446 1374859085141426067 19.979858 -12.89978 -42.599487 
24815166237078 1374859085161659221 20.098877 -13.018799 -42.539978 
24815352258748 1374859085201789836 19.918823 -13.259888 -42.419434 
24815544292929 1374859085242195110 19.619751 -13.739014 -42.359924 
24815728422336 1374859085262336711 19.499207 -13.859558 -42.23938 
24815816687253 1374859085282417278 19.499207 -13.978577 -42.23938 
24815911636131 1374859085302558879 19.67926 -14.219666 -42.118835 
24816096314905 1374859085342842083 19.799805 -14.518738 -42.059326 
24816211071504 1374859085363075237 19.859314 -14.518738 -42.29889 
24816356104314 1374859085383125286 19.918823 -15.058899 -42.478943 
24816480932637 1374859085403266887 19.799805 -15.359497 -42.419434 
24816622669246 1374859085423347454 19.73877 -15.779114 -42.29889 
24816740538924 1374859085443550090 19.499207 -15.9591675 -42.419434 
24816834144907 1374859085463691692 19.198608 -16.43982 -42.419434 
24816953998408 1374859085484077434 19.07959 -16.679382 -42.478943 
24817076201979 1374859085503974895 18.659973 -16.97998 -42.23938 
24817207012295 1374859085524116497 18.659973 -17.219543 -42.059326 
24817540844127 1374859085584480266 18.299866 -17.459106 -42.118835 
24817686426303 1374859085604621868 18.299866 -17.759705 -41.999817 
24817920700681 1374859085645027141 17.939758 -18.119812 -41.93878 
24818416687253 1374859085745643596 17.03949 -19.07959 -41.93878 
24818829902573 1374859085846473674 17.279053 -20.039368 -41.93878 
24818968251422 1374859085886604290 17.459106 -20.039368 -42.118835 
24819062010006 1374859085906745891 17.57965 -20.039368 -42.17987 
24819215893724 1374859085947090129 17.459106 -19.73877 -42.478943 
24819377499094 1374859085987342815 17.518616 -19.859314 -42.118835 
24819539318109 1374859086007453899 17.69867 -19.979858 -41.999817 
24819694239520 1374859086047798137 17.759705 -20.27893 -42.17987 
24819740325282 1374859086067939739 17.459106 -20.339966 -42.17987 
