#SysTm EventTmStmp Rot:x Rot:y Rot:z
13541346539497 13540515523000 0.4011278 0.37802026 0.52948487 
13541356685247 13540525757000 0.3987066 0.37740067 0.5324983 
13541364570705 13540535863000 0.39423445 0.37821048 0.535717 
13541371377997 13540545870000 0.39020708 0.37965623 0.538116 
13541378421455 13540555850000 0.3859456 0.38167056 0.54033756 
13541385363081 13540566192000 0.3820532 0.383739 0.542086 
13541391693497 13540576140000 0.37907368 0.38523075 0.5430783 
13541487874664 13540586338000 0.37723136 0.38579875 0.543201 
13541500211206 13540596377000 0.37651286 0.38554436 0.54258233 
13541506445080 13540606668000 0.37647668 0.38483885 0.54157436 
13541512096955 13540616681000 0.37666214 0.38398716 0.5405503 
13541518562164 13540627689000 0.37681428 0.38342112 0.53928447 
13541524352330 13540637205000 0.376355 0.38369516 0.5390184 
13541530260164 13540647337000 0.3752268 0.384915 0.53918433 
13541535780331 13540656898000 0.37412834 0.38602298 0.5397596 
13541542151497 13540667619000 0.37326843 0.38698265 0.5404602 
13541549672872 13540677759000 0.372716 0.38755736 0.5411822 
13541556224039 13540687637000 0.37253925 0.38760477 0.54182553 
13541561208122 13540697456000 0.3726242 0.38734198 0.54240507 
13541566694747 13540707517000 0.37273863 0.38698748 0.54306126 
13541572242914 13540718800000 0.37271735 0.3868387 0.54378444 
13541579090580 13540727926000 0.37243837 0.38694158 0.5446163 
13541591677914 13540739622000 0.3707808 0.3885104 0.5463091 
13541598204747 13540749552000 0.3694183 0.38955143 0.5473833 
13541604672455 13540759075000 0.367807 0.39073527 0.5485328 
13541612058997 13540769136000 0.36608806 0.39208663 0.5496557 
13541617995289 13540779081000 0.3644787 0.3933914 0.5506174 
13541623709122 13540789361000 0.36310112 0.39451563 0.551388 
13541631159705 13540799449000 0.36195067 0.3954543 0.55195445 
13541638111664 13540811179000 0.36093804 0.39621037 0.55238014 
13541643640622 13540822191000 0.35991436 0.39688888 0.55278826 
13541651025456 13540833245000 0.35800973 0.39849675 0.553322 
13541659433247 13540844278000 0.3554544 0.400767 0.55403155 
13541665530789 13540854338000 0.35328865 0.40266976 0.55468786 
13541670407872 13540864928000 0.35082138 0.40484995 0.5554238 
13541675463206 13540876204000 0.34820792 0.40716648 0.55611116 
13541681280414 13540889358000 0.34513563 0.41017002 0.55665463 
13541702591622 13540900191000 0.3433455 0.41195044 0.5566437 
13541710970872 13540909694000 0.3431018 0.4122878 0.55635804 
13541733569497 13540921113000 0.34301302 0.4125097 0.5559829 
13541743374080 13540931908000 0.34198803 0.4129243 0.5560331 
13541753409039 13540945994000 0.33731022 0.4148107 0.55732125 
13541758583705 13540956135000 0.33460924 0.41586468 0.5581404 
13541764651372 13540974995000 0.328791 0.41690302 0.55999506 
13541769372414 13540987085000 0.3263911 0.4166873 0.56089395 
13541775721872 13541002287000 0.32308924 0.4154098 0.5621532 
13541781031331 13541011004000 0.32209802 0.41442034 0.5624735 
13541786633539 13541021283000 0.32128057 0.41342935 0.5627913 
13541791940247 13541032160000 0.32062063 0.41256535 0.563173 
13541798787539 13541043501000 0.3200722 0.4118544 0.563583 
13541805445497 13541054207000 0.3191529 0.41106257 0.5642626 
13541811747997 13541063492000 0.31887278 0.41069004 0.5646441 
13541817534164 13541078920000 0.31883913 0.4103462 0.5649279 
13541823781205 13541087783000 0.3190873 0.40996766 0.5650317 
13541828932539 13541098022000 0.3194818 0.40965253 0.56504756 
13541835680331 13541109123000 0.31988347 0.40939158 0.56507796 
13541841799497 13541118294000 0.31998113 0.4091177 0.56530607 
13541848571205 13541128176000 0.3200475 0.4087009 0.5656925 
13541854544914 13541138255000 0.32020375 0.40833205 0.5659124 
13541860109956 13541148510000 0.3201938 0.40801442 0.5661979 
13541866705122 13541158623000 0.31987277 0.4077244 0.56667125 
13541872708455 13541169025000 0.31954986 0.40748695 0.5671178 
13541879374247 13541180550000 0.31934586 0.40715504 0.56752986 
13541889125747 13541189563000 0.31910735 0.40672892 0.5679788 
13541897262414 13541201821000 0.3185644 0.4061631 0.56852144 
13541904015580 13541212020000 0.3181648 0.4056816 0.56892836 
13541910169581 13541223360000 0.3180095 0.40536478 0.5692546 
13541916899580 13541232854000 0.31788433 0.40508196 0.56962496 
13541923596664 13541244487000 0.31784874 0.40488145 0.57002354 
13541928825080 13541252934000 0.3178254 0.40460604 0.5705034 
13541935600497 13541263118000 0.31784737 0.4042147 0.5710541 
13541941634455 13541273110000 0.317805 0.40367457 0.5717478 
13541948595122 13541285334000 0.31720564 0.40256038 0.57329804 
13541957383914 13541294441000 0.31675774 0.40208915 0.57414883 
13541963440039 13541304390000 0.3162793 0.40165237 0.5748711 
13541968875705 13541314055000 0.31592038 0.40117502 0.5754348 
13541974327247 13541324059000 0.31565887 0.40067026 0.5758557 
13542005904747 13541335688000 0.31544307 0.4001984 0.5761767 
13542020799831 13541344995000 0.31507185 0.39979103 0.57649225 
13542027967497 13541355106000 0.31458378 0.39945886 0.5769199 
13542034336122 13541365162000 0.3140875 0.3991821 0.57739484 
13542039517247 13541375382000 0.3136115 0.39892432 0.5779386 
13542045493539 13541385982000 0.31307054 0.39856657 0.5787619 
13542050770039 13541396038000 0.31281173 0.39823273 0.5794826 
13542056204956 13541406127000 0.31288156 0.39796984 0.57993793 
13542060745164 13541416352000 0.3131048 0.39767513 0.5803584 
13542065490831 13541426387000 0.31342816 0.397462 0.5807175 
13542070151706 13541436501000 0.31381175 0.39724848 0.5810871 
13542075876289 13541449585000 0.3141985 0.39700115 0.5815167 
13542080669831 13541458123000 0.3143693 0.39681304 0.58192384 
13542086828706 13541471421000 0.31418195 0.3970597 0.582422 
13542143793330 13541480289000 0.31395108 0.397315 0.58284754 
13542149407414 13541489844000 0.31373549 0.39747614 0.58334446 
13542154400914 13541501217000 0.31375995 0.39738265 0.5838566 
13542159006247 13541511384000 0.31384325 0.39717415 0.58437973 
13542168078372 13541521476000 0.31382158 0.3968788 0.58496547 
13542174581205 13541531555000 0.31363627 0.3965316 0.58560336 
13542180473914 13541541684000 0.31343013 0.3960924 0.58618313 
13542200752914 13541553226000 0.3128646 0.3949708 0.5869945 
13542206393831 13541562532000 0.3125202 0.39437175 0.58745563 
13542213691539 13541572014000 0.31211352 0.39388055 0.5878464 
13542219751705 13541582142000 0.31180802 0.39353687 0.58815056 
13542229352247 13541597558000 0.31155014 0.3933044 0.58842653 
13542248685497 13541606549000 0.31140846 0.39313394 0.58867323 
13542260513331 13541617244000 0.31182998 0.39293382 0.58878434 
13542266854539 13541627252000 0.31263247 0.3928953 0.5888335 
13542272101789 13541636742000 0.3132033 0.39307085 0.5888969 
13542277943455 13541646837000 0.3137918 0.39335722 0.5888391 
13542283962372 13541657093000 0.3144066 0.3936023 0.58873004 
13542289234080 13541666999000 0.3149266 0.39378387 0.58865726 
13542294917539 13541677077000 0.31543174 0.39394584 0.5885312 
13542300797372 13541687386000 0.31583354 0.39389765 0.58846575 
13542307747455 13541700918000 0.3163734 0.39355704 0.5884076 
13542312949997 13541709660000 0.31665558 0.39338043 0.5884732 
13542317229206 13541719764000 0.3169906 0.3932886 0.58853376 
13542323255705 13541729616000 0.317048 0.39344344 0.5887193 
13542327879997 13541739760000 0.3169882 0.39378878 0.5888641 
13542341226831 13541749841000 0.3168412 0.39423016 0.58900535 
13542359705455 13541760055000 0.31662107 0.3945668 0.58919656 
13542365123914 13541770196000 0.31640634 0.39465204 0.58948827 
13542370387664 13541780103000 0.31619245 0.39448065 0.58987015 
13542377683914 13541790184000 0.3160561 0.39409712 0.5903545 
13542382997914 13541800422000 0.31591696 0.3935702 0.5909631 
13542387589622 13541810415000 0.3157432 0.3929932 0.5916677 
13542393907497 13541821425000 0.31558338 0.39191526 0.59299207 
13542399280914 13541831216000 0.31554928 0.39148542 0.5937277 
13542405227997 13541842950000 0.31554657 0.391233 0.59439725 
13542409711289 13541851546000 0.31551635 0.39121196 0.59501594 
13542416279747 13541861463000 0.31542546 0.3913597 0.59554446 
13542423189664 13541871528000 0.31534266 0.3915492 0.59599376 
13542427896580 13541881835000 0.3152664 0.3916698 0.5964248 
13542434388622 13541891924000 0.315179 0.39170432 0.5968134 
13542439001914 13541902001000 0.3150419 0.39164492 0.5972467 
13542444523372 13541912129000 0.3148332 0.39153367 0.597745 
13542450842581 13541922390000 0.31449255 0.391249 0.59850234 
13542456106539 13541932526000 0.3141902 0.39089447 0.59926885 
13542463622080 13541942301000 0.31404057 0.39075714 0.5997969 
13542470053997 13541952427000 0.31395954 0.39075235 0.6002549 
13542475656664 13541962848000 0.31381145 0.390858 0.6007029 
13542482141664 13541973029000 0.31367925 0.3910112 0.6011237 
13542488237664 13541982753000 0.31363904 0.39121246 0.601467 
13542495444372 13541994404000 0.31356558 0.3913376 0.6017677 
13542501716831 13542004220000 0.31348684 0.39128038 0.6020387 
13542509238914 13542014927000 0.31329295 0.39093515 0.6024153 
13542516506164 13542025155000 0.31299987 0.3906801 0.60278094 
13542521124372 13542034472000 0.3126909 0.3906647 0.60303533 
13542526264372 13542044510000 0.3124169 0.39073202 0.60319626 
13542530923039 13542054578000 0.31225422 0.39090586 0.6032921 
13542536401081 13542064657000 0.3121571 0.3911783 0.6033289 
13542540739747 13542074751000 0.31206584 0.39149112 0.6033625 
13542546308789 13542084848000 0.31199977 0.39181128 0.60341406 
13542551226747 13542097000000 0.31198224 0.39208627 0.6034634 
13542556154456 13542105400000 0.31196162 0.39227983 0.6035177 
13542561653414 13542115574000 0.31190568 0.39235976 0.6036112 
13542567312164 13542125897000 0.31174305 0.3922486 0.6038103 
13542572865539 13542136021000 0.31162468 0.39205688 0.6040064 
13542627796581 13542145781000 0.3115083 0.392031 0.6041863 
13542647316539 13542155931000 0.3113387 0.3920221 0.6043807 
13542653508331 13542166051000 0.31123236 0.39201075 0.60460037 
13542666170831 13542176154000 0.3111726 0.39193866 0.60483015 
13542681689497 13542186264000 0.31113252 0.39185762 0.60508835 
13542697501247 13542196393000 0.31114995 0.39190024 0.6053205 
13542703756956 13542206459000 0.31118912 0.39203644 0.60548276 
13542710934997 13542216497000 0.31116152 0.39206725 0.60575145 
13542716206081 13542226646000 0.3112033 0.39196038 0.606026 
13542722612914 13542238357000 0.3113631 0.39141956 0.6065334 
13542730369872 13542247165000 0.3112743 0.39126077 0.606857 
13542735730039 13542257232000 0.31117642 0.39099613 0.60714537 
13542741240831 13542267217000 0.31110293 0.39061594 0.60746884 
13542750098872 13542277303000 0.3109532 0.3903236 0.6078445 
13542756618789 13542287425000 0.31073055 0.39018843 0.608232 
13542762902289 13542297478000 0.3104941 0.3902363 0.6085555 
13542768149581 13542307576000 0.31023893 0.39041212 0.608825 
13542775632622 13542317649000 0.31008303 0.39063928 0.60898906 
13542781343831 13542327727000 0.31000242 0.39093208 0.6090827 
13542787533039 13542338671000 0.30997175 0.39130074 0.6092021 
13542794995289 13542348799000 0.30993667 0.3915974 0.6094017 
13542799716830 13542358416000 0.30998498 0.39177608 0.60958153 
13542806944956 13542368449000 0.31003287 0.39192447 0.6098137 
13542813001789 13542378581000 0.30997887 0.39203128 0.6100903 
13542818241539 13542388629000 0.30989793 0.39215273 0.61033994 
13542826238372 13542398712000 0.30973545 0.39226726 0.6106435 
13542831989331 13542408800000 0.30950192 0.39231372 0.6109431 
13542837137706 13542418888000 0.30921936 0.39226556 0.61128545 
13542845240289 13542429000000 0.30899158 0.3921839 0.6116196 
13542851583706 13542439062000 0.30879533 0.39217696 0.61198264 
13542860112956 13542450494000 0.30835068 0.39223802 0.612604 
13542864384539 13542459685000 0.3081675 0.39228013 0.6129299 
13542870864414 13542469568000 0.3080291 0.39227346 0.6132489 
13542875978581 13542479426000 0.30790323 0.39225543 0.61359197 
13542880730831 13542490109000 0.3078088 0.39225343 0.6139588 
13542888424622 13542499749000 0.30773124 0.39224067 0.6143204 
13542894543831 13542509798000 0.30765 0.39218557 0.6147186 
13542899257039 13542519925000 0.3076657 0.3921694 0.6150807 
13542907124956 13542529994000 0.30773202 0.39224747 0.6153692 
13542914661539 13542540116000 0.3077448 0.39233175 0.61565053 
13542921016206 13542550181000 0.30771282 0.39243937 0.61592346 
13542927537997 13542561399000 0.30772772 0.39244 0.61640567 
13542933688289 13542570591000 0.30770114 0.39251176 0.6166231 
13542957687831 13542580572000 0.30759308 0.39258176 0.61685663 
13542984196997 13542590681000 0.30740258 0.39259338 0.6171205 
13542993046331 13542602132000 0.30723542 0.39251533 0.61739415 
13542998722372 13542611804000 0.3070403 0.39244968 0.6176726 
13543005934581 13542621901000 0.30678976 0.39245504 0.61796296 
13543056702081 13542631855000 0.30649176 0.3924701 0.6182705 
13543061621581 13542642091000 0.30624735 0.3924356 0.6185302 
13543068789664 13542653932000 0.3060437 0.3922409 0.61908484 
13543074605706 13542663177000 0.30595738 0.39244765 0.6193852 
13543079704372 13542672892000 0.3058457 0.39278343 0.6196756 
13543085757497 13542683084000 0.30573916 0.3930496 0.62000364 
13543090341331 13542693181000 0.30576208 0.39315075 0.6203232 
13543098070956 13542703108000 0.30584833 0.3931171 0.6206353 
13543102601289 13542713123000 0.30584764 0.3930428 0.62095517 
13543107419622 13542723182000 0.3056759 0.3929452 0.6212967 
13543111988789 13542733353000 0.30544066 0.39283347 0.62159985 
13543118560456 13542743470000 0.3052154 0.3926017 0.6218914 
13543122723872 13542753686000 0.30493632 0.3923256 0.6222421 
13543128210747 13542764081000 0.30447978 0.3919746 0.62274206 
13543134137831 13542774123000 0.30418465 0.39182144 0.6230577 
13543138728997 13542783948000 0.30392548 0.39156932 0.62348276 
13543143921914 13542794093000 0.3038706 0.39145806 0.623727 
13543151328914 13542804143000 0.30381092 0.39156 0.6239407 
13543156073497 13542814958000 0.3037061 0.3918555 0.62413067 
13543160708289 13542825159000 0.30364177 0.39212218 0.62432444 
13543169241331 13542835216000 0.30371854 0.3923049 0.6245041 
13543175310956 13542847245000 0.30387136 0.3924718 0.6247994 
13543182267039 13542857346000 0.3039448 0.39257264 0.62513196 
13543186660206 13542867030000 0.3039825 0.39254838 0.62537265 
13543191639372 13542877537000 0.30397344 0.39237288 0.62561315 
13543196850581 13542887666000 0.30390975 0.39219782 0.6258689 
13543202992914 13542897745000 0.30381793 0.3921261 0.6261005 
13543207878081 13542908875000 0.30367208 0.39212227 0.62632346 
13543214436122 13542917908000 0.30356696 0.3920994 0.62653846 
13543219824956 13542928393000 0.30357853 0.3921576 0.62669945 
13543225146664 13542938710000 0.30362657 0.3923833 0.62685525 
13543231329206 13542950141000 0.30355257 0.39258996 0.6273995 
13543236949706 13542959211000 0.30363193 0.39256793 0.6276217 
13543242322747 13542970323000 0.30374178 0.3925322 0.6278299 
13543248299206 13542981498000 0.3036964 0.39245608 0.62808627 
13543267329497 13542990248000 0.30363 0.39234078 0.62837046 
13543290563747 13543001832000 0.30367777 0.39230174 0.62860566 
13543323839581 13543011560000 0.3038042 0.3923576 0.6287788 
13543331283831 13543021654000 0.3038113 0.39262524 0.6289475 
13543338760331 13543034224000 0.3037958 0.39306518 0.6293745 
13543345942247 13543042951000 0.30386695 0.3931914 0.6295218 
13543403608331 13543053148000 0.30391994 0.39328027 0.629661 
13543409081372 13543063241000 0.30392635 0.3933115 0.62978154 
13543414171622 13543074126000 0.30396813 0.39330083 0.6299041 
13543418391706 13543084118000 0.3039431 0.39341006 0.6300285 
13543423337372 13543094264000 0.30388278 0.39365324 0.6301515 
13543428259622 13543107152000 0.3040667 0.39403465 0.63050556 
13543433094247 13543116910000 0.3042139 0.39435348 0.63062775 
13543437227997 13543127022000 0.30438492 0.39467853 0.63076824 
13543442830081 13543137101000 0.30453098 0.39493328 0.630951 
13543448702581 13543147235000 0.30462936 0.39511752 0.6311714 
13543453339831 13543157281000 0.3046801 0.39521828 0.6314128 
13543459486956 13543167380000 0.3047212 0.39521727 0.63164526 
13543466894081 13543177445000 0.30470413 0.39517152 0.63191223 
13543473087206 13543187563000 0.30464897 0.3951467 0.63221365 
13543478156289 13543197794000 0.3046629 0.39523572 0.6324741 
13543483520581 13543209187000 0.30477753 0.3953581 0.6329503 
13543488450789 13543218158000 0.30483562 0.3954464 0.63316023 
13543495447331 13543227948000 0.30493394 0.3955867 0.63325614 
13543499482164 13543238073000 0.30506027 0.3956666 0.633308 
13543505392289 13543248128000 0.30515823 0.39576235 0.63338786 
13543509728622 13543260603000 0.30519295 0.3959038 0.63345844 
13543515213372 13543269163000 0.30521274 0.39601853 0.63354 
13543519600664 13543279660000 0.30530062 0.39614382 0.6336154 
13543524808331 13543289618000 0.30537108 0.39625 0.6336716 
13543529946289 13543300892000 0.3053858 0.39631397 0.63381994 
13543536268372 13543309918000 0.30537003 0.39643356 0.63388073 
13543541360164 13543320814000 0.3053442 0.39652726 0.6340027 
13543546630456 13543330122000 0.30528808 0.39658505 0.63407487 
13543551667289 13543340080000 0.3052265 0.3966047 0.63418365 
13543557265581 13543350152000 0.3052168 0.39661145 0.6343064 
13543563552622 13543360189000 0.30524266 0.3965873 0.6344592 
13543568284414 13543370270000 0.3052896 0.3966056 0.6346615 
13543573758831 13543380531000 0.30527198 0.39667603 0.6348438 
13543578882331 13543391146000 0.3052628 0.39670256 0.6349946 
13543625465289 13543401371000 0.30527383 0.39674118 0.6351354 
13543633778664 13543412373000 0.30520892 0.39677376 0.63542074 
13543640001747 13543421563000 0.30506304 0.39680204 0.6355289 
13543655454331 13543431486000 0.30498204 0.39679116 0.6356651 
13543661632706 13543441558000 0.30494544 0.39677137 0.6357765 
13543667039247 13543451626000 0.3048454 0.39667267 0.6359125 
13543672944831 13543461816000 0.3046998 0.3965223 0.6360968 
13543677589372 13543471835000 0.30462605 0.39636138 0.6362532 
13543682963289 13543481903000 0.304625 0.39624915 0.6364015 
13543687116331 13543491972000 0.3046544 0.39623603 0.6365149 
13543692837497 13543502067000 0.30467248 0.39638275 0.6365642 
13543697133247 13543512165000 0.30473083 0.39660963 0.6365992 
13543704165539 13543523271000 0.30492842 0.39692253 0.63674843 
13543709222164 13543532535000 0.3050251 0.39709336 0.636784 
13543714246164 13543542434000 0.30515274 0.3971971 0.63682985 
13543719213122 13543552525000 0.30529013 0.39719164 0.6368844 
13543724240914 13543562940000 0.3054719 0.3970858 0.6369383 
13543728768331 13543572706000 0.30567288 0.39693356 0.6369718 
13543733526456 13543583240000 0.30576625 0.39688876 0.6369924 
13543737834456 13543593222000 0.30583993 0.3969846 0.6370379 
13543742973081 13543603613000 0.30583218 0.39720976 0.6370328 
13543748268872 13543616032000 0.3058209 0.3976328 0.63706064 
13543805885997 13543625040000 0.30585852 0.3978634 0.63703334 
13543810682706 13543635800000 0.30592868 0.39803642 0.6369938 
13543815278164 13543645201000 0.3058963 0.39817026 0.6369708 
13543819752956 13543659145000 0.30578777 0.39825034 0.6369818 
13543824069914 13543668284000 0.30573958 0.39830768 0.6369945 
13543828948206 13543678475000 0.30559325 0.39832097 0.6370363 
13543834846331 13543688915000 0.30526268 0.39823067 0.6372564 
13543840602122 13543699843000 0.30505833 0.39822996 0.6374735 
13543845887164 13543708668000 0.30490986 0.39832336 0.63761777 
13543850696539 13543718776000 0.3047467 0.39847088 0.6377604 
13543855495622 13543728914000 0.30466965 0.39862803 0.6378496 
13543859927872 13543738951000 0.30463523 0.39877918 0.63793236 
13543865449622 13543749078000 0.3046252 0.3989243 0.63799274 
13543869440164 13543759246000 0.30456498 0.399002 0.6380851 
13543874741789 13543769335000 0.30446646 0.39901307 0.63818324 
13543879027997 13543779475000 0.30433077 0.39888704 0.6383108 
13543884882081 13543789631000 0.3041758 0.39873886 0.63843673 
13543938745997 13543800181000 0.3039374 0.39871475 0.6386284 
13543944860372 13543810180000 0.30358568 0.39891052 0.6387909 
13543956681456 13543819920000 0.30341488 0.39906156 0.63885075 
13543976328122 13543830074000 0.30335045 0.39921534 0.63890046 
13543982280997 13543840135000 0.30334356 0.39937523 0.63896704 
13543987547914 13543850243000 0.30334485 0.39959142 0.63904107 
13543991853622 13543860347000 0.30333692 0.3997749 0.6391562 
13543997245497 13543870410000 0.30337998 0.39985237 0.6393139 
13544001671539 13543880495000 0.30341226 0.39982525 0.6394897 
13544007937872 13543890625000 0.30346903 0.3997191 0.63970643 
13544013768372 13543901712000 0.30345336 0.3996993 0.6400038 
13544018158081 13543911895000 0.30334604 0.3996789 0.64024043 
13544022615122 13543921248000 0.30325055 0.39966008 0.6403358 
13544028234206 13543931472000 0.30314183 0.39969695 0.64036983 
13544071929581 13543941531000 0.3029934 0.399781 0.64039135 
13544077784247 13543951595000 0.30276275 0.3998692 0.6403992 
13544082267039 13543961659000 0.30251032 0.39994648 0.6403997 
13544087330581 13543971751000 0.3022732 0.39998388 0.6404508 
13544091516997 13543981879000 0.30208176 0.4000084 0.6404828 
13544098162581 13543991901000 0.30192828 0.4000485 0.6405421 
13544103055331 13544002002000 0.30179092 0.40016374 0.64064395 
13544109958581 13544013491000 0.30170143 0.40054888 0.6408709 
13544115825289 13544023774000 0.3016728 0.40076312 0.64094603 
13544120671206 13544033551000 0.30164587 0.40091002 0.64103943 
13544126169622 13544043465000 0.3016878 0.40099955 0.641125 
13544130656539 13544053888000 0.30174214 0.40109736 0.6412209 
13544136593206 13544064131000 0.30172014 0.40126967 0.6413119 
13544186261664 13544074084000 0.30160555 0.40143204 0.64142615 
13544191439497 13544084162000 0.30144346 0.40153116 0.6415729 
13544196365372 13544094599000 0.30125305 0.4016082 0.64166135 
13544201776956 13544105152000 0.30087757 0.40165186 0.6418271 
13544206996206 13544115456000 0.30050784 0.40158063 0.6420578 
13544213904372 13544124564000 0.30034995 0.4015704 0.6421393 
13544218654956 13544134602000 0.3002396 0.40162382 0.6421908 
13544222970039 13544144731000 0.30009598 0.4017099 0.64231765 
13544227706372 13544154839000 0.29996204 0.4018405 0.6424432 
13544231990831 13544164962000 0.29990178 0.4019309 0.6425615 
13544236924706 13544175165000 0.29988602 0.4019904 0.6426951 
13544303692665 13544185684000 0.29983965 0.40207335 0.6428427 
13544309032957 13544195379000 0.29974353 0.40215734 0.6430121 
13544317017999 13544205424000 0.2996499 0.40227517 0.643143 
13544325364249 13544217128000 0.2995187 0.40239528 0.6434545 
13544339319832 13544226396000 0.2994547 0.40246317 0.64356196 
13544346142999 13544235662000 0.29934153 0.40251678 0.6436828 
13544351050374 13544245727000 0.29929575 0.4025671 0.6437874 
13544355843624 13544255839000 0.2992839 0.4026038 0.64385915 
13544360211874 13544266609000 0.29929686 0.40269896 0.64392096 
13544365116582 13544276244000 0.299286 0.4028297 0.6439792 
13544369284582 13544286264000 0.29927456 0.40287858 0.6440441 
13544426237832 13544296413000 0.29924688 0.40277034 0.64415145 
13544434385249 13544306473000 0.2991811 0.40261307 0.6443046 
13544439914415 13544316697000 0.29910687 0.40242502 0.64448667 
13544448116874 13544328086000 0.29899153 0.4018822 0.64489293 
13544454763707 13544341435000 0.29881278 0.40162057 0.64511955 
13544466397416 13544350219000 0.29869738 0.4015392 0.645342 
13544471335999 13544359843000 0.2986318 0.4017029 0.64549935 
13544477977290 13544369952000 0.29852158 0.40197268 0.6456425 
13544483109457 13544380077000 0.2983866 0.40226185 0.64569503 
13544487999082 13544390181000 0.29838297 0.4025861 0.6456351 
13544493743582 13544400341000 0.29847717 0.40292206 0.6455013 
13544501201207 13544410400000 0.29846612 0.4032869 0.64546496 
13544515912166 13544420683000 0.29827288 0.40351197 0.64558274 
13544570722707 13544430533000 0.2981995 0.4036068 0.64560324 
13544576545582 13544441323000 0.29813355 0.40360323 0.64561963 
13544581366582 13544451531000 0.29798162 0.40358073 0.64567757 
13544587896165 13544461522000 0.29784182 0.40360743 0.64574367 
13544593021207 13544471564000 0.29779565 0.4036708 0.645747 
13544597912165 13544481642000 0.29777846 0.4037652 0.6457682 
13544606211707 13544491816000 0.29774165 0.4038446 0.64584816 
13544610752499 13544501886000 0.29775953 0.40391925 0.6459504 
13544618050915 13544512109000 0.29767194 0.4040445 0.6461096 
13544624744457 13544522147000 0.2975414 0.40409884 0.64629537 
13544629201124 13544533447000 0.29747823 0.40414816 0.64639884 
13544634391582 13544542742000 0.29739335 0.40421298 0.6465046 
13544640510749 13544552813000 0.29723662 0.40429133 0.64662135 
13544645637041 13544562995000 0.2970826 0.40437907 0.64674145 
13544696959624 13544573551000 0.29697466 0.4045258 0.64681494 
13544703588832 13544583481000 0.29683962 0.40474248 0.6469051 
13544708761665 13544593202000 0.2967443 0.4049082 0.64701974 
13544717261541 13544605653000 0.29659352 0.4047743 0.64733726 
13544725263582 13544614677000 0.29651198 0.404731 0.6474374 
13544741625082 13544624055000 0.2964076 0.40467137 0.6475762 
13544748576082 13544634724000 0.2962894 0.40460294 0.64776134 
13544755765624 13544644811000 0.2962112 0.4045578 0.6479216 
13544760766791 13544654891000 0.2961819 0.4046343 0.6479902 
13544766126749 13544664941000 0.29619282 0.40479138 0.6480405 
13544772978165 13544676047000 0.2961456 0.4051173 0.6480509 
13544777687999 13544685354000 0.29607278 0.4054526 0.64805627 
13544824067332 13544695298000 0.29609206 0.4056968 0.64806104 
13544829963374 13544705399000 0.2961187 0.40574157 0.648142 
13544838021915 13544715682000 0.2960805 0.40557954 0.64840513 
13544843015457 13544726474000 0.2960759 0.40538532 0.6486596 
13544848219499 13544736189000 0.29606545 0.40531006 0.64879525 
13544854894457 13544745938000 0.29603705 0.40533903 0.64890045 
13544859813707 13544756030000 0.29599452 0.40544543 0.64896053 
13544865645457 13544766674000 0.29597753 0.40557384 0.64901954 
13544871540249 13544776345000 0.29600546 0.4057651 0.6490375 
13544876664041 13544786479000 0.29603267 0.40600157 0.6490544 
13544882077749 13544796444000 0.29605514 0.40627608 0.6490934 
13544888914040 13544806537000 0.29601428 0.4064896 0.6491735 
13544894812999 13544818251000 0.2960413 0.4065815 0.64930546 
13544947019832 13544827481000 0.29608947 0.4065339 0.649374 
13544953693707 13544836917000 0.29605 0.40644643 0.64945734 
13544959276540 13544846952000 0.2959234 0.406418 0.64953524 
13544964743915 13544857096000 0.2958115 0.4064118 0.6495868 
13544970337624 13544867650000 0.29567453 0.40647277 0.64958364 
13544975443124 13544877224000 0.29551902 0.4066666 0.649553 
13544980581582 13544887336000 0.29533342 0.40689456 0.64956635 
13544986436207 13544897398000 0.2952082 0.40715533 0.64955604 
13544990891332 13544907517000 0.29518512 0.4073951 0.64954895 
13544996612791 13544917713000 0.29522315 0.40752792 0.64959383 
13545002970416 13544929826000 0.29532555 0.40753636 0.6498749 
13545007754582 13544938769000 0.29538727 0.4075488 0.6499537 
13545100665124 13544948660000 0.29543477 0.40755373 0.6500088 
13545109035874 13544958761000 0.2954246 0.40753222 0.6500706 
13545123433540 13544968881000 0.29540196 0.40749225 0.65012115 
13545129465915 13544979190000 0.29541948 0.4075064 0.6501155 
13545136187666 13544989012000 0.29535067 0.40754232 0.6501392 
13545176162082 13545001969000 0.29528075 0.4075971 0.65017366 
13545195750082 13545014130000 0.29523316 0.4078078 0.65027726 
13545208509999 13545024705000 0.29519305 0.40799794 0.6503195 
13545214021749 13545033545000 0.29515103 0.40813524 0.65038824 
13545219321332 13545043520000 0.2951632 0.4081972 0.6504646 
13545224261624 13545053497000 0.29519036 0.40823624 0.65052766 
13545229076040 13545063531000 0.2951653 0.40822005 0.65062386 
13545234527832 13545074010000 0.29511315 0.40822843 0.6507067 
13545239042665 13545084134000 0.29505467 0.40826097 0.6507729 
13545296598707 13545095699000 0.29491273 0.4083921 0.6510001 
13545301935666 13545104989000 0.29492107 0.4084856 0.6509758 
13545306831499 13545114412000 0.29492795 0.4085296 0.6509762 
13545311440916 13545124790000 0.294858 0.40862352 0.65095913 
13545316635791 13545134859000 0.2947753 0.408774 0.6509333 
13545320961207 13545145000000 0.2946946 0.40894908 0.6509347 
13545326863207 13545155147000 0.29466873 0.409153 0.6509421 
13545331781457 13545165242000 0.29468724 0.4092827 0.6509585 
13545336989416 13545175368000 0.29468575 0.4092991 0.6509946 
13545341819832 13545188929000 0.2945588 0.40913355 0.6511943 
13545349188165 13545197439000 0.29454175 0.40910754 0.6512372 
13545355374749 13545208685000 0.2944172 0.4091352 0.6512753 
13545359537290 13545217550000 0.2942881 0.40920475 0.65126455 
13545365234708 13545227567000 0.29422385 0.4093821 0.6511686 
13545369595040 13545237652000 0.29414704 0.4095653 0.6510973 
13545375483208 13545247734000 0.29403484 0.40973118 0.65103513 
13545379613415 13545258020000 0.29395077 0.4098307 0.6509897 
13545386080749 13545271637000 0.293871 0.4099085 0.651075 
13545431866624 13545282049000 0.29386172 0.40990755 0.65110844 
13545437786541 13545293368000 0.293772 0.41005135 0.6511255 
13545442624416 13545302235000 0.29376167 0.41031158 0.6511046 
13545448165457 13545312284000 0.29380766 0.41052684 0.65113264 
13545453695666 13545322357000 0.29387382 0.41059655 0.6512295 
13545459688665 13545332853000 0.29393354 0.4106192 0.6512922 
13545469498832 13545342537000 0.2939924 0.41059804 0.6513842 
13545474859040 13545352725000 0.29398784 0.4103696 0.65154546 
13545480126166 13545363075000 0.29402268 0.40982628 0.65183455 
13545485227124 13545373214000 0.2941164 0.40949705 0.6519598 
13545489752624 13545383477000 0.2940842 0.40955564 0.65194577 
13545494434457 13545395578000 0.29399338 0.409819 0.6518501 
13545520269166 13545404297000 0.2939585 0.41024613 0.65164685 
13545538726874 13545414468000 0.2939315 0.41070488 0.65144 
13545544177957 13545424593000 0.29391482 0.41105187 0.65125585 
13545587633749 13545434687000 0.2939267 0.41125086 0.6511039 
13545592033957 13545444831000 0.29393706 0.41135395 0.6509888 
13545597855124 13545456574000 0.2939648 0.41123572 0.65107167 
13545604969165 13545466097000 0.2939854 0.41120258 0.65111023 
13545609968790 13545475108000 0.29402104 0.41125944 0.65111697 
13545614977999 13545485271000 0.29403898 0.4113582 0.65117645 
13545619482874 13545495349000 0.29405957 0.41147956 0.65122616 
13545624639457 13545505501000 0.29407662 0.41157916 0.65129465 
13545630248958 13545515615000 0.29410413 0.4115779 0.65138876 
13545635660666 13545525551000 0.29414585 0.41148886 0.6515129 
13545640757708 13545535645000 0.2941845 0.41136274 0.65163624 
13545645555874 13545545784000 0.2941631 0.41130164 0.6517789 
13545652843999 13545556234000 0.29408956 0.4112792 0.6519166 
13545659017041 13545566586000 0.2939958 0.41135117 0.6520762 
13545664387624 13545576725000 0.29388735 0.41149804 0.65219 
13545714376791 13545586164000 0.29383 0.41163954 0.65220857 
13545720141874 13545596136000 0.29380366 0.4117839 0.65223217 
13545725452624 13545606227000 0.2938055 0.41189852 0.652234 
13545730036874 13545616352000 0.29377362 0.4119365 0.6522727 
13545735378374 13545626449000 0.29377517 0.41189426 0.6523163 
13545740141583 13545636550000 0.29384187 0.41190413 0.6522643 
13545745633583 13545646622000 0.2938244 0.41187856 0.65228266 
13545750216374 13545656836000 0.29372478 0.41194683 0.6523223 
13545754942874 13545667170000 0.29370698 0.41212833 0.65231705 
13545760382791 13545677631000 0.29368556 0.41234508 0.6522779 
13545765739166 13545687832000 0.29357985 0.4124475 0.6523042 
13545770999999 13545697255000 0.29367924 0.4124895 0.6522619 
13545775627624 13545707300000 0.29378495 0.41255194 0.65221417 
13545821538416 13545717382000 0.2937972 0.41256306 0.65222913 
13545827500999 13545727458000 0.29381555 0.41254437 0.6522591 
13545832995791 13545737530000 0.29391435 0.41257876 0.65220946 
13545837936666 13545747615000 0.29397267 0.41262713 0.6521695 
13545843323499 13545757690000 0.2939611 0.41267785 0.652161 
13545848077166 13545767795000 0.29393336 0.41269615 0.6521733 
13545853059624 13545777872000 0.29392532 0.41262814 0.6521906 
13545866650207 13545788515000 0.2937889 0.4125203 0.65229857 
13545910057458 13545798597000 0.29362366 0.41254637 0.65239847 
13545920828958 13545808277000 0.29352856 0.41265148 0.652389 
13545971300957 13545818387000 0.29348424 0.41272113 0.6523964 
13545977631291 13545828448000 0.29352793 0.41276854 0.65240276 
13545983639291 13545838559000 0.2936728 0.41289836 0.6523733 
13545988140249 13545848603000 0.29381618 0.41297966 0.65240943 
13545994378291 13545858817000 0.2939421 0.41295892 0.65247846 
13545998837249 13545868902000 0.29405907 0.41282436 0.65257025 
13546004110874 13545879150000 0.2941491 0.41254365 0.6526686 
13546008486791 13545889123000 0.29415408 0.41220805 0.65274656 
13546014234499 13545899568000 0.2939534 0.41178182 0.6528984 
13546018491582 13545913211000 0.29367587 0.41152048 0.65299284 
13546024762541 13545923546000 0.29350016 0.41155514 0.6529455 
13546029640457 13545933528000 0.29333878 0.41183266 0.652781 
13546034335166 13545943569000 0.29321373 0.4121647 0.6525961 
13546039083707 13545953476000 0.29315722 0.41246775 0.652517 
13546044770499 13545964316000 0.29319823 0.41273397 0.6525206 
13546085151333 13545974618000 0.29326653 0.41266125 0.6525984 
13546090807666 13545983662000 0.2933577 0.41261086 0.6526342 
13546095941374 13545993694000 0.2934911 0.41253048 0.6526622 
13546100142833 13546003767000 0.29366052 0.4125658 0.65266395 
13546105650166 13546013909000 0.293739 0.4127331 0.65264505 
13546110424249 13546024070000 0.29380393 0.4129668 0.6526031 
13546116369916 13546034195000 0.2938421 0.41323018 0.6525104 
13546121850416 13546044235000 0.29387316 0.41336772 0.6524581 
13546127271041 13546054354000 0.29388997 0.41333213 0.6524227 
13546132845457 13546064467000 0.29385 0.41314456 0.65242785 
13546139480791 13546075363000 0.29370207 0.4129163 0.652462 
13546183806707 13546085423000 0.29334646 0.41285008 0.65251255 
13546189729416 13546095115000 0.29312766 0.4129407 0.65247816 
13546195157916 13546105135000 0.29304725 0.4131512 0.6523978 
13546200530166 13546115227000 0.2930797 0.41344416 0.652266 
13546205659708 13546125306000 0.29314417 0.413727 0.6521246 
13546211348374 13546135389000 0.2931618 0.41387808 0.6520569 
13546216509791 13546145514000 0.29326123 0.41399732 0.65198493 
13546221359833 13546155571000 0.29343447 0.41410246 0.6519204 
13546227958499 13546165712000 0.29357526 0.41413924 0.6518943 
13546238729749 13546176077000 0.2936614 0.41414362 0.6518821 
13546296109083 13546187327000 0.29352602 0.4142015 0.6520075 
13546306836749 13546196442000 0.29348046 0.41412827 0.65203345 
13546317242124 13546206056000 0.2934902 0.41402462 0.6520796 
13546323032624 13546216193000 0.293466 0.41398683 0.65208155 
13546328354791 13546226269000 0.2933654 0.4139465 0.6521307 
13546333066457 13546236388000 0.29330778 0.41399333 0.6521569 
13546337661082 13546246557000 0.29327297 0.41402745 0.65214103 
13546342362374 13546256636000 0.2932734 0.41408008 0.65212655 
13546347167791 13546266727000 0.29327163 0.4141316 0.65210295 
13546351696958 13546276842000 0.29324988 0.4141372 0.6521142 
13546356589624 13546287009000 0.2932661 0.4141031 0.6521511 
13546402517749 13546300644000 0.2932316 0.4141234 0.6523625 
13546407447707 13546309768000 0.29319787 0.41416392 0.65244526 
13546412962499 13546319822000 0.29316556 0.41421822 0.6524799 
13546418176166 13546329957000 0.2931249 0.41422695 0.65251064 
13546423275832 13546339962000 0.29303515 0.41416347 0.6525798 
13546428929249 13546350085000 0.2929623 0.41416454 0.65259904 
13546434289249 13546360149000 0.29294908 0.41422144 0.6525798 
13546439401332 13546370297000 0.29292706 0.41429782 0.65257084 
13546445294833 13546380617000 0.29291385 0.4143008 0.6526379 
13546449898249 13546390602000 0.29294032 0.41418162 0.65271777 
13546508299832 13546401491000 0.29295766 0.41411024 0.6527103 
13546513547791 13546411546000 0.29293403 0.41401798 0.65271515 
13546517993082 13546421638000 0.29285142 0.41392443 0.6527236 
13546522981957 13546431725000 0.29277316 0.4138219 0.6527007 
13546527642582 13546441796000 0.29269782 0.41377923 0.652634 
13546534400832 13546451921000 0.292555 0.41376546 0.65258706 
13546539153999 13546462118000 0.29244635 0.4138892 0.65248173 
13546544550541 13546474074000 0.29239377 0.41446143 0.6522705 
13546549213666 13546483315000 0.29241374 0.4146797 0.65216583 
13546553628416 13546492919000 0.29250017 0.41482195 0.65208113 
13546597490083 13546503092000 0.29270902 0.41490838 0.6519936 
13546602195208 13546513575000 0.2928693 0.41496468 0.65194535 
13546607010291 13546523555000 0.29290333 0.4149647 0.6519579 
13546611722291 13546533935000 0.29297027 0.41487586 0.6519911 
13546616958416 13546543811000 0.2930974 0.41478002 0.65199196 
13546621797874 13546553841000 0.29313686 0.4146768 0.652008 
13546641851166 13546563921000 0.2930658 0.41459644 0.6520369 
13546674529583 13546575664000 0.2929489 0.41454384 0.6522042 
13546683129583 13546584899000 0.29293683 0.4145744 0.6522003 
13546729752458 13546594442000 0.29293075 0.4145817 0.6522495 
13546734839916 13546604302000 0.29298085 0.41450006 0.6522988 
13546739519708 13546614434000 0.29308316 0.41437402 0.6523224 
13546745124792 13546624558000 0.29312423 0.41421598 0.65240633 
13546749906833 13546634826000 0.29310262 0.41408163 0.6524803 
13546754477000 13546644721000 0.29310983 0.4140073 0.65252304 
13546759294791 13546655056000 0.2931408 0.4139841 0.6525385 
13546764331541 13546665145000 0.29315722 0.41409546 0.6524792 
13546769046583 13546675245000 0.29308897 0.41418344 0.652512 
13546774252041 13546686847000 0.29303238 0.4142944 0.652674 
13546778761833 13546695972000 0.29310894 0.41432053 0.6526216 
13546783295666 13546705929000 0.29313868 0.41425493 0.65262467 
13546789072250 13546715630000 0.29313824 0.41417256 0.6526735 
13546831296458 13546726627000 0.29320997 0.41404483 0.652706 
13546839136750 13546736619000 0.29328272 0.41383994 0.6527714 
13546844463750 13546746709000 0.29333606 0.4135976 0.65283614 
13546849080041 13546756797000 0.29331806 0.41343963 0.65288633 
13546855856000 13546766864000 0.2933379 0.41332182 0.6529101 
13546862866291 13546778187000 0.29332492 0.4132187 0.65301615 
13546867720208 13546788416000 0.29336786 0.41314435 0.6531001 
13546883433458 13546797687000 0.29348135 0.41313785 0.6530792 
13546891988750 13546807849000 0.29353708 0.41314602 0.653084 
13546897851000 13546818047000 0.29352385 0.41316205 0.65312076 
13546945321792 13546828242000 0.29348013 0.41314816 0.65314585 
13546951589708 13546838301000 0.29343846 0.41315925 0.6530923 
13546956737458 13546848428000 0.29339126 0.41320685 0.6530647 
13546961008542 13546858508000 0.29337347 0.4132722 0.6530747 
13546966025333 13546868551000 0.2933758 0.41337937 0.6530676 
13546971149625 13546881031000 0.29325047 0.41346186 0.65328413 
13546977363958 13546890182000 0.29327 0.41338652 0.6533421 
13546982047542 13546899659000 0.29327402 0.41329876 0.65340537 
13546987039625 13546909723000 0.29329076 0.4132435 0.6534687 
13546991744375 13546919883000 0.29327655 0.41314957 0.6535467 
13546996868500 13546929945000 0.2932138 0.41304892 0.65362626 
13547045183375 13546940128000 0.29316166 0.41289747 0.65371484 
13547058092333 13546950246000 0.29316285 0.41273528 0.6537561 
13547076979417 13546960240000 0.29314363 0.4126771 0.6537735 
13547089626958 13546970352000 0.29313734 0.4127539 0.6536946 
13547096371542 13546982632000 0.29313472 0.4135731 0.65345305 
13547101141167 13546991864000 0.29317266 0.41415054 0.65331966 
13547106343375 13547001257000 0.29316747 0.41471866 0.6532014 
13547110683667 13547011337000 0.29325247 0.4153248 0.6530327 
13547115644000 13547021442000 0.2934439 0.41598332 0.65283835 
13547120137375 13547031567000 0.29361975 0.41666296 0.6527124 
13547161489125 13547041688000 0.2937451 0.41730294 0.6526356 
13547166835083 13547051885000 0.2938898 0.4179448 0.6525035 
13547171111458 13547061962000 0.2940472 0.41846332 0.65241134 
13547176460125 13547072936000 0.29413754 0.41887698 0.6523596 
13547180719000 13547082224000 0.29404506 0.41920567 0.6523474 
13547187231167 13547093748000 0.29367003 0.4196669 0.65255344 
13547191374583 13547102940000 0.2936511 0.41980842 0.6525964 
13547196655583 13547112839000 0.293743 0.41998678 0.65266895 
13547201780583 13547123161000 0.29396823 0.42031306 0.65274566 
13547207764250 13547133116000 0.2942539 0.42089066 0.65278685 
13547211929917 13547143507000 0.2944838 0.42177776 0.65277225 
13547216987083 13547153543000 0.29469827 0.42276865 0.6527009 
13547259926666 13547163453000 0.2950336 0.4237486 0.65255976 
13547264754958 13547173494000 0.29543605 0.4246797 0.6523647 
13547270484042 13547183612000 0.2957838 0.42557687 0.6521964 
13547275893875 13547194443000 0.29602402 0.4268529 0.65199417 
13547280873333 13547204862000 0.29627895 0.4277695 0.65182096 
13547285848833 13547213831000 0.29642686 0.42807114 0.65169895 
13547290697500 13547223924000 0.2965419 0.42816645 0.6516319 
13547295200209 13547234044000 0.29668376 0.4282413 0.65152055 
13547310079292 13547244180000 0.29670057 0.42825106 0.6514504 
13547318096708 13547254427000 0.2966311 0.42821753 0.6514385 
13547365289125 13547264350000 0.29645348 0.42816177 0.6514416 
13547369996041 13547274835000 0.29630798 0.4280015 0.6514595 
13547374830416 13547284509000 0.29616457 0.42773247 0.65154195 
13547379422125 13547294732000 0.29601833 0.4274918 0.6516401 
13547384948750 13547306503000 0.29581574 0.42738104 0.65181124 
13547389720750 13547315840000 0.2957733 0.42735624 0.6518235 
13547395533542 13547325169000 0.29580256 0.42740378 0.65185344 
13547405788625 13547335240000 0.2958667 0.42748109 0.6518776 
13547413022917 13547345348000 0.29590014 0.42745543 0.65192944 
13547433011375 13547355466000 0.29596183 0.42727074 0.65201217 
13547475547042 13547365588000 0.29605365 0.42700496 0.6521091 
13547480616958 13547375680000 0.2961347 0.42676798 0.6522035 
13547487476042 13547385690000 0.2960859 0.42660406 0.6523115 
13547492990292 13547395803000 0.29597664 0.4266076 0.6523418 
13547497432125 13547405980000 0.29590216 0.42675823 0.6523238 
13547506272750 13547416427000 0.2957778 0.4271333 0.65222263 
13547513003833 13547426602000 0.29559717 0.42746726 0.6520857 
13547517672542 13547436378000 0.29544684 0.4275341 0.6520237 
13547522996208 13547446431000 0.29530817 0.4274632 0.6520683 
13547527919167 13547456522000 0.29528412 0.42729145 0.65214014 
13547532988167 13547466688000 0.2952897 0.4270783 0.65221894 
13547582571333 13547476761000 0.29535514 0.42688113 0.6523436 
13547587470208 13547486841000 0.29546663 0.4267514 0.6524209 
13547592862583 13547496930000 0.29557976 0.42676383 0.65239316 
13547598129958 13547509794000 0.2956955 0.42681676 0.652443 
13547603712083 13547519660000 0.2958217 0.42681828 0.6523706 
13547607805375 13547530071000 0.29591265 0.4268627 0.65225387 
13547612703375 13547539753000 0.2959284 0.42699343 0.65213376 
13547617484042 13547549857000 0.29588324 0.42721918 0.6520016 
13547623034625 13547559971000 0.29590037 0.42749172 0.651817 
13547627333625 13547570124000 0.2959484 0.42776603 0.6515907 
13547669523416 13547580215000 0.2959527 0.4279581 0.65144134 
13547675550500 13547590302000 0.2959518 0.42804396 0.6513737 
13547679816458 13547600382000 0.29594946 0.42800415 0.6513328 
13547688038167 13547610570000 0.295876 0.4277346 0.6514669 
13547695546667 13547620994000 0.29573682 0.42738158 0.65168226 
13547699956041 13547631096000 0.29564106 0.42717582 0.65179574 
13547705825500 13547641174000 0.2954914 0.42704618 0.6519176 
13547709909833 13547651285000 0.29539734 0.42702958 0.652007 
13547715728584 13547661403000 0.2953173 0.42706752 0.6520429 
13547756567500 13547671573000 0.29526934 0.42714256 0.6520529 
13547761637667 13547681702000 0.29527763 0.42721877 0.6520608 
13547766475750 13547692339000 0.29525197 0.4272719 0.65207875 
13547771145333 13547701954000 0.2952355 0.42724696 0.65213287 
13547776613250 13547712827000 0.29524282 0.42708486 0.6522611 
13547780968667 13547722868000 0.29522237 0.4268666 0.6524621 
13547800563875 13547732124000 0.29525828 0.42664918 0.6525902 
13547818572583 13547743780000 0.2953062 0.4265888 0.6526165 
13547866847542 13547752481000 0.2953973 0.42669895 0.6525414 
13547874650250 13547762827000 0.29542375 0.42690676 0.6524436 
13547881587708 13547772824000 0.29544044 0.42709988 0.6523448 
13547888496250 13547782716000 0.2954794 0.42730036 0.6522513 
13547894875042 13547792828000 0.2956597 0.42745432 0.65209055 
13547899736458 13547802996000 0.29579124 0.42756253 0.6519804 
13547907400250 13547813118000 0.29578844 0.42765287 0.6519092 
13547912833708 13547824314000 0.29573014 0.42777807 0.65196794 
13547917791458 13547833993000 0.29573986 0.42779613 0.65196 
13547923458458 13547843467000 0.29575443 0.42780596 0.65196514 
13547928936000 13547853513000 0.2957128 0.42781225 0.65200406 
13547974076458 13547863697000 0.2957149 0.4279174 0.65200275 
13547979967667 13547873737000 0.29568985 0.42813194 0.6519694 
13547985309250 13547883782000 0.2955975 0.42835826 0.6519614 
13547990500834 13547893855000 0.2955369 0.42856532 0.6519757 
13547997007000 13547904326000 0.29550937 0.42880413 0.65199876 
13548002508792 13547914040000 0.2954521 0.42908117 0.65205556 
13548007812292 13547925054000 0.29527873 0.4298711 0.6521002 
13548013427250 13547935280000 0.2951694 0.43051872 0.652002 
13548019446208 13547945118000 0.29503378 0.4316057 0.65185076 
13548023712208 13547955206000 0.29523268 0.43217742 0.65169364 
13548030185375 13547965318000 0.29560268 0.4327108 0.65153354 
13548076605333 13547975997000 0.29594165 0.43331546 0.6513415 
13548083104750 13547986014000 0.29610357 0.4339807 0.65110815 
13548088031917 13547997265000 0.29609224 0.43465093 0.6508601 
13548092899250 13548006235000 0.29596448 0.43520856 0.65064657 
13548098944792 13548016301000 0.29573944 0.43572384 0.6504364 
13548105937584 13548027830000 0.29493442 0.43683812 0.6503859 
13548113503167 13548036959000 0.29456744 0.43736118 0.6503548 
13548118547792 13548046626000 0.29417935 0.43792355 0.6503821 
13548123598292 13548056622000 0.29385605 0.43846413 0.6504604 
13548130382375 13548067742000 0.29366302 0.43904573 0.65052694 
13548184061917 13548076867000 0.29370946 0.43961802 0.6506006 
13548189283250 13548087349000 0.2938895 0.4401807 0.6506839 
13548196000834 13548097360000 0.2941054 0.44070274 0.650852 
13548200962875 13548107487000 0.2944224 0.4413023 0.6509789 
13548213450625 13548117564000 0.2948197 0.4420018 0.65108645 
13548219644417 13548127687000 0.29525343 0.44274935 0.6511558 
13548253268083 13548138797000 0.29589897 0.44422308 0.651296 
13548258296083 13548148042000 0.29620317 0.44490436 0.6512776 
13548270951084 13548157913000 0.29639342 0.44559756 0.65125495 
13548287543250 13548168032000 0.29659954 0.44627166 0.65123856 
13548356751875 13548178167000 0.2968779 0.44693798 0.65121466 
13548365948334 13548188474000 0.2972026 0.44780877 0.6511089 
13548370977417 13548198300000 0.2974233 0.448872 0.65099156 
13548379815417 13548208423000 0.2974223 0.44992334 0.65097415 
13548384817708 13548219377000 0.29725116 0.45093206 0.65111405 
13548396796500 13548230367000 0.29691085 0.45280224 0.65147907 
13548402201000 13548240819000 0.29643258 0.45512643 0.6518133 
13548407415083 13548250164000 0.29599142 0.45658523 0.65206033 
13548411833584 13548259737000 0.2954473 0.45830497 0.65218157 
13548417804250 13548269847000 0.29504725 0.46011528 0.6522878 
13548421915917 13548279967000 0.2950885 0.461544 0.65219796 
13548426805625 13548290360000 0.29531494 0.46265295 0.652067 
13548430855334 13548300273000 0.29541138 0.4637722 0.6519956 
13548437806417 13548310768000 0.29535672 0.4647825 0.651922 
13548442032292 13548320453000 0.29512998 0.46569762 0.65191346 
13548447053500 13548330486000 0.29494414 0.46657297 0.65192044 
13548452233792 13548342130000 0.29455513 0.46861875 0.652004 
13548497239208 13548351449000 0.29439566 0.46961632 0.6520732 
13548503098167 13548361515000 0.2942889 0.47064224 0.65211564 
13548509499958 13548371527000 0.29428434 0.47169608 0.65206015 
13548514519458 13548381645000 0.2942944 0.47279266 0.65198416 
13548520875542 13548392828000 0.29428428 0.47389916 0.651904 
13548526258000 13548401914000 0.29449216 0.474958 0.65174514 
13548530887709 13548412434000 0.29484043 0.47586018 0.65159774 
13548536797375 13548422059000 0.29512036 0.4768152 0.65146405 
13548541041917 13548432129000 0.29529503 0.47776672 0.6513997 
13548547674208 13548443888000 0.29536578 0.47967845 0.6513561 
13548552189000 13548453207000 0.29541498 0.48042095 0.6513487 
13548557678667 13548462931000 0.29548293 0.4810264 0.651368 
13548561746292 13548472857000 0.29555774 0.48156494 0.6513964 
13548567536333 13548483186000 0.29557833 0.48205593 0.6514271 
13548614469958 13548492789000 0.2956228 0.48254758 0.6514178 
13548619805458 13548502815000 0.2957937 0.48294547 0.6514195 
13548624303292 13548513405000 0.29606187 0.48331928 0.65144724 
13548629346250 13548523470000 0.29634008 0.48370087 0.65148765 
13548633520417 13548533592000 0.29646462 0.48413846 0.6515672 
13548638185542 13548543686000 0.29644334 0.4845963 0.65165097 
13548649737667 13548554131000 0.29624364 0.48539814 0.6517001 
13548679918458 13548564220000 0.2960348 0.48607945 0.6516933 
13548685079792 13548573900000 0.29592568 0.48631737 0.6517232 
13548689939667 13548584638000 0.29574817 0.48641545 0.6517914 
13548694849208 13548594708000 0.29561305 0.48636135 0.6518912 
13548699388250 13548604843000 0.29557043 0.4864558 0.6518655 
13548742208000 13548614959000 0.29549783 0.48687956 0.65171516 
13548748063167 13548624979000 0.2949084 0.48753262 0.65187013 
13548753363208 13548635089000 0.29404202 0.4880037 0.6523269 
13548759439542 13548646760000 0.29260448 0.48809722 0.65335625 
13548768127333 13548655903000 0.29151982 0.48776427 0.6542255 
13548773548917 13548665840000 0.28998414 0.48663893 0.65542644 
13548778747917 13548675878000 0.2892548 0.4854515 0.6560726 
13548783939083 13548685947000 0.28863344 0.4845009 0.6564861 
13548788663500 13548696329000 0.28805187 0.48412406 0.65661836 
13548793627292 13548706374000 0.28754103 0.48432258 0.6564942 
13548798601417 13548716447000 0.2873149 0.48521852 0.65594244 
13548803604250 13548726591000 0.28781354 0.48657504 0.6550702 
13548860393084 13548736855000 0.2889142 0.48805276 0.65445375 
13548865070792 13548746734000 0.2904434 0.4891984 0.65427077 
13548870923834 13548757483000 0.2932148 0.49066392 0.6541806 
13548875155125 13548767630000 0.29589677 0.49160612 0.6541179 
13548880428334 13548777069000 0.29775712 0.49110022 0.6540087 
13548884594417 13548787193000 0.29912013 0.48977214 0.65405786 
13548889509875 13548797265000 0.29975933 0.487944 0.6543328 
