#SysTm EventTmStmp Gyro:x Gyro:y Gyro:z
13541348298164 13540516275000 -0.18112 0.1292 0.1014 
13541350044789 13540525368000 -0.23121 0.25534 0.01863 
13541359600080 13540534598000 -0.24923 0.38882 -0.06231 
13541366480289 13540543841000 -0.22999 0.50366 -0.11759 
13541372845039 13540553088000 -0.18876 0.55803 -0.1573 
13541379533663 13540562368000 -0.13561 0.50977 -0.18357 
13541387484580 13540571646000 -0.08796 0.34117 -0.19059 
13541477516247 13540581268000 -0.05223 0.1069 -0.19242 
13541489468205 13540590454000 -0.01497 -0.10018 -0.1857 
13541501482205 13540599617000 0.011 -0.219 -0.1686 
13541507988872 13540608778000 0.01894 -0.25229 -0.14539 
13541513105205 13540618108000 0.03238 -0.20495 -0.12981 
13541514478997 13540627286000 0.0391 -0.09285 -0.10996 
13541519509330 13540636695000 0.04795 0.03299 -0.08186 
13541526070372 13540645907000 0.04459 0.12431 -0.06109 
13541531298789 13540655167000 0.04704 0.17959 -0.03329 
13541536699664 13540664057000 0.05315 0.1744 0.00458 
13541543464664 13540673411000 0.04887 0.12492 0.03451 
13541550883956 13540682717000 0.03879 0.04673 0.05834 
13541557196747 13540692148000 0.03574 -0.00397 0.07117 
13541562561372 13540701588000 0.03329 -0.00031 0.07819 
13541567671039 13540710422000 0.03146 0.04184 0.06903 
13541573398789 13540719642000 0.02169 0.09743 0.05284 
13541581297414 13540728895000 0.02016 0.16493 0.03176 
13541584425622 13540738198000 0.00641 0.2248 0.00031 
13541592914664 13540747766000 -0.00489 0.27703 -0.01588 
13541599575705 13540757083000 -0.01466 0.31796 -0.02902 
13541606111747 13540766366000 -0.00183 0.34147 -0.04001 
13541613558414 13540775615000 0.00825 0.31979 -0.05345 
13541619270622 13540784835000 0.01649 0.27245 -0.05925 
13541624631872 13540794019000 0.02199 0.22113 -0.06414 
13541632119955 13540803574000 0.01649 0.18265 -0.07575 
13541639170747 13540812747000 0.00733 0.17715 -0.08277 
13541645425956 13540823281000 0.00733 0.20556 -0.09865 
13541646780164 13540832154000 0.00702 0.26603 -0.11729 
13541653021539 13540841306000 0.00275 0.3427 -0.13897 
13541660500414 13540850810000 0.00244 0.41569 -0.15608 
13541666489789 13540860343000 0.0055 0.47556 -0.1686 
13541671331872 13540869189000 0.00733 0.49388 -0.18326 
13541676458830 13540877559000 0.02505 0.42974 -0.17532 
13541677702080 13540887742000 0.04032 0.30574 -0.15516 
13541683615247 13540897357000 0.03726 0.15211 -0.13073 
13541703971664 13540906039000 0.02474 0.03482 -0.10904 
13541712186622 13540915461000 0.02749 0.00092 -0.10537 
13541734625789 13540923580000 -0.06475 0.12156 -0.13958 
13541745703872 13540932942000 -0.16616 0.26786 -0.14844 
13541748021205 13540942925000 -0.17318 0.34453 -0.17501 
13541754342122 13540952527000 -0.20769 0.36896 -0.17868 
13541759532164 13540960748000 -0.27153 0.34361 -0.17318 
13541760485622 13540970217000 -0.28344 0.27336 -0.15821 
13541765850206 13540979951000 -0.27519 0.18906 -0.12309 
13541770432539 13540988390000 -0.25962 0.10079 -0.09804 
13541771429539 13540999153000 -0.2248 0.01588 -0.08094 
13541777263539 13541007008000 -0.18051 -0.05253 -0.07972 
13541782049330 13541016089000 -0.15882 -0.05895 -0.06811 
13541787575455 13541025077000 -0.1295 -0.04093 -0.04276 
13541794157330 13541034403000 -0.09804 -0.02169 -0.02657 
13541795153539 13541043573000 -0.08094 -0.0058 -0.01802 
13541799678414 13541052669000 -0.05223 0.00183 -0.01038 
13541806470497 13541061936000 -0.02443 0.00458 0.00244 
13541813321914 13541071139000 0.00794 -0.01558 0.01008 
13541818526664 13541080712000 0.02169 -0.05345 0.00428 
13541824777830 13541089802000 0.03757 -0.06842 0.00886 
13541830228247 13541098848000 0.0452 -0.05528 0.00611 
13541831150581 13541108581000 0.01283 -0.03146 0.01497 
13541836852830 13541117768000 -0.00916 -0.0171 0.0223 
13541844035830 13541126808000 -0.00611 -0.02321 0.02199 
13541849706539 13541136161000 -0.0055 -0.03848 0.01955 
13541855646206 13541145241000 -0.02535 -0.01619 0.011 
13541861360497 13541154800000 -0.05315 0.02413 0.00916 
13541868119747 13541163797000 -0.05559 0.02321 0.00672 
13541874053289 13541173120000 -0.04765 0.00122 0.01161 
13541880749414 13541182290000 -0.05834 -0.00519 0.01283 
13541890587039 13541191611000 -0.06964 -0.00305 -0.00214 
13541891632622 13541201002000 -0.05681 -0.00764 -0.01374 
13541898563580 13541210138000 -0.03512 -0.0171 -0.00641 
13541905533372 13541219385000 -0.02413 -0.01863 0.01313 
13541911467039 13541228510000 -0.02138 -0.01313 0.02779 
13541918168455 13541237820000 -0.01894 -0.00153 0.04398 
13541924934997 13541247136000 -0.02902 -0.00428 0.06109 
13541930069622 13541256061000 -0.04276 -0.01069 0.07391 
13541936790705 13541265286000 -0.06567 -0.01069 0.08277 
13541943589789 13541274606000 -0.0901 -0.00061 0.0788 
13541944622747 13541283837000 -0.09957 0.02779 0.07025 
13541951115372 13541293102000 -0.09682 0.05376 0.04734 
13541958896872 13541302440000 -0.09163 0.04032 0.02382 
13541964621455 13541311578000 -0.07972 0.00886 0.0113 
13541970044622 13541320848000 -0.06903 -0.01985 0.00244 
13541975330289 13541330063000 -0.06048 -0.03329 -0.00489 
13542007054622 13541339290000 -0.073 -0.02566 -0.01344 
13542021881455 13541348555000 -0.07758 0.00305 -0.00886 
13542029615372 13541357753000 -0.06872 0.01283 0.00458 
13542035736456 13541367001000 -0.05925 0.0168 0.02016 
13542040562039 13541376261000 -0.04856 0.0226 0.03176 
13542041306456 13541385553000 -0.03848 0.01222 0.03635 
13542046533039 13541394752000 -0.01313 -0.00336 0.04062 
13542052021039 13541404007000 0.01222 -0.02749 0.04979 
13542057121455 13541413245000 0.02505 -0.04765 0.05681 
13542061894872 13541422521000 0.04062 -0.04948 0.05712 
13542066371914 13541431786000 0.04215 -0.04948 0.06292 
13542071335456 13541441031000 0.03787 -0.04337 0.0617 
13542076868497 13541450338000 0.02657 -0.02963 0.04215 
13542081562706 13541459547000 0.01894 -0.00031 0.01313 
13542082820080 13541468750000 0.01894 0.03543 0.00947 
13542087694455 13541478057000 0.00977 0.04398 0.01558 
13542145235081 13541487290000 0.00153 0.03024 0.02963 
13542150251206 13541496526000 -0.00397 -0.00977 0.04856 
13542155297706 13541505773000 -0.01436 -0.02596 0.04917 
13542159852080 13541514995000 -0.03176 -0.02199 0.04551 
13542169168997 13541524231000 -0.05406 -0.01527 0.0339 
13542175768414 13541533488000 -0.0675 -0.03054 0.02199 
13542181857581 13541542716000 -0.0785 -0.04337 0.00916 
13542194030664 13541552012000 -0.08125 -0.05192 -0.00031 
13542201851247 13541561267000 -0.08186 -0.05681 -0.00794 
13542207516414 13541570524000 -0.06842 -0.05192 -0.02291 
13542214693330 13541579781000 -0.03665 -0.04826 -0.02443 
13542220824539 13541589005000 -0.01008 -0.04765 -0.02077 
13542230651872 13541598297000 0.01313 -0.05467 -0.01191 
13542252175872 13541607509000 0.04765 -0.07147 0.00214 
13542254144705 13541616762000 0.08949 -0.0843 0.01894 
13542261574789 13541626015000 0.11729 -0.07758 0.02596 
13542267979789 13541635255000 0.1292 -0.06078 0.0171 
13542273380414 13541644498000 0.13989 -0.05986 -0.00031 
13542278956914 13541653741000 0.12553 -0.06933 -0.00367 
13542284967372 13541662976000 0.10263 -0.07178 -0.00428 
13542290344164 13541672252000 0.08552 -0.07911 -0.00794 
13542295942622 13541681491000 0.0617 -0.09194 -0.00886 
13542302085872 13541690915000 0.04551 -0.09957 -0.0058 
13542302978789 13541700088000 0.03482 -0.09285 0.00031 
13542308673705 13541709279000 0.04093 -0.07789 -0.00305 
13542313784289 13541718499000 0.04917 -0.04917 -0.00183 
13542318769372 13541727750000 0.04826 -0.0171 -0.00183 
13542324189414 13541737039000 0.04856 0.011 -0.01649 
13542329475664 13541746263000 0.04215 0.02627 -0.0168 
13542342890455 13541755507000 0.01405 0.01985 -0.00733 
13542360742247 13541764731000 -0.01588 0.00031 0.00794 
13542366536664 13541773996000 -0.04123 -0.0223 0.02505 
13542371844664 13541783204000 -0.0562 -0.04001 0.0452 
13542378978955 13541792501000 -0.06322 -0.04459 0.06567 
13542383969872 13541801738000 -0.06781 -0.0394 0.07636 
13542388558622 13541811157000 -0.06017 -0.03238 0.08033 
13542389319164 13541820205000 -0.04337 -0.02657 0.0846 
13542394853789 13541829506000 -0.02107 -0.02199 0.08735 
13542400212289 13541838746000 0.00183 -0.00305 0.07697 
13542406124706 13541847964000 0.02046 0.02535 0.06628 
13542411282289 13541857239000 0.03024 0.04154 0.0507 
13542417379664 13541866469000 0.02688 0.03726 0.04368 
13542424152080 13541875735000 0.01374 0.02718 0.04184 
13542429171164 13541884966000 -0.00031 0.01252 0.03482 
13542435335456 13541894213000 -0.01374 0.00825 0.03574 
13542440469956 13541903439000 -0.02474 0.01008 0.03848 
13542445487706 13541912866000 -0.03299 0.011 0.04184 
13542446247372 13541922001000 -0.02993 0.00702 0.04337 
13542451823164 13541931222000 -0.02291 0.00275 0.04734 
13542457376664 13541940489000 -0.00305 0.00764 0.05376 
13542464655955 13541949701000 0.01649 0.01649 0.04368 
13542471127664 13541958984000 0.01955 0.03574 0.03635 
13542477418456 13541968214000 0.02443 0.04062 0.03085 
13542483199830 13541977465000 0.02169 0.02902 0.02535 
13542489449039 13541986886000 0.00916 0.0168 0.01405 
13542496740331 13541996007000 -0.00458 -0.00825 0.00977 
13542502684206 13542005250000 -0.02199 -0.02535 0.00519 
13542505417914 13542014497000 -0.02596 -0.02535 -0.00031 
13542511496664 13542023750000 -0.01772 -0.01313 -0.00825 
13542517351664 13542032973000 -0.01008 0.00214 -0.01772 
13542521956497 13542042224000 0.00336 -0.00061 -0.02779 
13542527113539 13542051473000 0.02413 -0.00122 -0.02627 
13542531809206 13542060720000 0.03787 -0.00031 -0.02443 
13542537234872 13542069962000 0.03635 0.00305 -0.02169 
13542541766331 13542079234000 0.0394 0.0055 -0.01772 
13542547146872 13542088468000 0.03696 -0.00183 -0.01313 
13542552839206 13542097701000 0.02963 -0.00855 -0.01313 
13542557057539 13542106942000 0.01252 -0.0171 -0.011 
13542563151539 13542116314000 -0.00153 -0.01894 -0.00916 
13542563905914 13542125507000 -0.00458 -0.03146 -0.00947 
13542568138331 13542134719000 -0.00397 -0.03268 -0.00336 
13542621558039 13542143954000 -0.00367 -0.02016 0.00092 
13542628911914 13542153173000 -0.00702 -0.01161 -0.00183 
13542648425039 13542162486000 -0.00031 -0.01374 0.00825 
13542655045372 13542171733000 -0.00031 -0.0226 0.01619 
13542677338039 13542180967000 0.00397 -0.01863 0.02291 
13542682681331 13542190259000 0.01985 -0.00855 0.02474 
13542698736205 13542199524000 0.02382 -0.00458 0.01955 
13542704741830 13542208733000 0.00794 -0.00305 0.02902 
13542711972622 13542217966000 -0.00031 -0.02107 0.02963 
13542717610747 13542227343000 -0.00611 -0.04123 0.03421 
13542718705039 13542236465000 -0.01252 -0.03574 0.02688 
13542724940164 13542245830000 -0.0223 -0.01619 0.02413 
13542731317081 13542254956000 -0.03421 -0.03238 0.01741 
13542736742789 13542264173000 -0.04123 -0.04673 0.02627 
13542743195831 13542273432000 -0.03543 -0.02535 0.02688 
13542751067622 13542282683000 -0.01985 0.00122 0.02016 
13542758457622 13542291918000 -0.00153 0.02046 0.00825 
13542764082914 13542301164000 0.01436 0.03268 0.00031 
13542769185289 13542310417000 0.02902 0.0226 -0.00122 
13542776961164 13542319652000 0.03635 0.01497 -0.00305 
13542782519622 13542328932000 0.04184 0.00733 -0.00244 
13542783609956 13542338214000 0.03787 0.00641 0.00428 
13542789763039 13542347495000 0.03696 0.00794 0.01008 
13542796060831 13542356694000 0.03635 -0.00092 0.01924 
13542801344914 13542365895000 0.02932 -0.00428 0.02321 
13542808115664 13542375161000 0.01894 0.00153 0.02046 
13542814001539 13542384433000 0.01436 0.00153 0.01283 
13542819727622 13542393644000 0.0055 0.00764 0.01374 
13542827613331 13542402869000 -0.00855 0.00244 0.00977 
13542833002747 13542412141000 -0.01802 -0.00275 0.00672 
13542840898789 13542421418000 -0.01649 -0.00947 0.011 
13542846288914 13542430665000 -0.00672 -0.00153 0.01924 
13542852972622 13542439885000 -0.00275 0.01466 0.01344 
13542854923914 13542449208000 -0.00397 0.01252 0.01405 
13542860995956 13542458429000 -0.00183 -0.00061 0.01833 
13542865841872 13542467670000 -0.00153 -0.00794 0.01985 
13542871871706 13542476945000 -0.00183 -0.00886 0.02596 
13542876849706 13542486169000 -0.00031 -0.00519 0.03299 
13542881598956 13542495469000 0.00061 -0.00428 0.03238 
13542890114456 13542504668000 -0.00214 -0.0058 0.03787 
13542895516956 13542513913000 0.00825 -0.011 0.0394 
13542900802956 13542523121000 0.02138 -0.00855 0.0339 
13542908509664 13542532379000 0.0226 -0.00305 0.02657 
13542915633414 13542541658000 0.01924 -0.00031 0.02566 
13542923052706 13542550928000 0.01588 -0.00336 0.0223 
13542923884164 13542560152000 0.01772 -0.01161 0.02016 
13542928986581 13542569381000 0.01191 -0.00916 0.01283 
13542934614331 13542578630000 0.00092 -0.00153 0.01038 
13542960204997 13542587868000 -0.01405 -0.00336 0.00672 
13542987824247 13542597171000 -0.01741 -0.01222 0.01069 
13542994129039 13542606387000 -0.01802 -0.01069 0.00519 
13543000787539 13542615667000 -0.0171 -0.00031 0.00397 
13543051694164 13542624897000 -0.02138 0.00244 0.00458 
13543057686414 13542634257000 -0.01649 -0.01191 0.0055 
13543063300081 13542643333000 -0.01222 -0.02138 0.01466 
13543064785706 13542652644000 0.00183 -0.00336 0.0226 
13543070354289 13542661889000 0.02902 0.01161 0.02596 
13543075638956 13542671169000 0.03329 0.02382 0.02688 
13543081116414 13542680440000 0.02382 0.0223 0.03054 
13543086670997 13542689692000 0.0168 -0.00428 0.03696 
13543091221081 13542698913000 0.00458 -0.02352 0.03757 
13543099226206 13542708135000 -0.00672 -0.02107 0.02871 
13543103448664 13542717368000 -0.02718 -0.00855 0.01619 
13543108326247 13542726656000 -0.03665 -0.01283 0.00947 
13543114020747 13542735901000 -0.04307 -0.0281 0.0058 
13543119492122 13542745148000 -0.05131 -0.02291 0.00947 
13543123587706 13542754443000 -0.04612 -0.01191 0.00702 
13543124485331 13542763693000 -0.03757 -0.00977 0.01038 
13543130285039 13542772891000 -0.02566 -0.00947 0.01222 
13543135161706 13542782145000 -0.01405 -0.01802 0.01772 
13543139710414 13542791570000 0.00305 -0.02382 0.02291 
13543145155789 13542800631000 0.02749 -0.00153 0.02199 
13543152584581 13542809872000 0.03787 0.02016 0.01955 
13543156960122 13542819106000 0.03512 0.01436 0.02138 
13543165507872 13542828368000 0.03665 -0.00061 0.02932 
13543170241122 13542837621000 0.03329 -0.00428 0.03146 
13543171511122 13542846886000 0.02566 -0.00275 0.03115 
13543176182914 13542856137000 0.01466 -0.00489 0.02963 
13543183155414 13542865451000 -0.00275 -0.01405 0.03421 
13543187686789 13542874622000 -0.01833 -0.02841 0.02902 
13543192521747 13542883882000 -0.0171 -0.02443 0.02352 
13543198016289 13542893097000 -0.00886 -0.011 0.02077 
13543203915331 13542902390000 -0.00244 -0.00122 0.01741 
13543210280164 13542911654000 0.00183 -0.00275 0.01955 
13543215393706 13542920970000 0.01985 -0.00702 0.02718 
13543220853456 13542930138000 0.03574 0.00641 0.03207 
13543226417706 13542939651000 0.02779 0.0226 0.03329 
13543227433497 13542948680000 0.01527 0.0055 0.03543 
13543232306081 13542957906000 0.01436 -0.01222 0.03726 
13543238026039 13542967176000 0.01222 -0.01924 0.03665 
13543243443706 13542976407000 -0.00061 -0.01069 0.03146 
13543250241831 13542985703000 -0.00214 -0.00855 0.03512 
13543268669289 13542994916000 0.01527 -0.01161 0.03665 
13543293479914 13543004129000 0.03238 -0.01161 0.03543 
13543325141581 13543013365000 0.03635 0.01863 0.02749 
13543333027414 13543022600000 0.03604 0.02413 0.02779 
13543333982247 13543031897000 0.03574 0.01405 0.02841 
13543340092497 13543041144000 0.02841 -0.0055 0.02627 
13543347506206 13543050409000 0.02077 -0.01008 0.0226 
13543404921831 13543059622000 0.01497 -0.01894 0.01344 
13543409930539 13543068870000 0.01863 -0.02291 0.01558 
13543415063164 13543078134000 0.02749 -0.00977 0.01497 
13543419369247 13543087354000 0.03451 0.00489 0.01558 
13543424201039 13543096621000 0.04123 0.00672 0.0281 
13543424907456 13543105902000 0.05223 0.00031 0.03604 
13543429241664 13543115140000 0.05834 0.00458 0.03329 
13543434015206 13543124377000 0.05773 0.00428 0.03848 
13543438063956 13543133609000 0.04826 0.00153 0.0452 
13543444692997 13543142843000 0.03512 -0.00183 0.04246 
13543449706914 13543152100000 0.02138 -0.00733 0.03848 
13543454207414 13543161337000 0.01466 -0.01924 0.03604 
13543460818622 13543170626000 0.00733 -0.0168 0.03635 
13543468301414 13543179864000 0.00733 -0.00794 0.03971 
13543474266581 13543189086000 0.02107 -0.00275 0.03665 
13543478991706 13543198492000 0.02749 -0.00214 0.03726 
13543479691747 13543207617000 0.02688 -0.00458 0.0336 
13543484461997 13543216853000 0.02749 -0.00489 0.03299 
13543490706331 13543226115000 0.03574 -0.01374 0.02413 
13543496310706 13543235360000 0.03054 -0.02382 0.01924 
13543500732539 13543244616000 0.02779 -0.0168 0.02352 
13543506305456 13543253895000 0.02993 -0.00855 0.01833 
13543510686831 13543263259000 0.02657 -0.00916 0.01741 
13543516131997 13543272549000 0.02993 -0.01344 0.02016 
13543520542956 13543281608000 0.03238 -0.0171 0.01588 
13543525768372 13543290899000 0.0226 -0.01313 0.01436 
13543526527289 13543300362000 0.02077 -0.01161 0.00916 
13543531039539 13543309421000 0.02077 -0.00947 0.01191 
13543537185997 13543318637000 0.01527 -0.01191 0.01069 
13543543056081 13543327875000 0.00825 -0.01161 0.01191 
13543547535206 13543337161000 0.00489 -0.011 0.01894 
13543553316247 13543346374000 0.00733 -0.01374 0.02505 
13543558494414 13543355650000 0.01008 -0.01436 0.03054 
13543564567164 13543364872000 0.01436 -0.00519 0.03482 
13543569438997 13543374121000 0.01405 0.00122 0.0281 
13543574763831 13543383317000 0.01527 -0.00397 0.01985 
13543579835247 13543392616000 0.01466 -0.00611 0.01741 
13543626480872 13543402137000 0.01649 -0.00702 0.01283 
13543627834164 13543411113000 0.01038 -0.00672 0.011 
13543635478914 13543420333000 0.00275 -0.00428 0.00672 
13543641153206 13543429593000 -0.00122 -0.00825 0.01405 
13543656727289 13543438834000 -0.00153 -0.01497 0.01252 
13543663592206 13543448100000 -0.01252 -0.01649 0.01161 
13543668013956 13543457337000 -0.01772 -0.01466 0.01466 
13543673889789 13543466570000 -0.01161 -0.02046 0.0168 
13543678702872 13543475862000 0.00428 -0.02107 0.02382 
13543683808539 13543485065000 0.02016 -0.01527 0.0226 
13543688096081 13543494311000 0.03268 -0.00672 0.01497 
13543693706331 13543503584000 0.04032 -0.00336 0.0168 
13543699188956 13543512921000 0.04032 -0.00886 0.0223 
13543700227872 13543522078000 0.03848 -0.00519 0.01344 
13543705083414 13543531307000 0.03451 -0.00886 0.01863 
13543710133039 13543540559000 0.03207 -0.01558 0.01924 
13543715123914 13543549797000 0.02413 -0.02688 0.01802 
13543720099081 13543559080000 0.02077 -0.04093 0.0226 
13543725146831 13543568367000 0.01802 -0.04795 0.01924 
13543729821622 13543577582000 0.02566 -0.03207 0.01222 
13543734414414 13543586879000 0.03635 -0.01191 0.00977 
13543738717456 13543596106000 0.03665 -0.00031 0.00153 
13543743866914 13543605397000 0.04001 0.00122 -0.00183 
13543744930372 13543614587000 0.03787 0.00214 -0.00367 
13543798569539 13543623795000 0.04154 -0.00489 0.00214 
13543806868581 13543633100000 0.03146 -0.01527 0.00183 
13543811538539 13543642354000 0.01527 -0.01344 -0.00397 
13543816135914 13543651594000 0.0055 -0.01313 -0.00367 
13543820695497 13543660820000 0.00825 -0.0171 -0.00092 
13543825180581 13543670053000 -0.00305 -0.01588 -0.00122 
13543829903122 13543679275000 -0.01436 -0.00764 -0.00061 
13543830885664 13543688548000 -0.00611 -0.00825 0.00672 
13543835771039 13543697799000 0.0055 -0.00794 0.011 
13543841494831 13543707027000 0.01558 0.00336 0.01436 
13543847050997 13543716272000 0.01588 0.00916 0.01191 
13543851572247 13543725564000 0.02321 0.00305 0.01038 
13543856523331 13543734810000 0.02321 -0.00244 0.00977 
13543861064956 13543744046000 0.02046 -0.00702 0.00825 
13543866295872 13543753296000 0.00794 -0.0058 0.00825 
13543870712164 13543762563000 -0.00244 -0.01222 0.00702 
13543875656164 13543771819000 -0.01466 -0.02046 0.00489 
13543879868914 13543781036000 -0.01649 -0.02199 0.00489 
13543885762539 13543790414000 -0.0058 -0.0113 0.00458 
13543931165039 13543799689000 0.00519 0.00611 -0.00061 
13543940273497 13543808822000 0.00855 0.01374 -0.00275 
13543945855206 13543818067000 0.011 0.00214 0.00489 
13543960604706 13543827315000 0.01894 -0.00672 0.01466 
13543977575622 13543836519000 0.02413 -0.00519 0.02199 
13543983347247 13543845766000 0.03238 0.00458 0.02321 
13543988412622 13543855049000 0.02505 0.00611 0.0281 
13543993040456 13543864265000 0.01833 -0.00244 0.03299 
13543998083539 13543873547000 0.011 -0.01008 0.03176 
13544003697581 13543882797000 0.00916 -0.01619 0.03726 
13544008776164 13543892013000 0.01161 -0.00794 0.02902 
13544009489789 13543901324000 0.00764 -0.00183 0.01833 
13544014748872 13543910590000 0.00428 -0.00702 0.00886 
13544019019831 13543919819000 0.00031 -0.00977 0.00031 
13544024765289 13543929132000 0.00153 -0.00886 -0.00916 
13544065460414 13543938352000 0.00244 -0.00397 -0.01405 
13544073662247 13543947541000 -0.00641 -0.00244 -0.01924 
13544078782789 13543956771000 -0.00764 -0.00397 -0.01741 
13544083133914 13543965987000 -0.0058 -0.00367 -0.00947 
13544088186372 13543975259000 -0.00367 -0.01008 -0.0055 
13544093967622 13543984539000 0.00275 -0.00641 0.0058 
13544099011164 13543993757000 0.01374 0.00489 0.01344 
13544104987956 13544002976000 0.02505 0.011 0.01588 
13544106171372 13544012280000 0.03207 0.00764 0.01405 
13544110943706 13544021538000 0.02963 0.00733 0.01955 
13544117071331 13544030807000 0.02413 0.00214 0.02169 
13544121601414 13544040047000 0.02596 -0.0055 0.02352 
13544127120789 13544049339000 0.02566 -0.00336 0.02474 
13544131585831 13544058562000 0.02077 0.00641 0.0171 
13544176593497 13544067800000 0.01252 0.01283 0.011 
13544187763747 13544076996000 0.00305 0.00947 0.00825 
13544192817247 13544086248000 -0.00275 0.00061 -0.00122 
13544197291456 13544095546000 -0.00733 0.00031 -0.00733 
13544198344456 13544104768000 -0.01283 0.00214 -0.00641 
13544202993997 13544114027000 -0.01649 -0.00641 0.00153 
13544209936247 13544123254000 -0.00153 -0.01252 0.00122 
13544214745872 13544132513000 0.00702 -0.011 0.00305 
13544219502164 13544141755000 0.00733 0.00183 0.01313 
13544223807081 13544151034000 0.00886 0.00275 0.01527 
13544228609456 13544160302000 0.01008 -0.00428 0.01924 
13544232855706 13544169530000 0.01038 -0.00702 0.02413 
13544293373166 13544178923000 0.01191 -0.00061 0.02321 
13544304693624 13544188074000 0.01038 0.00672 0.01955 
13544309965290 13544197310000 0.01588 0.0058 0.01497 
13544319187790 13544206519000 0.01558 0.00122 0.01497 
13544320277457 13544215787000 0.01191 -0.00153 0.01863 
13544327110249 13544225049000 0.01161 -0.00153 0.01497 
13544341208874 13544234234000 0.00764 0.00183 0.01405 
13544347051916 13544243467000 0.00947 -0.00244 0.01833 
13544352266874 13544252826000 0.01283 -0.00825 0.02016 
13544356728374 13544262065000 0.01802 -0.00061 0.01894 
13544361097332 13544271296000 0.01527 0.00305 0.01772 
13544365968332 13544280795000 0.00305 -0.00886 0.01772 
13544371003207 13544289752000 -0.0113 -0.02046 0.02077 
13544427291707 13544299074000 -0.0168 -0.0171 0.0226 
13544435585499 13544308222000 -0.02077 -0.0168 0.02505 
13544442506540 13544317494000 -0.01772 -0.02474 0.02505 
13544443716415 13544326793000 -0.02169 -0.03299 0.02169 
13544449066165 13544336010000 -0.02199 -0.01283 0.02138 
13544456536332 13544345286000 0.00397 0.00428 0.02474 
13544467462790 13544354528000 0.02871 0.01985 0.0223 
13544472811540 13544363746000 0.03268 0.03054 0.01924 
13544478893582 13544372951000 0.03207 0.02566 0.00489 
13544484235624 13544382200000 0.0391 0.00916 -0.00061 
13544488849582 13544391439000 0.04826 -0.00153 -0.00061 
13544494915915 13544401085000 0.04032 -0.00153 -0.00122 
13544496694874 13544410055000 0.0223 0.01222 0.00183 
13544503736790 13544419222000 0.0058 0.00672 0.00458 
13544564293332 13544428523000 0.00428 -0.00672 0.00183 
13544571713916 13544437736000 -0.00275 -0.0171 0.00336 
13544577688374 13544447020000 -0.0058 -0.00916 0.00336 
13544582282457 13544456231000 0.00031 -0.00336 0.00672 
13544589175165 13544465505000 0.00886 -0.01191 0.00519 
13544593970040 13544474714000 0.01497 -0.00794 0.00794 
13544599335874 13544483983000 0.01405 -0.00183 0.01497 
13544607379124 13544493205000 0.02046 -0.00305 0.01863 
13544611605249 13544502574000 0.01741 -0.00183 0.01344 
13544612906665 13544511764000 0.00519 0.00336 0.00886 
13544619031624 13544520967000 0.0058 -0.00428 0.01161 
13544625644082 13544530224000 0.00611 -0.00031 0.01038 
13544630073999 13544539462000 0.0055 0.00275 0.0113 
13544637116416 13544548692000 0.00214 0.00855 0.0113 
13544641486874 13544557952000 0.00336 0.00794 0.01497 
13544691456416 13544567222000 0.01191 0.00733 0.01038 
13544698342415 13544576454000 0.01313 0.01955 0.01161 
13544704452124 13544585711000 0.01222 0.01436 0.01466 
13544709610040 13544594952000 0.00367 -0.00702 0.01741 
13544710356749 13544604231000 -0.00733 -0.01527 0.0113 
13544718483374 13544613461000 -0.00702 -0.01222 0.00977 
13544726988207 13544622710000 -0.00397 -0.00855 0.01405 
13544743525832 13544631961000 -0.00519 -0.00458 0.01772 
13544749479499 13544641220000 0.0055 -0.00458 0.01527 
13544756912874 13544650484000 0.0223 -0.00611 0.01038 
13544761949999 13544659687000 0.03024 -0.00122 0.01558 
13544768168249 13544669061000 0.03726 0.01588 0.00916 
13544773843499 13544678166000 0.03482 0.01772 0.00702 
13544778844749 13544687471000 0.02749 0.00367 0.01191 
13544825300207 13544696704000 0.01313 -0.01161 0.02077 
13544830888249 13544706149000 -0.00183 -0.01344 0.02413 
13544831684749 13544715261000 -0.00397 -0.02107 0.02138 
13544838914374 13544724475000 -0.00275 -0.01802 0.02443 
13544843984374 13544733761000 0.00367 -0.01405 0.02413 
13544849557082 13544742966000 0.01466 -0.00336 0.01649 
13544855819249 13544752270000 0.02107 0.00336 0.00886 
13544860854916 13544761463000 0.02413 0.00305 0.01222 
13544866516499 13544770741000 0.02657 0.00214 0.011 
13544873130707 13544779974000 0.03268 0.00519 0.01161 
13544877716957 13544789239000 0.03726 0.01222 0.01741 
13544884004040 13544798441000 0.02749 0.01466 0.01527 
13544889870332 13544807675000 0.01802 -0.00244 0.0113 
13544890752457 13544816964000 0.01344 -0.01802 0.00916 
13544941195124 13544826225000 0.00275 -0.01772 0.01802 
13544948308874 13544835542000 -0.00794 -0.01527 0.00794 
13544955467207 13544844707000 -0.00489 -0.00428 0.00122 
13544960173082 13544853980000 -0.00061 -0.00458 -0.00367 
13544965904082 13544863236000 0.00611 -0.00122 -0.01161 
13544971414582 13544872455000 0.01833 0.00672 -0.01344 
13544976495582 13544881714000 0.02016 0.01558 -0.00764 
13544981492791 13544890943000 0.02932 0.01161 -0.00275 
13544987465916 13544900225000 0.03146 0.00153 0.00672 
13544991743582 13544909445000 0.02474 -0.00977 0.01802 
13544997454457 13544918738000 0.01497 -0.01038 0.01894 
13544998316124 13544927998000 0.01283 -0.01405 0.02535 
13545004188582 13544937207000 0.01527 -0.01588 0.01802 
13545088455874 13544946476000 0.01191 -0.01619 0.01283 
13545101901541 13544955739000 0.00367 -0.01436 0.00733 
13545110142583 13544964957000 0.00244 -0.01772 0.0058 
13545124766165 13544974211000 0.011 -0.01985 0.00122 
13545130570041 13544983438000 0.01008 -0.01038 0.00183 
13545137178999 13544992679000 0.01252 -0.00825 0.00458 
13545139055415 13545002016000 0.01802 -0.00764 0.0055 
13545177507707 13545011214000 0.02596 -0.00183 0.01008 
13545197581916 13545020546000 0.02138 0.00519 0.01283 
13545210074791 13545029712000 0.01649 0.00244 0.01619 
13545215407499 13545038993000 0.01222 -0.00305 0.02107 
13545220254458 13545048253000 0.01008 -0.00733 0.01527 
13545225419374 13545057465000 0.00275 -0.0055 0.01436 
13545230216124 13545066716000 0.00153 -0.00214 0.01313 
13545235443749 13545076028000 0.00672 0.00244 0.01069 
13545240249708 13545085276000 0.00916 0.00336 0.01069 
13545279708249 13545094429000 0.00794 0.00489 0.011 
13545297762957 13545103710000 0.01344 -0.00336 0.00367 
13545303087916 13545112967000 0.01344 -0.00672 0.00702 
13545308080082 13545122192000 0.01894 0.00061 0.00122 
13545312933874 13545131464000 0.02535 0.00611 -0.00031 
13545317665207 13545140717000 0.0226 0.00977 0.00428 
13545321800041 13545149942000 0.02107 0.01008 0.01069 
13545327741082 13545159192000 0.01802 0.00092 0.01222 
13545332658582 13545168457000 0.00489 -0.00672 0.00977 
13545337843291 13545177687000 -0.0055 -0.01374 0.00825 
13545338553374 13545186947000 -0.00061 -0.01466 0.00519 
13545343146666 13545196192000 0.00764 -0.00794 0.00794 
13545350316083 13545205495000 0.00397 0.00122 -0.00153 
13545356249457 13545214668000 0.00916 0.00367 -0.00672 
13545360431749 13545223931000 0.02291 0.00275 -0.00947 
13545366123374 13545233149000 0.01985 0.00611 -0.00764 
13545370740999 13545242413000 0.0171 0.00458 -0.00825 
13545376361624 13545251658000 0.01222 -0.00214 -0.00458 
13545380601749 13545260879000 0.01222 -0.0058 0.00336 
13545381881624 13545270250000 0.01283 -0.01038 0.00672 
13545386976082 13545279456000 0.0113 -0.00733 0.01466 
13545432978832 13545288713000 0.01955 0.00764 0.01191 
13545438721791 13545297952000 0.0339 0.01405 0.0168 
13545443543041 13545307184000 0.03054 0.01344 0.02566 
13545449074790 13545316406000 0.01924 0.0058 0.03238 
13545454674832 13545325662000 0.01191 -0.00244 0.02749 
13545460967416 13545334910000 0.00641 -0.00305 0.02718 
13545470677124 13545344156000 -0.01252 -0.01069 0.02443 
13545475827207 13545353483000 -0.02505 -0.02963 0.02657 
13545476643707 13545362683000 -0.01374 -0.03421 0.01924 
13545480981541 13545371957000 0.00672 -0.02474 0.01038 
13545486550207 13545381188000 0.02291 0.00428 -0.00214 
13545490632083 13545390508000 0.04001 0.01924 -0.01283 
13545515488124 13545399706000 0.05345 0.01985 -0.0168 
13545521551416 13545408974000 0.05437 0.02352 -0.01374 
13545539972665 13545418212000 0.04093 0.01161 -0.01252 
13545581359916 13545427435000 0.02596 -0.00183 -0.00764 
13545588643416 13545436662000 0.01619 -0.0113 -0.00092 
13545592984457 13545445894000 0.00825 -0.02046 0.00764 
13545593825291 13545455205000 0.00458 -0.01985 0.01222 
13545598758957 13545464405000 0.01008 -0.0113 0.01894 
13545606048999 13545473657000 0.01802 -0.00519 0.01741 
13545610877957 13545482901000 0.01833 0.00489 0.02535 
13545615905041 13545492155000 0.01741 0.00794 0.02199 
13545620379666 13545501554000 0.01191 0.00702 0.02413 
13545625819916 13545510669000 0.00397 -0.00275 0.02566 
13545631567582 13545519903000 -0.00183 -0.00886 0.02688 
13545636701541 13545529143000 -0.00183 -0.01252 0.02474 
13545641712207 13545538395000 -0.0058 -0.00214 0.02291 
13545646515207 13545547671000 0.00061 0.00489 0.01619 
13545653705916 13545556964000 0.00916 0.00458 0.0113 
13545654424082 13545566184000 0.0171 0.00367 0.011 
13545660249958 13545575448000 0.01588 0.00672 0.00886 
13545708600666 13545584669000 0.02077 0.00672 0.01069 
13545715613083 13545593904000 0.0223 0.00641 0.01008 
13545721052082 13545603119000 0.02169 0.00183 0.00825 
13545726291166 13545612392000 0.00916 -0.00031 0.01008 
13545730875999 13545621629000 0.00611 -0.00855 0.01313 
13545736213082 13545630907000 0.01497 -0.01558 0.00733 
13545741507707 13545640152000 0.01038 -0.01008 0.00886 
13545746459666 13545649379000 0.01191 0.00764 0.00733 
13545751303541 13545658698000 0.02718 0.01161 0.00794 
13545755806374 13545667950000 0.02841 -0.00061 0.00428 
13545756482332 13545677217000 0.01649 -0.00122 0.00244 
13545761425832 13545686421000 0.00886 0.00031 0.00519 
13545766624249 13545695772000 0.0168 -0.01222 0.01405 
13545771875457 13545704956000 0.02077 -0.01069 0.01436 
13545814710749 13545714139000 0.01161 -0.00214 0.01405 
13545823035416 13545723378000 0.00855 -0.00275 0.01588 
13545828640999 13545732610000 0.01833 -0.00733 0.01008 
13545834088166 13545741871000 0.01833 -0.00397 0.01008 
13545838991166 13545751134000 0.00825 0.00367 0.00794 
13545844510124 13545760389000 0.00122 0.00305 0.00794 
13545849127416 13545769623000 -0.00092 -0.00611 0.01008 
13545854142166 13545778847000 -0.00305 -0.00855 0.00764 
13545854897791 13545788129000 -0.0058 -0.00061 0.00764 
13545867786166 13545797366000 0.00916 0.0055 0.00702 
13545911227916 13545806619000 0.01772 0.00794 0.01069 
13545965933208 13545816003000 0.0168 0.00305 0.01741 
13545972667041 13545825151000 0.02107 -0.00458 0.02382 
13545978547499 13545834397000 0.02657 -0.00305 0.02566 
13545984643166 13545843627000 0.02352 -0.00061 0.03146 
13545989558249 13545852866000 0.01252 -0.00611 0.03146 
13545995282291 13545862133000 -0.00275 -0.01374 0.02596 
13545999669166 13545871416000 -0.01894 -0.02505 0.02016 
13546005197499 13545880717000 -0.02993 -0.02932 0.00733 
13546009386291 13545889943000 -0.03207 -0.02474 -0.00153 
13546010313166 13545899192000 -0.02474 -0.01436 -0.00672 
13546015215166 13545908403000 -0.01313 -0.00794 -0.01252 
13546019576374 13545917670000 0.00825 0.00489 -0.01558 
13546025663874 13545926899000 0.02688 0.01374 -0.01985 
13546030581958 13545936098000 0.03176 0.01374 -0.01772 
13546035231374 13545945368000 0.03146 0.01833 -0.00122 
13546039934041 13545954586000 0.03207 0.00977 0.00916 
13546040660166 13545963916000 0.0223 -0.00947 0.01558 
13546079172041 13545973105000 0.00733 -0.01924 0.01649 
13546086206458 13545982402000 0.01161 -0.01924 0.02077 
13546091641916 13545991608000 0.01833 -0.02382 0.02352 
13546096787082 13546000875000 0.02749 -0.01619 0.02291 
13546101148916 13546010124000 0.03146 0.00153 0.01436 
13546106570999 13546019351000 0.03451 0.00947 0.01069 
13546111460374 13546028626000 0.03238 0.00916 0.00031 
13546117638791 13546037892000 0.0168 -0.00031 0.00214 
13546123048041 13546047086000 0.00153 -0.01466 -0.00183 
13546128193457 13546056358000 -0.01405 -0.02505 -0.00458 
13546133793416 13546065611000 -0.01252 -0.02535 -0.00641 
13546134556499 13546074905000 -0.01344 -0.01283 -0.00947 
13546177264249 13546084138000 -0.00855 0.00367 -0.01527 
13546184888041 13546093350000 0.00886 0.01069 -0.0113 
13546190703541 13546102609000 0.02688 0.01038 -0.00122 
13546196600374 13546111852000 0.04154 0.01161 0.00092 
13546201425041 13546121113000 0.04184 0.00977 0.00458 
13546207345416 13546130369000 0.0339 0.00764 0.01069 
13546212247416 13546139581000 0.03054 -0.00031 0.01588 
13546217475249 13546148847000 0.02993 -0.0055 0.01924 
13546222939582 13546158095000 0.01924 -0.00641 0.02046 
13546230616958 13546167346000 0.01497 -0.00397 0.01649 
13546240209583 13546176869000 0.01222 0.00092 0.01038 
13546288891332 13546185940000 0.00214 0.00336 0.00519 
13546298487874 13546195117000 -0.00367 -0.00305 0.00855 
13546308542874 13546204356000 -0.00183 -0.00611 0.01497 
13546318155749 13546213616000 0.00153 -0.00183 0.00794 
13546324829332 13546222863000 -0.00336 0.00611 0.00916 
13546329219999 13546232137000 0.00794 0.00916 0.01161 
13546334216957 13546241358000 0.01038 0.00336 0.0055 
13546338502707 13546250691000 0.01161 -0.00031 0.01008 
13546343669624 13546259824000 0.01191 -0.00092 0.00977 
13546348012207 13546269090000 0.00428 -0.00122 0.01283 
13546353281374 13546278327000 0.00275 -0.0055 0.01466 
13546357432082 13546287767000 0.00611 -0.0055 0.01405 
13546395910624 13546296856000 0.00764 0.00367 0.02077 
13546403650916 13546306130000 0.00702 0.00825 0.01863 
13546408622124 13546315374000 0.01191 0.00611 0.01283 
13546414114666 13546324600000 0.00764 0.00061 0.00977 
13546419112582 13546333837000 0.00061 0.00092 0.00947 
13546424863957 13546343044000 0.00947 0.00275 0.0058 
13546429841499 13546352311000 0.011 0.00061 0.00947 
13546435305124 13546361559000 0.01283 0.00397 0.01191 
13546440342624 13546371057000 0.0113 -0.00214 0.011 
13546441094166 13546380169000 0.00428 -0.01161 0.01191 
13546446340999 13546389375000 0.00153 -0.01497 0.01252 
13546500175124 13546398587000 -0.00153 -0.01344 0.00702 
13546509381082 13546407844000 -0.00489 -0.011 0.0055 
13546514595541 13546417084000 -0.00764 -0.00916 0.00183 
13546519079291 13546426339000 -0.00458 -0.0113 -0.00519 
13546523962541 13546435613000 0.0055 -0.01069 -0.00947 
13546528701041 13546444838000 0.00397 0.00031 -0.00977 
13546535328833 13546454083000 0.01802 0.00641 -0.01222 
13546540001999 13546463348000 0.04032 0.011 -0.00825 
13546540739833 13546472632000 0.04215 0.01008 -0.00825 
13546545464791 13546481893000 0.03176 0.00855 0.00367 
13546550078083 13546491125000 0.03238 0.00092 0.01161 
13546555156416 13546500470000 0.02993 -0.01161 0.01833 
13546598510957 13546509583000 0.02077 -0.00733 0.01802 
13546603254749 13546518810000 0.0058 -0.00061 0.01252 
13546607985332 13546528078000 -0.00214 -0.01038 0.01436 
13546613114249 13546537335000 0.00214 -0.01649 0.01527 
13546617867124 13546546558000 -0.00244 -0.01191 0.0113 
13546635698666 13546555846000 -0.00458 -0.00244 0.00794 
13546643014749 13546565062000 -0.00336 -0.00428 0.01038 
13546644089624 13546574324000 0.0055 -0.00336 0.01466 
13546677672708 13546583574000 0.00947 0.00122 0.01344 
13546684397416 13546592858000 0.00336 0.00428 0.01863 
13546730867125 13546602088000 0.00428 -0.00855 0.0223 
13546735751208 13546611324000 0.00244 -0.01863 0.01985 
13546741527542 13546620579000 -0.00244 -0.0113 0.02321 
13546746216417 13546630091000 -0.00183 -0.00519 0.01558 
13546751214167 13546639081000 0.00489 -0.00214 0.01802 
13546755362458 13546648336000 0.00886 -0.00031 0.0171 
13546760485583 13546657656000 0.01802 0.00275 0.00977 
13546765231708 13546666903000 0.01008 0.01313 0.01344 
13546770143458 13546676101000 0.00916 0.00825 0.01405 
13546770915417 13546685440000 0.01374 0.00397 0.01894 
13546775121125 13546694620000 0.01191 -0.00458 0.01222 
13546780070208 13546703878000 -0.00031 -0.0058 0.01436 
13546784132875 13546713042000 -0.00336 -0.00153 0.01894 
13546789986958 13546722325000 -0.00428 -0.0113 0.02138 
13546832347917 13546731562000 -0.00977 -0.01436 0.02291 
13546840163958 13546740810000 -0.01313 -0.01772 0.02107 
13546845421667 13546750063000 -0.00825 -0.00886 0.01772 
13546849998375 13546759281000 -0.00244 -0.00886 0.01802 
13546856874667 13546768544000 0.00397 -0.0058 0.02107 
13546857705708 13546777814000 -0.00061 -0.0058 0.01649 
13546863894041 13546787045000 0.011 -0.00733 0.02077 
13546868898041 13546796279000 0.01558 -0.00733 0.02107 
13546884532500 13546805558000 0.011 -0.00092 0.01863 
13546893691416 13546814813000 0.00672 0.00794 0.01558 
13546899363166 13546824059000 0.00305 0.00641 0.01191 
13546946515667 13546833306000 0.00458 -0.00092 0.00428 
13546953102000 13546842556000 0.00764 0.00305 0.00855 
13546957576042 13546851803000 0.0113 0.01008 0.01466 
13546961870708 13546861041000 0.01558 0.0113 0.01436 
13546966854625 13546870340000 0.01161 0.01008 0.01894 
13546967525000 13546879562000 0.00275 0.00672 0.01619 
13546973851791 13546888805000 0.00153 -0.00275 0.01802 
13546978213666 13546898058000 -0.00367 -0.00458 0.01894 
13546983611583 13546907324000 -0.00489 -0.00122 0.01894 
13546987871500 13546916560000 -0.00825 -0.00061 0.01497 
13546993007083 13546925797000 -0.00977 0.00031 0.01069 
13546997696250 13546935077000 -0.00886 -0.00519 0.01313 
13547046746167 13546944334000 -0.00336 -0.0113 0.00886 
13547059368416 13546953532000 0.01191 -0.00122 0.00886 
13547082369875 13546962743000 0.0281 0.00428 -0.00244 
13547090722417 13546972015000 0.04795 0.01374 -0.00641 
13547091728875 13546981280000 0.06964 0.03085 -0.00397 
13547097266417 13546990530000 0.0788 0.0449 0.0055 
13547102502208 13546999766000 0.07605 0.04765 0.00702 
13547107212250 13547009046000 0.08552 0.04215 0.01008 
13547111990250 13547018381000 0.09835 0.04093 0.01558 
13547116515292 13547027564000 0.09529 0.05162 0.02443 
13547121197875 13547036991000 0.08583 0.05651 0.02596 
13547162528917 13547046074000 0.08125 0.05284 0.01802 
13547167794500 13547055430000 0.06628 0.04276 0.01924 
13547172543958 13547064542000 0.05009 0.03787 0.02107 
13547177354208 13547073849000 0.03054 0.04093 0.0113 
13547181637375 13547083063000 0.01741 0.03971 0.00977 
13547182994208 13547092365000 0.02138 0.03054 0.01863 
13547188101833 13547101527000 0.02963 0.01924 0.03146 
13547192200333 13547110789000 0.05498 0.02077 0.04398 
13547197721333 13547120032000 0.08644 0.03421 0.05742 
13547203110917 13547129291000 0.11881 0.05589 0.05956 
13547208609166 13547138522000 0.14325 0.08858 0.05253 
13547213204208 13547147772000 0.14844 0.09927 0.04459 
13547253828166 13547157044000 0.15241 0.08399 0.04307 
13547260953875 13547166266000 0.14966 0.06964 0.0394 
13547265679292 13547175549000 0.13561 0.07117 0.03421 
13547271346417 13547184790000 0.11484 0.07178 0.02107 
13547272039917 13547194049000 0.10324 0.06231 0.01924 
13547276905083 13547203260000 0.08155 0.03818 0.01924 
13547281722583 13547212486000 0.04979 0.02107 0.0113 
13547287297000 13547221778000 0.03207 0.00641 0.01344 
13547291542167 13547231018000 0.02291 -0.00458 0.00947 
13547296314458 13547240269000 0.01191 -0.00092 0.00305 
13547311433542 13547249538000 0.00275 0.00458 0.00305 
13547358962750 13547258776000 -0.00702 0.00458 -0.00244 
13547366380542 13547268017000 -0.01069 -0.00916 0.00153 
13547371061500 13547277228000 -0.01863 -0.01405 0.00611 
13547375870542 13547286510000 -0.01588 -0.00947 0.00916 
13547380405542 13547295736000 -0.00397 -0.00336 0.00886 
13547381326875 13547305084000 0.00641 -0.00183 0.00916 
13547386002333 13547314372000 0.0113 -0.00183 0.00977 
13547390931667 13547323512000 0.02138 0.00305 0.01649 
13547396489583 13547332730000 0.02077 0.00305 0.01955 
13547407550750 13547341997000 0.0055 -0.00244 0.01558 
13547428674417 13547351245000 -0.00428 -0.01588 0.01955 
13547469102500 13547360566000 -0.00947 -0.02382 0.01985 
13547476589042 13547369775000 -0.00214 -0.02016 0.01802 
13547481728208 13547378992000 0.00183 -0.00428 0.00947 
13547488360958 13547388228000 0.01252 0.00733 0.00031 
13547493878708 13547397488000 0.02993 0.0168 -0.00305 
13547498298042 13547406752000 0.03451 0.01741 -0.0058 
13547499263958 13547416035000 0.03574 0.01894 -0.01619 
13547507977042 13547425266000 0.02169 0.01405 -0.01344 
13547513937042 13547434527000 0.00764 0.0055 -0.00764 
13547518999250 13547443745000 -0.00367 -0.00214 0.00855 
13547523914333 13547453009000 -0.00458 -0.01649 0.01894 
13547528858000 13547462272000 -0.00458 -0.01924 0.02107 
13547576459250 13547471538000 0.00519 -0.01283 0.02963 
13547583857875 13547480758000 0.01252 -0.00916 0.02566 
13547588401125 13547489992000 0.02413 -0.0058 0.01374 
13547593811167 13547499239000 0.02443 -0.00336 0.01313 
13547594586250 13547508481000 0.01985 -0.00489 0.00733 
13547599089875 13547517763000 0.02596 -0.00977 0.00061 
13547604557000 13547527002000 0.03054 -0.00916 -0.0055 
13547608634083 13547536252000 0.03329 0.00092 -0.00886 
13547614172542 13547545500000 0.03818 0.01344 -0.01344 
13547618313667 13547554729000 0.0449 0.00947 -0.01405 
13547624005542 13547563988000 0.04581 0.00031 -0.01161 
13547628273458 13547573208000 0.03268 -0.00092 -0.0055 
13547670692584 13547582520000 0.01863 -0.00397 0.00122 
13547676563125 13547591728000 0.00764 -0.01344 0.00275 
13547680710834 13547601162000 -0.00794 -0.01649 0.00794 
13547681406500 13547610205000 -0.01527 -0.01252 0.01283 
13547689075667 13547619447000 -0.02016 -0.01466 0.01252 
13547696609208 13547628712000 -0.01588 -0.0113 0.00916 
13547700856667 13547637946000 -0.0058 -0.00031 0.00886 
13547706674667 13547647197000 0.00244 0.00428 0.01344 
13547710785584 13547656453000 0.00794 0.00611 0.00794 
13547750834334 13547665809000 0.0171 0.00764 0.00794 
13547757610917 13547674943000 0.02046 0.00397 0.01283 
13547762891125 13547684266000 0.01588 0.00397 0.01038 
13547767686000 13547693437000 0.00916 -0.00153 0.01649 
13547771973417 13547702685000 0.00305 -0.01191 0.0168 
13547772824417 13547711967000 0.00122 -0.00916 0.01894 
13547777818500 13547721204000 -0.00183 -0.00794 0.02352 
13547794150375 13547730468000 0.00183 -0.01405 0.02321 
13547801999625 13547739705000 0.01802 -0.00519 0.01191 
13547819824333 13547748966000 0.03696 0.00061 0.00611 
13547867852625 13547758200000 0.04184 0.01466 -0.00031 
13547875632959 13547767432000 0.03787 0.0113 -0.00061 
13547882531417 13547776673000 0.03848 0.0113 0.00214 
13547890621125 13547786142000 0.0391 -0.0058 0.00214 
13547895852375 13547795261000 0.03146 -0.00214 0.00672 
13547900679709 13547804473000 0.02169 0.00458 0.00458 
13547908274583 13547813880000 0.01344 0.0055 0.00916 
13547909079000 13547823030000 0.01619 0.00214 0.01161 
13547913757167 13547832245000 0.01772 0.00244 0.01405 
13547918634125 13547841494000 0.01802 0.0055 0.01313 
13547924456583 13547850772000 0.02046 0.01313 0.01497 
13547929796458 13547859982000 0.03329 0.01863 0.01558 
13547975082959 13547869232000 0.03879 0.02566 0.01344 
13547981129125 13547878434000 0.03512 0.03299 0.0113 
13547986350250 13547887706000 0.03848 0.03635 0.01527 
13547991397833 13547896956000 0.04704 0.04184 0.01772 
13547997998375 13547906187000 0.0507 0.0507 0.02077 
13548003391917 13547915468000 0.05986 0.06445 0.01741 
13548004131667 13547924920000 0.07911 0.06872 0.00855 
13548009607833 13547933968000 0.08827 0.07972 0.00733 
13548014322625 13547943187000 0.09255 0.07147 0.0058 
13548020336209 13547952480000 0.10079 0.04734 0.02291 
13548024564000 13547961717000 0.1127 0.0394 0.03176 
13548071258542 13547970993000 0.11179 0.04673 0.02016 
13548078025250 13547980234000 0.10446 0.05834 -0.00183 
13548083973292 13547989480000 0.08949 0.06384 -0.0171 
13548088937167 13547998689000 0.0672 0.05773 -0.02107 
13548093861000 13548007945000 0.05345 0.0562 -0.02596 
13548100473792 13548017193000 0.04093 0.06811 -0.02321 
13548102358833 13548026489000 0.04307 0.08247 -0.01741 
13548106896000 13548035723000 0.04551 0.07758 -0.00702 
13548114443792 13548044977000 0.0504 0.08613 0.0055 
13548119797583 13548054193000 0.05895 0.08827 0.01894 
13548124503000 13548063474000 0.07483 0.08308 0.03329 
13548175001792 13548072712000 0.09255 0.07208 0.05651 
13548185380209 13548081947000 0.10201 0.06994 0.06628 
13548190584584 13548091211000 0.11026 0.0733 0.07666 
13548196934458 13548100499000 0.1182 0.07422 0.08186 
13548202061042 13548109696000 0.13011 0.08338 0.08308 
13548214684125 13548118962000 0.13958 0.08155 0.07727 
13548221229459 13548128427000 0.1292 0.07605 0.07025 
13548222885750 13548137462000 0.1237 0.06903 0.06292 
13548254206417 13548146729000 0.12737 0.07178 0.05406 
13548260284167 13548155948000 0.1237 0.07911 0.04459 
13548272398958 13548165256000 0.12859 0.07727 0.05253 
13548288635375 13548174550000 0.13653 0.07208 0.05406 
13548359818333 13548183710000 0.15791 0.08491 0.05345 
13548366816292 13548192959000 0.16188 0.10782 0.04826 
13548372123125 13548202207000 0.14294 0.12767 0.0452 
13548380784834 13548211484000 0.13256 0.14813 0.05467 
13548385741875 13548220708000 0.13897 0.17318 0.06231 
13548386496667 13548229973000 0.16585 0.20647 0.06109 
13548398258875 13548239206000 0.18143 0.23396 0.05712 
13548403651167 13548248459000 0.17807 0.2364 0.05162 
13548408254125 13548257676000 0.18784 0.25595 0.03543 
13548413999708 13548266932000 0.20372 0.26084 0.04856 
13548418658875 13548276182000 0.19517 0.17318 0.04856 
13548422830792 13548285482000 0.1741 0.12828 0.04551 
13548427647083 13548294727000 0.16402 0.14172 0.04429 
13548431723209 13548303916000 0.14508 0.1347 0.02779 
13548438719125 13548313128000 0.11698 0.13408 0.02291 
13548443193958 13548322401000 0.11881 0.12981 0.02841 
13548447897583 13548331635000 0.12401 0.13011 0.02932 
13548448590583 13548340954000 0.13225 0.14416 0.03329 
13548491492167 13548350222000 0.14325 0.15577 0.04459 
13548498732917 13548359435000 0.15363 0.15608 0.04551 
13548503984500 13548368654000 0.16585 0.14355 0.04062 
13548510511875 13548377951000 0.17593 0.14172 0.04062 
13548517406917 13548387151000 0.17654 0.14111 0.04062 
13548521695459 13548396432000 0.18204 0.11698 0.04856 
13548527232000 13548405691000 0.17715 0.0956 0.05559 
13548531772584 13548414894000 0.17043 0.10507 0.05467 
13548537817000 13548424161000 0.16218 0.11454 0.05315 
13548541869500 13548433392000 0.14233 0.11484 0.04429 
13548542983792 13548442659000 0.14019 0.11087 0.0391 
13548548509167 13548451936000 0.13256 0.10476 0.04001 
13548553078042 13548461220000 0.11881 0.0901 0.04123 
13548558502625 13548470421000 0.10934 0.08369 0.04368 
13548563553250 13548479676000 0.10232 0.0785 0.03848 
13548568388667 13548488928000 0.10751 0.06964 0.03665 
13548615820709 13548498173000 0.1069 0.05528 0.04795 
13548620721375 13548507388000 0.10965 0.05131 0.05712 
13548625486084 13548516738000 0.11179 0.0562 0.05467 
13548630231959 13548525905000 0.10507 0.07208 0.0449 
13548634365875 13548535149000 0.09438 0.08338 0.03024 
13548639240167 13548544459000 0.08522 0.08491 0.01924 
13548641780875 13548553694000 0.08247 0.073 0.00641 
13548651799084 13548562895000 0.07147 0.06139 0.00764 
13548681164875 13548572168000 0.06078 0.04979 0.00916 
13548686104500 13548581408000 0.04734 0.03818 0.00428 
13548690866959 13548590709000 0.04062 0.02474 0.00641 
13548695838167 13548599927000 0.05345 0.01833 0.0055 
13548700310959 13548609218000 0.07514 0.04307 -0.00336 
13548743212083 13548618394000 0.04795 0.13256 -0.00305 
13548749331000 13548627636000 -0.00916 0.15577 0.00672 
13548754206417 13548636890000 -0.0504 0.13134 0.011 
13548754897833 13548646119000 -0.09774 0.13867 0.01344 
13548763351708 13548655504000 -0.13164 0.10751 0.00061 
13548769389708 13548664619000 -0.15058 0.0281 -0.02016 
13548774403833 13548673879000 -0.12737 -0.0223 -0.02841 
13548779728333 13548683112000 -0.07117 -0.02749 -0.04368 
13548784867750 13548692380000 0.00825 0.00367 -0.04917 
13548789736375 13548701654000 0.10079 0.03421 -0.04643 
13548795087167 13548710887000 0.19181 0.03421 -0.02107 
13548799788208 13548720169000 0.28191 0.01161 0.03696 
13548804548917 13548729381000 0.32101 0.03696 0.13195 
13548861448917 13548738658000 0.29871 0.04337 0.20739 
13548865926375 13548747871000 0.29016 0.03054 0.23946 
13548866624250 13548757126000 0.27 0.02474 0.21686 
13548871798542 13548766383000 0.18998 -0.01313 0.18815 
13548875978000 13548775628000 0.06048 -0.13408 0.12614 
13548881302750 13548784906000 -0.07911 -0.19578 0.06322 
13548885464209 13548794106000 -0.18326 -0.1967 0.00733 
13548891101292 13548803337000 -0.25045 -0.21289 -0.0336 
