#SysTm EventTmStmp Mag:x Mag:y Mag:z
466940203750276 1379794104331071481 -18.058777 -5.3985596 -25.2594 
466940245837869 1379794104586808786 -18.179321 -5.3390503 -24.659729 
466940304467505 1379794104649949655 -18.179321 -5.3985596 -24.719238 
466940366088136 1379794104713975534 -17.999268 -5.5786133 -24.899292 
466940424107365 1379794104777207956 -17.939758 -5.3985596 -24.899292 
466940488505349 1379794104841142282 -17.878723 -5.6991577 -25.138855 
466940554734559 1379794104904283151 -17.939758 -5.6396484 -25.498962 
466940618949421 1379794104968490780 -17.69867 -5.819702 -25.498962 
466940681607747 1379794105031692684 -17.759705 -5.6396484 -25.559998 
466940747043424 1379794105095688045 -17.819214 -5.5786133 -25.738525 
466940806069824 1379794105158798397 -17.878723 -5.4595947 -25.498962 
466940871078217 1379794105222732723 -18.058777 -5.3390503 -25.318909 
466940934224867 1379794105285934627 -18.058777 -5.218506 -25.439453 
466940996516948 1379794105349899471 -18.179321 -4.978943 -25.379944 
466941061311698 1379794105413070858 -18.179321 -4.9194336 -25.138855 
466941124946675 1379794105477035702 -18.299866 -4.978943 -25.19989 
466941188184886 1379794105539413631 -18.058777 -4.8599243 -25.19989 
466941252979636 1379794105604141414 -17.939758 -4.8599243 -25.318909 
466941314417147 1379794105667343319 -17.878723 -4.73938 -25.439453 
466941380402191 1379794105731430233 -17.63916 -4.73938 -25.318909 
466941442022823 1379794105794463624 -17.518616 -4.6798706 -25.19989 
466941508160469 1379794105858458985 -17.63916 -4.73938 -25.138855 
466941568194042 1379794105921630372 -17.57965 -4.8599243 -25.138855 
466941633507640 1379794105985595215 -17.759705 -4.8599243 -25.019836 
466941696379606 1379794106048766602 -17.939758 -4.8599243 -25.019836 
466941762944538 1379794106112731446 -17.878723 -4.8599243 -24.958801 
466941825969106 1379794106175902833 -17.999268 -4.978943 -24.839783 
466941929677332 1379794106239867676 -18.299866 -5.039978 -25.019836 
466941956138495 1379794106303039063 -18.418884 -5.0994873 -25.138855 
466942015195415 1379794106366973389 -18.299866 -5.039978 -25.079346 
466942078067382 1379794106430175294 -18.23883 -4.9194336 -25.138855 
466942141427676 1379794106494140137 -17.999268 -4.9194336 -25.138855 
466942205123692 1379794106557311524 -17.999268 -5.0994873 -25.138855 
466942268117742 1379794106621276368 -18.179321 -5.0994873 -24.899292 
466942331661156 1379794106684447754 -18.23883 -4.73938 -25.019836 
466942396639029 1379794106748351563 -18.058777 -4.9194336 -25.079346 
466942458107059 1379794106811522950 -17.819214 -4.978943 -24.958801 
466942522047238 1379794106875487794 -17.819214 -5.1589966 -24.958801 
466942585193890 1379794106938689698 -17.878723 -5.0994873 -25.138855 
466942649225630 1379794107002654542 -17.999268 -4.9194336 -25.138855 
466942712402801 1379794107065795411 -17.939758 -4.9194336 -25.079346 
466942776739746 1379794107129790772 -17.878723 -5.0994873 -25.19989 
466942841931261 1379794107192992676 -17.819214 -5.4595947 -25.19989 
466942903704495 1379794107256957520 -17.939758 -5.039978 -25.019836 
466942976220899 1379794107320128907 -17.999268 -5.039978 -25.19989 
466943050538006 1379794107384551514 -17.878723 -5.039978 -25.379944 
466943114661308 1379794107447869495 -17.819214 -4.978943 -25.19989 
466943170910356 1379794107511895374 -17.69867 -5.218506 -25.19989 
466943236590197 1379794107575005725 -17.819214 -5.0994873 -25.2594 
466943298638113 1379794107639062122 -17.57965 -5.218506 -25.2594 
466943360960713 1379794107702141956 -17.69867 -5.218506 -25.079346 
466943458717466 1379794107766198352 -17.57965 -5.1589966 -25.2594 
466943475930956 1379794107828850940 -17.69867 -5.279541 -25.079346 
466943548630483 1379794107892754749 -17.759705 -5.218506 -25.019836 
466943606588669 1379794107955987171 -17.939758 -5.3390503 -24.958801 
466943672604235 1379794108019921497 -17.878723 -5.0994873 -24.899292 
466943734224868 1379794108083062366 -17.819214 -5.039978 -24.958801 
466943804208081 1379794108147027210 -18.179321 -4.73938 -24.958801 
466943865554029 1379794108210181613 -18.179321 -4.798889 -25.138855 
466943923390135 1379794108274176975 -18.299866 -5.0994873 -25.019836 
466943984095155 1379794108337348361 -18.418884 -4.8599243 -25.079346 
466944067324211 1379794108401374240 -18.539429 -4.798889 -25.138855 
466944130135137 1379794108465003391 -18.418884 -4.9194336 -25.19989 
466944185712735 1379794108529029270 -18.359375 -5.1589966 -25.079346 
466944254353053 1379794108592109104 -18.23883 -5.3390503 -24.899292 
466944315515878 1379794108656134983 -17.939758 -5.519104 -25.019836 
466944376526104 1379794108719214816 -18.119812 -5.3985596 -24.958801 
466944441992302 1379794108783271213 -17.999268 -5.3390503 -25.019836 
466944525007714 1379794108846320529 -17.759705 -5.5786133 -24.839783 
466944584339318 1379794108910437961 -17.57965 -5.5786133 -24.778748 
466944643274159 1379794108973456760 -17.399597 -5.5786133 -24.958801 
466944708282551 1379794109037543674 -17.399597 -5.519104 -25.019836 
466944772009088 1379794109100654025 -17.57965 -5.519104 -24.839783 
466944836559675 1379794109164649387 -17.878723 -5.519104 -24.778748 
466944874191295 1379794109227576633 -17.69867 -5.5786133 -24.778748 
466944938070433 1379794109291327854 -17.759705 -5.6396484 -24.839783 
466945001247605 1379794109354438205 -17.939758 -5.3390503 -24.899292 
466945074801703 1379794109418403049 -18.058777 -5.279541 -24.778748 
466945138925004 1379794109482062717 -18.23883 -5.1589966 -24.539185 
466945207199077 1379794109546088596 -18.23883 -5.0994873 -24.598694 
466945270071045 1379794109609168430 -18.23883 -5.1589966 -24.659729 
466945345120640 1379794109673194309 -18.058777 -5.0994873 -24.839783 
466945404879528 1379794109736304660 -17.819214 -4.978943 -24.899292 
466945470254167 1379794109800391574 -17.939758 -4.9194336 -25.019836 
466945531844278 1379794109863709479 -17.69867 -4.9194336 -25.079346 
466945602590501 1379794109927796393 -17.57965 -5.1589966 -25.19989 
466945662135747 1379794109990784675 -17.518616 -5.3985596 -25.439453 
466945731630635 1379794110054841071 -17.759705 -5.3985596 -25.318909 
466945788886855 1379794110117920905 -17.63916 -5.218506 -25.439453 
466945827922411 1379794110181489020 -17.518616 -5.3390503 -25.2594 
466945891069060 1379794110244660407 -17.759705 -5.3985596 -25.2594 
466945955161841 1379794110308594733 -17.57965 -5.4595947 -25.019836 
466946028441256 1379794110371827155 -17.819214 -5.3985596 -25.019836 
466946109076081 1379794110436249762 -18.179321 -5.1589966 -25.138855 
466946169475897 1379794110499329596 -18.359375 -4.9194336 -24.958801 
466946232775149 1379794110563416511 -18.299866 -4.978943 -25.138855 
466946316217849 1379794110626449353 -18.418884 -5.0994873 -25.079346 
466946344571274 1379794110690017468 -18.539429 -5.0994873 -25.019836 
466946407992607 1379794110753158337 -18.598938 -5.1589966 -24.899292 
466946472695796 1379794110817153699 -18.47992 -5.1589966 -24.958801 
466946600637197 1379794110880325085 -18.418884 -5.3390503 -25.019836 
466946611349847 1379794110944259412 -18.23883 -5.519104 -24.719238 
466946653895247 1379794111007400281 -18.23883 -5.758667 -24.958801 
466946718232191 1379794111071395642 -18.23883 -5.6991577 -24.899292 
466946789436220 1379794111134597546 -18.179321 -5.6396484 -24.778748 
466946871139258 1379794111198806531 -18.179321 -5.3985596 -24.958801 
466946932820930 1379794111262191540 -18.119812 -5.3390503 -24.958801 
466947021207927 1379794111326186902 -18.23883 -5.3985596 -24.958801 
466947040588365 1379794111388839490 -18.299866 -5.4595947 -24.899292 
466947102941484 1379794111452804333 -18.299866 -5.1589966 -25.138855 
466947162547773 1379794111515975720 -17.999268 -5.039978 -25.079346 
466947228715939 1379794111579940564 -18.179321 -5.039978 -24.899292 
466947305993523 1379794111643172986 -18.119812 -4.978943 -25.2594 
466947372711056 1379794111707168347 -17.999268 -5.218506 -25.079346 
466947429875714 1379794111770309216 -18.058777 -5.039978 -25.079346 
466947488474828 1379794111834213025 -17.999268 -5.039978 -25.138855 
466947544418671 1379794111897445447 -18.119812 -4.798889 -25.079346 
466947607962086 1379794111961318738 -18.119812 -4.73938 -24.958801 
466947671139258 1379794112024520642 -18.299866 -4.9194336 -24.598694 
466947735140478 1379794112088485486 -18.179321 -4.798889 -24.719238 
466947798317649 1379794112151626355 -18.418884 -4.798889 -24.479675 
466947895250351 1379794112216384656 -18.359375 -4.499817 -24.719238 
466947925557081 1379794112279005046 -18.179321 -4.73938 -24.719238 
466947989619343 1379794112343000408 -18.058777 -4.73938 -24.719238 
466948065096223 1379794112406202312 -17.759705 -4.798889 -24.719238 
466948128914322 1379794112470167156 -17.759705 -4.978943 -24.719238 
466948195326652 1379794112533948894 -17.57965 -4.8599243 -25.019836 
466948261494819 1379794112597913738 -17.518616 -4.73938 -25.19989 
466948347897994 1379794112661115642 -17.459106 -4.73938 -25.19989 
466948370849313 1379794112724439617 -17.57965 -4.978943 -25.079346 
466948433995965 1379794112787580486 -17.57965 -4.6798706 -25.079346 
466948498821235 1379794112851545330 -17.57965 -4.6798706 -25.079346 
466948573290944 1379794112914716716 -17.759705 -4.798889 -24.958801 
466948649408752 1379794112979413982 -17.63916 -4.6798706 -25.079346 
466948711243026 1379794113042493816 -17.759705 -4.73938 -24.958801 
466948775976737 1379794113106504303 -17.759705 -4.73938 -24.958801 
466948836712277 1379794113169462066 -17.57965 -4.9194336 -25.138855 
466948928273394 1379794113233610016 -17.518616 -4.798889 -25.079346 
466948942801091 1379794113296293121 -17.518616 -5.039978 -25.138855 
466949006619190 1379794113360074859 -17.63916 -5.039978 -25.2594 
466949072726316 1379794113423246246 -17.518616 -5.0994873 -25.439453 
466949136971700 1379794113487211090 -17.57965 -5.1589966 -25.439453 
466949221482612 1379794113550657135 -17.518616 -5.279541 -25.498962 
466949283805212 1379794113614866119 -17.57965 -5.3390503 -25.559998 
466949347897993 1379794113678006988 -17.69867 -5.279541 -25.559998 
466949409579665 1379794113742032867 -17.819214 -5.6396484 -25.498962 
466949475381589 1379794113805082184 -17.819214 -5.6991577 -25.679016 
466949535140479 1379794113869169098 -17.878723 -5.6991577 -25.559998 
466949603658714 1379794113932248932 -18.058777 -5.6396484 -25.498962 
466949660914932 1379794113996244293 -18.119812 -5.6396484 -25.379944 
466949712494361 1379794114058927399 -18.179321 -5.4595947 -25.559998 
466949773596148 1379794114122892242 -18.179321 -5.6991577 -25.138855 
466949832805669 1379794114186063629 -18.058777 -5.4595947 -24.958801 
466949903796056 1379794114250089508 -18.058777 -5.279541 -25.079346 
466949981775607 1379794114313627106 -18.179321 -5.218506 -24.958801 
466950050995812 1379794114377164703 -18.23883 -5.218506 -24.899292 
466950094853587 1379794114440336090 -18.179321 -5.1589966 -25.019836 
466950151743560 1379794114504972320 -17.939758 -5.279541 -25.138855 
466950214249283 1379794114567441803 -17.878723 -5.0994873 -25.079346 
466950287833901 1379794114631955963 -17.878723 -4.73938 -25.318909 
466950351651998 1379794114695646149 -17.878723 -5.0994873 -25.498962 
466950457069365 1379794114759365263 -17.819214 -4.978943 -25.559998 
466950468361903 1379794114821987333 -17.878723 -5.0994873 -25.559998 
466950532393645 1379794114885982695 -17.999268 -5.039978 -25.498962 
466950595570815 1379794114949123564 -18.058777 -5.039978 -25.439453 
466950669948963 1379794115013118925 -18.058777 -4.978943 -25.439453 
466950748874646 1379794115076687040 -17.999268 -5.039978 -25.2594 
466950814768129 1379794115140743437 -17.999268 -5.218506 -25.19989 
466950870864573 1379794115203823271 -17.999268 -5.1589966 -25.19989 
466950934530071 1379794115267879667 -18.058777 -5.039978 -25.138855 
466950996059141 1379794115330990019 -17.878723 -5.1589966 -25.138855 
466951085666955 1379794115395015898 -17.878723 -5.279541 -25.318909 
466951129738372 1379794115458095732 -17.819214 -5.1589966 -25.138855 
466951175030605 1379794115521633329 -18.058777 -5.0994873 -25.138855 
466951239275989 1379794115584819158 -17.939758 -5.3985596 -25.079346 
466951303673975 1379794115648784002 -17.819214 -5.519104 -25.19989 
466951373382504 1379794115712016424 -17.819214 -5.4595947 -25.079346 
466951422398223 1379794115775920232 -17.759705 -5.519104 -25.138855 
466951485575393 1379794115839122137 -17.878723 -5.3390503 -25.138855 
466951551194194 1379794115903971990 -17.759705 -5.218506 -25.138855 
466951614737610 1379794115966258367 -17.878723 -5.218506 -25.138855 
466951701903793 1379794116030711492 -17.759705 -5.279541 -25.079346 
466951762547773 1379794116093791326 -17.819214 -5.1589966 -25.379944 
466951829845194 1379794116157878240 -17.878723 -5.039978 -25.138855 
466951891343744 1379794116220927557 -17.878723 -5.0994873 -25.079346 
466951951896162 1379794116284953435 -18.058777 -5.0994873 -25.138855 
466952037139562 1379794116348094305 -17.999268 -5.1589966 -25.019836 
466952062288349 1379794116411601385 -17.999268 -5.279541 -24.899292 
466952121467350 1379794116474864324 -17.999268 -5.4595947 -24.899292 
466952185895858 1379794116538737615 -18.119812 -5.4595947 -24.839783 
466952255085543 1379794116601909002 -18.119812 -5.1589966 -24.598694 
466952329066925 1379794116665965398 -17.939758 -5.218506 -24.719238 
466952396181224 1379794116729564031 -17.878723 -5.3390503 -24.899292 
466952465431948 1379794116793711980 -17.878723 -5.4595947 -24.778748 
466952531966359 1379794116856639226 -17.878723 -5.3390503 -24.899292 
466952574084472 1379794116920787176 -17.819214 -5.1589966 -24.958801 
466952629967275 1379794116983348211 -17.63916 -4.978943 -25.079346 
466952693846415 1379794117047282537 -17.518616 -4.9194336 -25.318909 
466952756993064 1379794117110423406 -17.518616 -5.039978 -25.379944 
466952843243636 1379794117174479803 -17.819214 -4.978943 -25.318909 
466952942495887 1379794117238316748 -17.878723 -5.0994873 -25.19989 
466952952842293 1379794117301793310 -17.819214 -4.8599243 -25.2594 
466953022672905 1379794117364903662 -17.69867 -4.8599243 -25.2594 
466953079990164 1379794117428868505 -17.57965 -4.9194336 -25.19989 
466953141671837 1379794117492009375 -17.459106 -5.039978 -25.019836 
466953202712581 1379794117556035253 -17.399597 -4.978943 -25.19989 
466953266378078 1379794117619176123 -17.338562 -5.039978 -25.318909 
466953343930344 1379794117683873388 -17.219543 -4.978943 -25.2594 
466953428105532 1379794117746892187 -17.158508 -4.798889 -25.318909 
466953476785525 1379794117810918066 -17.098999 -4.9194336 -25.2594 
466953545670006 1379794117873936865 -17.219543 -4.9194336 -25.138855 
466953609579665 1379794117937993261 -17.098999 -4.8599243 -25.079346 
466953671322379 1379794118001117545 -17.399597 -4.978943 -25.079346 
466953730440341 1379794118065204459 -17.57965 -4.8599243 -24.899292 
466953797646201 1379794118128314810 -17.399597 -4.73938 -24.719238 
466953863997490 1379794118192310172 -17.459106 -4.8599243 -24.778748 
466953933889142 1379794118255420523 -17.459106 -4.798889 -24.958801 
466953988154363 1379794118319598990 -17.57965 -4.73938 -25.019836 
466954028532818 1379794118382037955 -17.57965 -4.9194336 -25.138855 
466954095128269 1379794118445972281 -17.759705 -4.8599243 -25.19989 
466954155772249 1379794118509174185 -17.819214 -4.73938 -25.439453 
466954227617205 1379794118573169547 -17.819214 -4.978943 -25.559998 
466954305505196 1379794118636493521 -17.939758 -5.039978 -25.559998 
466954369414855 1379794118700763541 -17.939758 -5.039978 -25.559998 
466954429417907 1379794118763904410 -17.999268 -5.218506 -25.439453 
466954492961322 1379794118827930289 -17.939758 -5.039978 -25.2594 
466954562425691 1379794118891010123 -17.819214 -5.1589966 -25.318909 
466954623008629 1379794118955005484 -17.878723 -5.279541 -25.379944 
466954688871592 1379794119018115836 -17.63916 -5.519104 -25.079346 
466954749546093 1379794119082202750 -17.63916 -5.519104 -25.019836 
466954817087677 1379794119145282584 -17.69867 -5.5786133 -25.079346 
466954875442629 1379794119209308463 -17.69867 -5.519104 -25.079346 
466954937276902 1379794119272388297 -17.69867 -5.279541 -25.019836 
466955012143376 1379794119336475211 -17.63916 -5.3390503 -25.19989 
466955075991997 1379794119399524527 -17.759705 -5.218506 -25.2594 
466955129616290 1379794119463611441 -17.69867 -5.218506 -25.379944 
466955173168861 1379794119526416617 -17.69867 -4.9194336 -25.379944 
466955236834357 1379794119590228873 -17.57965 -4.978943 -25.318909 
466955300011530 1379794119653612075 -17.63916 -4.9194336 -25.19989 
466955367553113 1379794119717576918 -17.459106 -4.9194336 -25.318909 
466955451972462 1379794119781022963 -17.57965 -5.0994873 -25.498962 
466955510663139 1379794119845231948 -17.69867 -5.218506 -25.498962 
466955576648183 1379794119908281264 -17.518616 -5.039978 -25.379944 
466955636407072 1379794119972337661 -17.69867 -5.0994873 -25.19989 
466955701964833 1379794120035448012 -17.69867 -5.0994873 -25.318909 
466955789069974 1379794120099534926 -17.63916 -5.039978 -25.379944 
466955831798496 1379794120162553725 -17.759705 -5.279541 -25.379944 
466955880997336 1379794120226152358 -17.999268 -5.1589966 -25.379944 
466955943503058 1379794120289262709 -17.939758 -5.0994873 -25.138855 
466956063631245 1379794120353227553 -17.999268 -5.039978 -24.958801 
466956077304372 1379794120416429458 -18.119812 -5.279541 -24.958801 
466956126930497 1379794120480408977 -17.939758 -5.1589966 -24.839783 
466956190107668 1379794120543580364 -17.999268 -5.1589966 -24.719238 
466956254017327 1379794120607514690 -18.179321 -5.0994873 -24.719238 
466956336544413 1379794120670960735 -18.23883 -5.0994873 -24.719238 
466956404910048 1379794120735169719 -17.999268 -5.039978 -24.659729 
466956468270342 1379794120798249553 -17.939758 -5.0994873 -24.719238 
466956529707851 1379794120862305950 -17.939758 -5.0994873 -24.958801 
466956591328482 1379794120925385784 -17.819214 -5.039978 -24.958801 
466956653406921 1379794120989442180 -17.939758 -5.0994873 -25.19989 
466956722993370 1379794121052522014 -17.878723 -5.1589966 -25.318909 
466956786841988 1379794121116578411 -17.63916 -5.0994873 -25.379944 
466956850904249 1379794121179658245 -17.459106 -5.1589966 -25.379944 
466956908862437 1379794121243714641 -17.63916 -5.218506 -25.2594 
466956969811621 1379794121306794475 -17.459106 -5.279541 -25.19989 
466957035674584 1379794121370850872 -17.459106 -5.279541 -25.138855 
466957105016870 1379794121433961223 -17.63916 -5.3390503 -25.019836 
466957166790102 1379794121498017620 -17.63916 -5.3390503 -24.778748 
466957231706936 1379794121561066936 -17.57965 -5.3390503 -24.778748 
466957290336571 1379794121625123333 -17.819214 -5.1589966 -24.719238 
466957353513742 1379794121688203167 -17.939758 -5.1589966 -24.719238 
466957423588517 1379794121752259563 -17.69867 -5.1589966 -24.899292 
466957484049375 1379794121815400432 -17.69867 -5.0994873 -24.839783 
466957549424012 1379794121879426311 -17.459106 -5.0994873 -25.019836 
466957610983602 1379794121942475628 -17.279053 -5.0994873 -25.019836 
466957670895094 1379794122006562542 -17.459106 -5.039978 -25.2594 
466957736117129 1379794122069611858 -17.399597 -5.1589966 -25.19989 
466957803628193 1379794122133906599 -17.399597 -5.4595947 -25.379944 
466957866957965 1379794122196955916 -17.57965 -5.519104 -25.439453 
466957929585769 1379794122259364363 -17.69867 -5.4595947 -25.379944 
466957994502601 1379794122324092146 -17.819214 -5.218506 -25.439453 
466958069826880 1379794122388209578 -17.878723 -4.9194336 -25.379944 
466958097264694 1379794122450801130 -18.058777 -4.9194336 -25.379944 
466958161296438 1379794122514796492 -17.819214 -4.9194336 -25.379944 
466958224473609 1379794122577967878 -17.819214 -4.6798706 -25.379944 
466958301903794 1379794122641902205 -17.878723 -4.559326 -25.138855 
466958371948049 1379794122705348250 -17.63916 -4.3792725 -24.958801 
466958436407075 1379794122769557234 -17.759705 -4.559326 -24.958801 
466958497905626 1379794122832667586 -17.69867 -4.73938 -24.839783 
466958566057617 1379794122896737843 -17.878723 -4.9194336 -24.719238 
466958629234787 1379794122959787159 -17.999268 -4.73938 -24.719238 
466958690611255 1379794123023874073 -17.999268 -4.73938 -24.598694 
466958752659172 1379794123086923390 -18.058777 -4.8599243 -24.659729 
466958817606525 1379794123151010304 -17.999268 -4.73938 -24.659729 
466958882675959 1379794123214059620 -18.23883 -4.73938 -24.719238 
466958946768740 1379794123278116017 -18.23883 -4.8599243 -24.778748 
466959011380367 1379794123341226368 -18.299866 -4.978943 -24.778748 
466959073916610 1379794123405313282 -18.539429 -4.8599243 -24.719238 
466959133309254 1379794123467386036 -18.23883 -5.039978 -24.839783 
466959197981923 1379794123532449513 -18.058777 -5.0994873 -24.899292 
466959267690454 1379794123595498829 -17.939758 -5.0994873 -24.899292 
466959329463689 1379794123659463673 -18.119812 -5.218506 -24.778748 
466959390565474 1379794123722665577 -18.119812 -5.3390503 -24.839783 
466959452613392 1379794123786721974 -17.999268 -5.279541 -24.839783 
466959515729522 1379794123849740773 -18.058777 -5.3390503 -25.079346 
466959582843821 1379794123913827687 -17.69867 -5.4595947 -25.138855 
466959646112553 1379794123976877003 -17.57965 -5.218506 -25.019836 
466959710449497 1379794124040994435 -17.759705 -4.9194336 -25.019836 
466959770086304 1379794124104013234 -17.69867 -4.798889 -25.138855 
466959833293994 1379794124168069630 -17.57965 -4.798889 -25.19989 
466959897051052 1379794124231179982 -17.399597 -4.6798706 -25.079346 
466959963707545 1379794124295236378 -17.63916 -4.559326 -25.19989 
466960036773317 1379794124358285695 -17.459106 -4.4387817 -24.899292 
466960094426299 1379794124422342091 -17.57965 -4.559326 -25.019836 
466960133095613 1379794124484994679 -17.819214 -4.6798706 -25.079346 
466960195692896 1379794124549171393 -17.69867 -4.978943 -25.019836 
466960264638416 1379794124612342779 -17.878723 -5.1589966 -25.019836 
466960329097442 1379794124676094000 -18.119812 -5.039978 -25.138855 
466960459633075 1379794124739906256 -18.119812 -5.0994873 -25.439453 
466960477151769 1379794124803962652 -17.759705 -5.279541 -25.2594 
466960521223187 1379794124867683356 -17.759705 -5.218506 -25.498962 
466960586262100 1379794124930549567 -17.69867 -5.1589966 -25.318909 
466960640283159 1379794124993751471 -17.759705 -5.218506 -25.2594 
466960717225017 1379794125057960455 -17.878723 -5.279541 -25.19989 
466960792335655 1379794125121437018 -17.759705 -5.218506 -25.138855 
466960851239974 1379794125185371344 -17.459106 -5.279541 -24.958801 
466960914630787 1379794125248451178 -17.459106 -5.3985596 -24.839783 
466960982386014 1379794125312507574 -17.63916 -5.3985596 -24.839783 
466961045074859 1379794125375571909 -17.759705 -5.279541 -24.899292 
466961114111940 1379794125439628306 -17.878723 -5.3985596 -24.839783 
466961170330465 1379794125502738657 -17.819214 -5.3985596 -24.778748 
466961232866710 1379794125566795054 -17.939758 -5.519104 -24.839783 
466961294823065 1379794125629844370 -17.878723 -5.3985596 -24.778748 
466961364653677 1379794125693900767 -17.939758 -5.4595947 -24.839783 
466961426182748 1379794125757011118 -17.939758 -5.218506 -24.839783 
466961491221660 1379794125821036997 -17.819214 -5.218506 -24.899292 
466961550614305 1379794125884116831 -17.69867 -5.3985596 -24.839783 
466961613730435 1379794125948203745 -17.759705 -5.1589966 -24.899292 
466961676877086 1379794126011283579 -17.57965 -5.1589966 -25.138855 
466961745792087 1379794126076621714 -17.518616 -4.8599243 -25.138855 
466961809762786 1379794126138389292 -17.57965 -5.0994873 -25.2594 
466961870101564 1379794126202445689 -17.69867 -5.1589966 -25.379944 
466961930623462 1379794126265525523 -17.69867 -5.3390503 -25.379944 
466961996120181 1379794126329612437 -17.69867 -5.218506 -25.559998 
466962062715634 1379794126392661753 -17.759705 -5.3390503 -25.559998 
466962127235700 1379794126456779185 -17.63916 -5.3390503 -25.379944 
466962197585158 1379794126519797984 -17.63916 -5.4595947 -25.2594 
466962253467960 1379794126583823862 -17.57965 -5.758667 -25.19989 
466962312067075 1379794126646964732 -17.63916 -5.6396484 -25.318909 
466962377105988 1379794126710990610 -17.459106 -5.519104 -25.19989 
466962443854042 1379794126774070444 -17.459106 -5.4595947 -25.318909 
466962509411803 1379794126838126841 -17.338562 -5.4595947 -25.439453 
466962570299945 1379794126901206675 -17.459106 -5.1589966 -25.19989 
466962630455599 1379794126965263071 -17.459106 -5.279541 -25.439453 
466962696715327 1379794127028616334 -17.338562 -4.978943 -25.379944 
466962764043269 1379794127092672730 -17.279053 -4.6798706 -25.498962 
466962825877544 1379794127155722047 -17.279053 -4.559326 -25.318909 
466962888841071 1379794127219778443 -17.57965 -4.4387817 -25.379944 
466962950888989 1379794127282919313 -17.63916 -4.3792725 -25.079346 
466963014340843 1379794127346914674 -17.819214 -4.3792725 -24.839783 
466963075076385 1379794127409994508 -17.759705 -4.6798706 -24.958801 
466963142770570 1379794127474050904 -17.878723 -4.4387817 -24.958801 
466963205734098 1379794127537161256 -18.299866 -4.6188354 -25.019836 
466963271566540 1379794127601187135 -18.359375 -4.73938 -24.958801 
466963329860452 1379794127664266969 -18.47992 -4.8599243 -25.019836 
466963393648030 1379794127728323365 -18.23883 -5.039978 -24.899292 
466963455970631 1379794127791433717 -18.179321 -4.978943 -25.19989 
466963525129794 1379794127855443710 -18.179321 -5.0994873 -25.19989 
466963587238751 1379794127918493026 -18.058777 -4.978943 -25.19989 
466963650629565 1379794127982579940 -18.179321 -5.3985596 -25.379944 
466963710632618 1379794128045659774 -18.058777 -5.279541 -25.2594 
466963775518930 1379794128109716171 -18.119812 -5.279541 -25.19989 
466963837994132 1379794128172796005 -18.058777 -5.3390503 -25.19989 
466963904864268 1379794128236852401 -18.058777 -5.218506 -25.19989 
466963968590806 1379794128299932235 -18.299866 -5.0994873 -25.019836 
466964031218609 1379794128363988632 -18.299866 -5.218506 -25.079346 
466964092747679 1379794128427068466 -18.418884 -5.1589966 -25.079346 
466964156413175 1379794128491124862 -18.299866 -4.9194336 -24.899292 
466964222825507 1379794128554204696 -18.299866 -4.9194336 -24.899292 
466964287681299 1379794128618261093 -18.179321 -4.8599243 -24.899292 
466964350217541 1379794128681340927 -18.23883 -4.73938 -24.778748 
466964412357018 1379794128745397323 -18.359375 -4.798889 -24.719238 
466964473641925 1379794128808477157 -18.119812 -4.9194336 -24.539185 
466964538375636 1379794128872533553 -17.999268 -4.8599243 -24.539185 
466964602987263 1379794128935613387 -17.939758 -5.039978 -24.719238 
466964667080046 1379794128999669784 -17.878723 -5.218506 -24.778748 
466964730379298 1379794129062780135 -17.878723 -5.3390503 -24.958801 
466964794838324 1379794129126836532 -18.119812 -5.3985596 -24.899292 
466964854475131 1379794129189885848 -17.999268 -5.279541 -25.079346 
466964918262709 1379794129253942245 -17.69867 -5.3985596 -25.379944 
466965008572491 1379794129317022079 -17.69867 -5.3390503 -25.619507 
466965057618732 1379794129381139510 -17.878723 -5.218506 -25.738525 
466965097264695 1379794129443731063 -18.119812 -5.1589966 -25.498962 
466965162486730 1379794129507907815 -18.058777 -4.9194336 -25.2594 
466965269979481 1379794129571079202 -17.878723 -4.978943 -25.318909 
466965294395780 1379794129635074563 -17.819214 -4.978943 -25.379944 
466965344754394 1379794129698215432 -17.939758 -5.1589966 -25.498962 
466965408664053 1379794129762210793 -17.999268 -5.039978 -25.079346 
466965471841224 1379794129825351663 -18.058777 -5.1589966 -25.138855 
466965549424009 1379794129889560647 -17.878723 -5.3390503 -25.019836 
466965617270798 1379794129952915139 -17.759705 -5.279541 -25.2594 
466965694517860 1379794130016941018 -17.878723 -5.3985596 -25.379944 
466965749515571 1379794130080051370 -17.999268 -5.218506 -25.19989 
466965813272630 1379794130144138284 -17.939758 -5.218506 -25.19989 
466965872939958 1379794130207096047 -17.999268 -5.218506 -25.19989 
466965935201518 1379794130271305032 -18.299866 -5.218506 -25.138855 
466966003841835 1379794130334338881 -18.299866 -5.279541 -25.19989 
466966068209301 1379794130398395277 -18.299866 -5.218506 -25.2594 
466966133339775 1379794130461505629 -18.23883 -5.0994873 -25.079346 
466966192732418 1379794130525562025 -18.179321 -5.039978 -25.318909 
466966253986807 1379794130588611342 -18.058777 -5.0994873 -25.2594 
466966324671989 1379794130652728773 -18.179321 -4.9194336 -25.2594 
466966384369837 1379794130715778090 -17.939758 -4.8599243 -25.079346 
466966449530831 1379794130779834486 -17.819214 -4.9194336 -25.2594 
466966510113771 1379794130842914320 -17.819214 -4.8599243 -25.079346 
466966572009087 1379794130906940199 -17.939758 -4.6798706 -25.19989 
466966634087524 1379794130970020033 -17.999268 -4.8599243 -25.19989 
466966702880444 1379794131034076429 -17.819214 -4.798889 -25.2594 
466966765660850 1379794131097156263 -17.819214 -5.0994873 -25.19989 
466966832164740 1379794131161304213 -17.57965 -5.4595947 -25.2594 
466966889695641 1379794131222644545 -17.819214 -5.5786133 -25.19989 
466966955650167 1379794131288440443 -17.63916 -5.6396484 -25.19989 
466967017270799 1379794131351428724 -17.57965 -5.819702 -25.19989 
466967084903944 1379794131416339613 -17.338562 -5.999756 -25.019836 
466967149607133 1379794131478595472 -17.03949 -5.999756 -25.019836 
466967214218760 1379794131542651869 -17.158508 -5.9387207 -24.899292 
466967271322378 1379794131605731703 -17.219543 -5.6991577 -24.899292 
466967335170997 1379794131669788099 -17.518616 -5.3985596 -24.899292 
466967401430726 1379794131732837416 -17.57965 -5.3985596 -24.958801 
466967467202127 1379794131796924330 -17.759705 -5.3985596 -25.019836 
466967530409818 1379794131859973646 -17.759705 -5.3985596 -24.899292 
466967590901197 1379794131924152113 -17.878723 -5.279541 -24.958801 
466967652399746 1379794131987352774 -18.119812 -5.3390503 -25.079346 
466967718567914 1379794132051378653 -18.179321 -5.3985596 -25.138855 
466967784888683 1379794132114458487 -18.23883 -5.4595947 -25.079346 
466967848828862 1379794132178575919 -17.819214 -5.5786133 -25.138855 
466967910876780 1379794132241594718 -17.69867 -5.4595947 -24.958801 
466967971978566 1379794132305681632 -17.459106 -5.3985596 -24.958801 
466968014859689 1379794132368334220 -17.518616 -5.3985596 -25.079346 
466968077792696 1379794132431230948 -17.518616 -5.5786133 -24.958801 
466968142190682 1379794132495439932 -17.57965 -5.4595947 -24.899292 
466968206008780 1379794132559404776 -17.63916 -5.519104 -24.839783 
466968271413938 1379794132623278067 -17.759705 -5.519104 -24.719238 
466968333126130 1379794132686541007 -18.179321 -5.3985596 -24.778748 
466968396242262 1379794132749712393 -18.119812 -5.3390503 -25.019836 
466968460212961 1379794132813783028 -18.179321 -5.3985596 -25.138855 
466968529921493 1379794132876954414 -18.058777 -5.279541 -25.079346 
466968595051966 1379794132940980293 -18.119812 -5.039978 -25.079346 
466968669643757 1379794133004517891 -17.939758 -5.218506 -25.019836 
466968734255385 1379794133068604805 -17.939758 -5.1589966 -25.079346 
466968798439727 1379794133131684639 -17.939758 -5.1589966 -25.318909 
466968865004659 1379794133195832588 -17.69867 -5.279541 -25.2594 
466968928059750 1379794133258831627 -17.69867 -5.3390503 -25.138855 
466969004299640 1379794133322918541 -17.819214 -5.279541 -25.138855 
466969031981617 1379794133385540612 -18.058777 -5.1589966 -25.079346 
466969096013358 1379794133449505456 -18.119812 -5.279541 -25.138855 
466969159953538 1379794133512646325 -18.179321 -5.1589966 -25.19989 
466969226213267 1379794133576672204 -18.299866 -5.039978 -25.138855 
466969310296893 1379794133639782555 -18.179321 -5.0994873 -25.19989 
466969370696710 1379794133704266198 -18.179321 -5.039978 -25.19989 
466969432317342 1379794133767376549 -18.058777 -4.9194336 -25.19989 
466969495708156 1379794133832470543 -18.179321 -4.978943 -25.138855 
466969563341301 1379794133894512780 -18.119812 -5.0994873 -25.2594 
466969635247297 1379794133958599694 -17.878723 -5.039978 -25.19989 
466969729219522 1379794134021649010 -17.999268 -4.978943 -25.019836 
466969749820774 1379794134085597712 -17.878723 -5.0994873 -25.079346 
466969797890362 1379794134148433406 -17.878723 -4.978943 -25.079346 
466969866408597 1379794134212428767 -17.939758 -4.978943 -25.079346 
466969922138797 1379794134275569636 -17.939758 -5.0994873 -25.079346 
466970005795138 1379794134339778620 -17.939758 -5.039978 -24.899292 
466970098577069 1379794134403133113 -17.69867 -4.978943 -24.899292 
466970113257368 1379794134466701228 -17.819214 -5.039978 -25.019836 
466970176342978 1379794134529842097 -17.878723 -5.039978 -25.138855 
466970240710444 1379794134593806941 -17.69867 -4.978943 -25.019836 
466970306878611 1379794134657008845 -17.69867 -4.978943 -24.899292 
466970389894024 1379794134721217829 -17.459106 -4.8599243 -24.958801 
466970453132236 1379794134784541804 -17.459106 -4.798889 -25.019836 
466970513654134 1379794134848720271 -17.338562 -4.9194336 -25.138855 
466970577105989 1379794134911708552 -17.338562 -4.978943 -25.138855 
466970644464451 1379794134975703913 -17.338562 -4.8599243 -25.138855 
466970717591263 1379794135038875300 -17.098999 -4.978943 -25.2594 
466970770422027 1379794135102870661 -17.279053 -5.0994873 -25.379944 
466970832256300 1379794135165981013 -17.158508 -5.1589966 -25.679016 
466970898332906 1379794135230006892 -17.279053 -5.279541 -25.679016 
466970958030755 1379794135293086726 -17.219543 -5.4595947 -25.619507 
466971026457430 1379794135357143122 -17.338562 -5.279541 -25.679016 
466971089665120 1379794135420222956 -17.459106 -5.218506 -25.738525 
466971154978718 1379794135484279353 -17.399597 -5.218506 -25.498962 
466971212723262 1379794135547359187 -17.57965 -5.218506 -25.498962 
466971276114075 1379794135611446101 -17.63916 -5.218506 -25.498962 
466971342617967 1379794135674495417 -17.63916 -5.279541 -25.439453 
466971407443238 1379794135738703329 -17.819214 -5.218506 -25.318909 
466971471810702 1379794135801813680 -18.23883 -5.039978 -25.379944 
466971531447510 1379794135865870077 -18.418884 -5.1589966 -25.318909 
466971593495427 1379794135928919393 -18.418884 -5.039978 -25.318909 
466971658046015 1379794135992975790 -18.539429 -4.9194336 -25.559998 
466971725557079 1379794136056147176 -18.47992 -4.6798706 -25.498962 
466971790168706 1379794136120142538 -18.418884 -4.6798706 -25.439453 
466971851362054 1379794136183252889 -18.659973 -4.499817 -25.379944 
466971912433319 1379794136247309286 -18.719482 -4.499817 -25.379944 
466971977105988 1379794136310297567 -18.539429 -4.6798706 -25.439453 
466972042968952 1379794136374384481 -18.539429 -4.559326 -25.19989 
466972105291553 1379794136437464315 -18.418884 -4.73938 -25.318909 
466972174572797 1379794136501520712 -18.539429 -4.978943 -24.958801 
466972222764464 1379794136564676199 -18.598938 -4.798889 -25.019836 
466972274710137 1379794136628274831 -18.598938 -4.798889 -24.899292 
466972337826268 1379794136691415701 -18.539429 -5.0994873 -24.778748 
466972401949571 1379794136755350027 -18.47992 -5.039978 -24.778748 
466972487559215 1379794136818796072 -18.299866 -4.9194336 -24.659729 
466972549881815 1379794136883005056 -17.939758 -5.039978 -24.839783 
466972613089506 1379794136946084890 -18.119812 -5.039978 -25.019836 
466972675747830 1379794137010202322 -17.999268 -5.0994873 -25.318909 
466972743594619 1379794137073221120 -17.999268 -5.279541 -25.619507 
466972807748441 1379794137137277517 -17.819214 -5.218506 -25.738525 
466972869857398 1379794137200357351 -17.63916 -5.0994873 -25.79956 
466972931905316 1379794137264474783 -17.518616 -5.1589966 -25.79956 
466972994349998 1379794137327493581 -17.57965 -5.0994873 -25.979614 
466973037536324 1379794137391031179 -17.878723 -5.1589966 -25.91858 
466973100713496 1379794137454202566 -17.819214 -5.1589966 -25.559998 
466973164745238 1379794137518167410 -17.878723 -5.0994873 -25.379944 
466973238512977 1379794137581369314 -17.759705 -5.218506 -25.079346 
466973314111939 1379794137645578298 -17.819214 -5.218506 -25.138855 
466973355009238 1379794137708475027 -17.878723 -5.218506 -25.079346 
466973420322835 1379794137772439870 -17.939758 -5.218506 -25.019836 
466973482218150 1379794137835611257 -17.939758 -5.279541 -24.958801 
466973555009237 1379794137899576101 -17.939758 -5.1589966 -24.719238 
466973629021140 1379794137963022146 -17.939758 -5.218506 -24.958801 
466973693815891 1379794138027261648 -17.939758 -5.1589966 -24.958801 
466973757023582 1379794138090341482 -17.999268 -5.0994873 -24.958801 
466973824534646 1379794138154397878 -17.999268 -5.218506 -24.899292 
466973888200142 1379794138217598474 -18.058777 -5.0994873 -24.839783 
466973950888987 1379794138281685388 -18.119812 -5.1589966 -24.958801 
466974012082333 1379794138344765222 -18.058777 -5.0994873 -24.899292 
466974074679619 1379794138408852136 -18.058777 -5.1589966 -25.138855 
466974136605454 1379794138471870935 -17.999268 -5.279541 -24.839783 
466974205276291 1379794138535927331 -17.878723 -5.279541 -24.899292 
466974271291856 1379794138599007165 -17.878723 -5.279541 -24.899292 
466974358824283 1379794138663094079 -17.819214 -5.3985596 -24.778748 
466974380402186 1379794138725746667 -17.69867 -5.4595947 -24.839783 
466974448310017 1379794138789711511 -17.759705 -5.3985596 -24.659729 
466974499919966 1379794138852852380 -17.759705 -5.519104 -24.659729 
466974601552805 1379794138916847741 -17.63916 -5.6991577 -24.778748 
466974628013967 1379794138979988610 -17.69867 -5.519104 -24.719238 
466974690824895 1379794139044028721 -17.57965 -5.5786133 -24.719238 
466974757267745 1379794139107200108 -17.69867 -5.519104 -24.839783 
466974857923932 1379794139171561680 -17.759705 -5.279541 -24.899292 
466974880814212 1379794139234366856 -17.878723 -5.279541 -24.958801 
466974948783080 1379794139298301182 -17.819214 -5.279541 -24.899292 
466975007840002 1379794139361228428 -17.878723 -5.3390503 -24.839783 
466975076205635 1379794139426658116 -17.759705 -5.039978 -24.778748 
466975153452698 1379794139490439854 -17.63916 -5.039978 -25.079346 
466975200362511 1379794139553733311 -17.878723 -4.978943 -25.138855 
466975263448121 1379794139616904698 -17.939758 -5.039978 -25.019836 
466975327479862 1379794139680869541 -17.939758 -5.1589966 -25.019836 
466975403170386 1379794139744193516 -17.939758 -5.3390503 -24.958801 
466975474008170 1379794139808768711 -17.939758 -5.039978 -24.958801 
466975534407986 1379794139871879063 -17.69867 -4.8599243 -25.019836 
466975605947738 1379794139936454258 -17.69867 -5.039978 -25.079346 
466975730867622 1379794139999045811 -17.819214 -4.978943 -25.019836 
466975749271407 1379794140063071690 -17.69867 -5.0994873 -24.958801 
466975772253248 1379794140125632725 -17.63916 -5.0994873 -24.899292 
466975832347861 1379794140185691319 -17.63916 -4.798889 -25.019836 
466975897234172 1379794140250663243 -17.759705 -4.6798706 -25.019836 
466975966027092 1379794140314628086 -17.759705 -5.039978 -25.19989 
466976029204262 1379794140377982579 -17.999268 -5.0994873 -25.138855 
466976090977496 1379794140441794834 -18.23883 -4.9194336 -25.19989 
466976175457887 1379794140505454502 -18.23883 -4.9194336 -25.079346 
466976236284988 1379794140569541416 -18.179321 -4.73938 -25.138855 
466976304711664 1379794140632499180 -18.179321 -4.73938 -25.079346 
466976365752408 1379794140696793637 -17.878723 -4.978943 -25.138855 
466976429295824 1379794140759781919 -17.759705 -5.0994873 -25.079346 
466976491038537 1379794140823960385 -17.759705 -4.8599243 -25.019836 
466976552964372 1379794140886979184 -17.69867 -4.9194336 -25.138855 
466976615775299 1379794140951066098 -17.518616 -4.978943 -25.138855 
466976683194801 1379794141014084897 -17.57965 -4.798889 -25.138855 
466976748386316 1379794141078202329 -17.57965 -4.9194336 -25.318909 
466976812540139 1379794141141221128 -17.518616 -4.73938 -25.379944 
466976871902262 1379794141205369077 -17.759705 -4.73938 -25.2594 
466976934255386 1379794141268418393 -17.999268 -4.6798706 -25.2594 
466976998470250 1379794141332413755 -17.999268 -4.8599243 -25.2594 
466977063997489 1379794141394364438 -17.819214 -4.8599243 -25.079346 
466977128822759 1379794141459594585 -17.939758 -4.8599243 -25.019836 
466977208480930 1379794141522765972 -17.819214 -5.039978 -24.839783 
466977253651081 1379794141587341167 -17.878723 -5.1589966 -24.598694 
466977315119111 1379794141649780132 -17.939758 -5.218506 -24.598694 
466977383087980 1379794141714019634 -17.939758 -5.279541 -24.778748 
466977445196937 1379794141776977398 -17.63916 -5.279541 -24.839783 
466977512433318 1379794141841155865 -17.57965 -5.3985596 -24.839783 
466977571703881 1379794141904144146 -17.759705 -5.279541 -24.839783 
466977614096677 1379794141967620708 -17.69867 -5.3985596 -24.899292 
466977677273850 1379794142030822613 -17.759705 -5.3390503 -24.899292 
466977741275071 1379794142094756939 -17.878723 -5.0994873 -25.019836 
466977811075162 1379794142157989361 -17.63916 -5.218506 -25.079346 
466977892320392 1379794142222167828 -17.759705 -5.218506 -25.019836 
466977951255232 1379794142285552837 -17.819214 -5.279541 -24.899292 
466978014798647 1379794142349517681 -18.119812 -4.978943 -24.899292 
466978078006338 1379794142412597515 -17.878723 -5.0994873 -24.958801 
466978144876474 1379794142476684429 -17.819214 -5.039978 -25.079346 
466978212509619 1379794142539764263 -17.69867 -5.039978 -25.138855 
466978270895091 1379794142603393414 -17.63916 -5.1589966 -25.138855 
466978333889138 1379794142666839458 -17.939758 -5.218506 -25.138855 
466978396425383 1379794142730956890 -17.878723 -5.1589966 -25.079346 
466978458961626 1379794142794067242 -18.058777 -5.039978 -25.2594 
466978527479861 1379794142858062603 -17.759705 -5.279541 -25.379944 
466978591023276 1379794142921142437 -17.939758 -5.0994873 -25.379944 
466978651423093 1379794142985198833 -17.999268 -4.978943 -25.318909 
466978713440490 1379794143048309185 -18.119812 -4.9194336 -25.498962 
466978825206093 1379794143112455799 -18.058777 -4.978943 -25.619507 
466978861342214 1379794143175535633 -17.939758 -4.9194336 -25.679016 
466978898271866 1379794143239164783 -17.759705 -4.9194336 -25.559998 
466978948722040 1379794143302305652 -17.63916 -4.9194336 -25.379944 
466979069369072 1379794143366270496 -17.63916 -4.9194336 -25.379944 
466979076236155 1379794143429441883 -17.57965 -5.279541 -25.138855 
466979139901652 1379794143493406727 -17.57965 -5.3985596 -24.958801 
466979203231425 1379794143556578113 -17.57965 -5.3985596 -24.839783 
466979267110564 1379794143620542957 -17.63916 -5.1589966 -24.719238 
466979335598280 1379794143683714344 -17.459106 -5.0994873 -24.659729 
466979394197394 1379794143747679188 -17.69867 -4.978943 -24.839783 
466979478219979 1379794143811216785 -17.939758 -4.978943 -24.899292 
466979543960862 1379794143875303699 -17.999268 -5.039978 -24.719238 
466979607962083 1379794143938428694 -17.878723 -4.978943 -25.019836 
466979672207467 1379794144002515608 -18.058777 -4.798889 -25.2594 
466979731966356 1379794144065564924 -17.999268 -5.039978 -25.2594 
466979799111174 1379794144129621321 -17.878723 -5.218506 -25.138855 
466979858259656 1379794144192701155 -18.23883 -5.4595947 -25.19989 
466979926167485 1379794144256757551 -18.179321 -5.4595947 -25.019836 
466980016751949 1379794144319837385 -17.878723 -5.279541 -24.899292 
466980040802004 1379794144383466536 -17.759705 -5.039978 -25.019836 
466980096379601 1379794144446607405 -17.759705 -4.73938 -24.839783 
466980157206703 1379794144510572248 -17.518616 -4.798889 -24.659729 
466980233019309 1379794144573774153 -17.518616 -4.499817 -24.659729 
466980293876931 1379794144638196760 -17.63916 -4.319763 -24.899292 
466980360869148 1379794144701246077 -17.518616 -4.0786743 -25.079346 
466980445624222 1379794144765302473 -17.518616 -4.0786743 -25.138855 
466980474557535 1379794144828016096 -17.63916 -4.1992188 -25.079346 
466980538558757 1379794144891980940 -17.878723 -4.258728 -25.079346 
466980601766447 1379794144955152327 -17.878723 -4.319763 -25.079346 
466980691038536 1379794145019574934 -18.179321 -4.1397095 -25.19989 
466980755741726 1379794145082654768 -18.179321 -4.3792725 -25.079346 
466980813364188 1379794145146711164 -17.999268 -4.6188354 -24.899292 
466980875351065 1379794145209790998 -17.819214 -4.73938 -24.659729 
466980944235545 1379794145273908430 -17.69867 -4.73938 -24.659729 
466981006893869 1379794145336927229 -17.63916 -4.8599243 -24.899292 
466981070834050 1379794145400983625 -17.459106 -4.8599243 -25.019836 
466981130928662 1379794145464093977 -17.399597 -4.978943 -24.839783 
466981193464906 1379794145528119856 -17.219543 -5.279541 -24.958801 
466981258961624 1379794145591381519 -17.098999 -5.0994873 -25.019836 
466981325190832 1379794145655407398 -17.03949 -5.218506 -25.2594 
466981388032280 1379794145718395680 -17.098999 -5.039978 -25.079346 
466981453010152 1379794145782543629 -17.098999 -5.218506 -25.079346 
466981511151462 1379794145845653980 -17.098999 -5.1589966 -24.899292 
466981574450713 1379794145909710377 -17.098999 -5.218506 -24.958801 
466981637902567 1379794145972759693 -17.338562 -5.1589966 -25.019836 
466981707336416 1379794146036785572 -17.338562 -5.1589966 -24.958801 
466981769872658 1379794146099895924 -17.459106 -5.279541 -25.019836 
466981831645892 1379794146163952320 -17.57965 -5.1589966 -24.719238 
466981894029532 1379794146227032154 -17.57965 -5.218506 -25.019836 
466981958519079 1379794146291119068 -17.759705 -5.1589966 -24.958801 
466982019040978 1379794146354137867 -17.878723 -5.279541 -25.138855 
466982139291245 1379794146418300522 -17.759705 -5.279541 -24.958801 
466982152323444 1379794146481410874 -17.759705 -5.279541 -24.778748 
466982193251262 1379794146544978989 -17.939758 -5.0994873 -25.019836 
466982256153750 1379794146608119858 -17.999268 -5.279541 -24.839783 
466982322413480 1379794146672115219 -18.058777 -5.279541 -25.079346 
466982384705559 1379794146735286606 -18.119812 -5.519104 -25.019836 
466982453528998 1379794146799495590 -18.23883 -5.3985596 -25.019836 
466982555741725 1379794146862819565 -18.179321 -5.4595947 -24.839783 
466982572955215 1379794146926448715 -18.299866 -5.3985596 -25.019836 
466982636132387 1379794146989559067 -18.23883 -5.3985596 -25.079346 
466982701690146 1379794147053523911 -18.23883 -5.5786133 -24.659729 
466982768499242 1379794147116725815 -18.23883 -5.519104 -24.899292 
466982852186102 1379794147180904282 -18.418884 -5.519104 -24.839783 
466982911273542 1379794147244197739 -18.359375 -5.279541 -24.778748 
466982975244243 1379794147308254135 -18.359375 -5.3985596 -24.958801 
466983037109037 1379794147371303452 -18.359375 -5.1589966 -25.2594 
466983104070736 1379794147435390366 -18.359375 -5.279541 -25.19989 
466983167308947 1379794147498500717 -18.47992 -5.218506 -25.379944 
466983237017477 1379794147562587631 -18.359375 -5.218506 -25.498962 
466983291709983 1379794147625606430 -18.359375 -5.1589966 -25.679016 
466983372161685 1379794147689662827 -18.23883 -5.0994873 -25.679016 
466983407046471 1379794147752376450 -18.23883 -5.279541 -25.619507 
466983471993824 1379794147816341294 -18.119812 -5.3985596 -25.679016 
466983534041741 1379794147879512680 -18.179321 -5.6396484 -25.619507 
466983661647417 1379794147943508042 -18.418884 -5.3985596 -25.439453 
466983671108732 1379794148006648911 -18.23883 -5.3390503 -25.439453 
466983717225016 1379794148070856142 -18.299866 -5.279541 -25.498962 
466983780829472 1379794148133935976 -18.058777 -5.1589966 -25.318909 
466983850232799 1379794148197992373 -18.23883 -5.0994873 -25.318909 
466983931478029 1379794148261499453 -18.179321 -5.279541 -25.439453 
466983992518773 1379794148325586367 -17.999268 -5.218506 -25.2594 
466984053010153 1379794148388635683 -17.759705 -5.039978 -25.318909 
466984118903636 1379794148452722597 -17.819214 -5.1589966 -25.2594 
466984184797119 1379794148515802431 -17.63916 -5.218506 -25.379944 
466984252613387 1379794148579828310 -17.57965 -5.0994873 -25.318909 
466984311151460 1379794148642938662 -17.57965 -5.279541 -25.2594 
466984372222727 1379794148706964541 -17.399597 -5.4595947 -25.19989 
466984435430417 1379794148770074892 -17.399597 -5.1589966 -25.19989 
466984499248516 1379794148834100771 -17.279053 -5.0994873 -25.19989 
466984565782927 1379794148897226216 -17.459106 -5.218506 -25.079346 
466984630547158 1379794148961252094 -17.399597 -5.0994873 -24.958801 
466984691587903 1379794149024331928 -17.399597 -5.218506 -24.958801 
466984754276749 1379794149088388325 -17.338562 -5.3985596 -25.138855 
466984816599349 1379794149151468159 -17.279053 -5.279541 -25.019836 
466984885972155 1379794149215524555 -17.219543 -5.0994873 -25.138855 
466984948294754 1379794149278604389 -17.158508 -5.279541 -25.019836 
466985011899211 1379794149342721821 -17.399597 -5.1589966 -25.079346 
466985070254162 1379794149405740620 -17.219543 -5.0994873 -25.019836 
466985133644976 1379794149469827534 -17.03949 -5.279541 -25.19989 
466985197646196 1379794149532876850 -17.158508 -5.3390503 -25.138855 
466985268392420 1379794149596933247 -17.158508 -5.3390503 -25.079346 
466985328639634 1379794149660013081 -17.279053 -5.279541 -25.138855 
466985391175877 1379794149724069477 -17.57965 -5.218506 -25.079346 
466985453498477 1379794149787179829 -17.69867 -5.1589966 -25.138855 
466985517194494 1379794149851205708 -17.69867 -5.1589966 -25.079346 
466985578296280 1379794149914346577 -17.878723 -5.1589966 -25.2594 
466985648035331 1379794149978341938 -17.819214 -4.8599243 -25.138855 
466985711365104 1379794150041452290 -17.63916 -4.73938 -25.19989 
466985777075465 1379794150105478169 -17.759705 -4.798889 -25.19989 
466985833538155 1379794150168558003 -17.63916 -4.6798706 -25.19989 
466985897325732 1379794150232644917 -17.518616 -4.73938 -25.079346 
466985964806276 1379794150295694233 -17.57965 -4.798889 -25.079346 
466986031371208 1379794150360513569 -17.518616 -4.8599243 -25.079346 
466986090824893 1379794150422830464 -17.399597 -4.73938 -24.958801 
466986154246226 1379794150486917378 -17.57965 -4.798889 -24.899292 
466986216477265 1379794150551338693 -17.69867 -4.73938 -24.899292 
466986285483828 1379794150614235422 -17.759705 -4.6188354 -24.958801 
466986345670002 1379794150677345773 -17.939758 -4.798889 -25.079346 
466986408541970 1379794150741371652 -17.878723 -4.978943 -25.2594 
466986471291855 1379794150804451486 -17.878723 -4.73938 -25.19989 
466986533797577 1379794150868507883 -17.759705 -4.798889 -25.2594 
466986596822147 1379794150931648752 -17.759705 -5.039978 -25.2594 
466986663783843 1379794150995644113 -17.759705 -5.0994873 -25.439453 
466986727144136 1379794151058754465 -17.939758 -5.3390503 -25.439453 
466986794136353 1379794151122780343 -17.939758 -5.3390503 -25.2594 
466986851697775 1379794151185860177 -17.999268 -5.4595947 -25.138855 
466986915485354 1379794151249947092 -18.058777 -5.3985596 -25.019836 
466986977991076 1379794151313026925 -17.878723 -5.519104 -25.138855 
466987047882730 1379794151377067454 -18.179321 -5.519104 -25.138855 
466987108648790 1379794151440147288 -18.23883 -5.3985596 -25.379944 
466987172222726 1379794151504203685 -18.179321 -5.519104 -25.2594 
466987215683736 1379794151568076976 -18.058777 -5.4595947 -25.079346 
466987277334888 1379794151630851634 -18.179321 -5.519104 -25.079346 
466987341275068 1379794151694053538 -17.999268 -5.279541 -25.138855 
466987417453917 1379794151758048900 -17.878723 -5.3985596 -25.379944 
466987491404780 1379794151821433909 -17.999268 -5.0994873 -25.2594 
466987552476045 1379794151885642894 -17.759705 -5.0994873 -25.318909 
466987615286972 1379794151948722728 -17.69867 -5.1589966 -25.138855 
466987678250499 1379794152012748607 -17.69867 -5.1589966 -25.19989 
466987744754391 1379794152075858958 -17.57965 -5.1589966 -25.379944 
466987811868689 1379794152139945872 -17.459106 -4.9194336 -25.318909 
466987871566538 1379794152202964671 -17.459106 -5.279541 -25.318909 
466987933004047 1379794152267021068 -17.518616 -5.218506 -25.138855 
466988029539984 1379794152330100902 -17.518616 -5.3985596 -25.138855 
466988049622390 1379794152393699534 -17.819214 -5.519104 -24.899292 
466988111670307 1379794152456870921 -17.939758 -5.519104 -24.899292 
466988175457885 1379794152520835765 -17.878723 -5.4595947 -25.19989 
466988295708152 1379794152584037669 -17.999268 -5.4595947 -25.138855 
466988305596752 1379794152647941478 -17.999268 -5.6396484 -25.379944 
466988357756069 1379794152711143382 -17.939758 -5.4595947 -25.379944 
466988421818331 1379794152775169261 -17.939758 -5.3390503 -25.559998 
466988494121093 1379794152838310130 -17.878723 -5.279541 -25.679016 
466988572405848 1379794152902488597 -17.57965 -5.1589966 -25.85907 
466988632805664 1379794152965843089 -17.399597 -5.1589966 -25.85907 
466988696349081 1379794153030109010 -17.57965 -4.9194336 -25.619507 
466988759037925 1379794153093127808 -17.459106 -4.978943 -25.559998 
466988839794830 1379794153157184205 -17.219543 -4.9194336 -25.379944 
466988866317033 1379794153219897828 -17.57965 -4.499817 -25.079346 
466988930348774 1379794153283893189 -17.518616 -4.3792725 -25.019836 
466988993495426 1379794153347034058 -17.69867 -4.6798706 -25.019836 
466989068697622 1379794153411029420 -17.69867 -4.798889 -25.079346 
466989137398981 1379794153474200807 -17.999268 -4.8599243 -25.138855 
466989208236765 1379794153538592896 -17.999268 -5.039978 -25.079346 
466989272207465 1379794153601672730 -18.119812 -5.1589966 -25.138855 
466989332424160 1379794153665759644 -18.119812 -5.0994873 -25.318909 
466989395051964 1379794153728808961 -18.119812 -5.3985596 -25.439453 
466989459785674 1379794153792865357 -18.058777 -5.4595947 -25.439453 
466989525557076 1379794153855957701 -17.999268 -5.0994873 -25.379944 
466989589680378 1379794153920044615 -18.119812 -4.8599243 -25.138855 
466989652643907 1379794153983124449 -17.878723 -4.798889 -25.138855 
466989713165804 1379794154047150328 -17.759705 -4.9194336 -25.2594 
466989776373496 1379794154110260680 -17.69867 -4.798889 -25.2594 
466989839703270 1379794154174317076 -17.999268 -4.73938 -25.019836 
466989909076075 1379794154237366393 -17.69867 -4.9194336 -25.019836 
466989964897836 1379794154301453307 -17.69867 -4.9194336 -24.958801 
466990010678394 1379794154364136412 -17.69867 -5.0994873 -24.958801 
466990074618574 1379794154428101256 -17.518616 -5.1589966 -25.138855 
466990137795745 1379794154491272643 -17.69867 -5.218506 -25.19989 
466990217637039 1379794154555268004 -17.57965 -5.0994873 -25.019836 
466990288963150 1379794154618775084 -17.459106 -5.039978 -25.19989 
466990351377311 1379794154682861998 -17.338562 -5.1589966 -25.379944 
466990412357015 1379794154746002867 -17.399597 -5.0994873 -25.2594 
466990476602399 1379794154809967711 -17.459106 -5.039978 -25.379944 
466990538772397 1379794154873047545 -17.459106 -4.978943 -25.498962 
466990606893868 1379794154937103942 -17.69867 -5.0994873 -25.559998 
466990671047691 1379794155000214293 -17.57965 -5.1589966 -25.439453 
466990731691670 1379794155064240172 -17.69867 -5.0994873 -25.559998 
466990798500766 1379794155127503111 -17.878723 -5.039978 -25.19989 
466990857984971 1379794155191406920 -17.939758 -5.1589966 -25.318909 
466990925740198 1379794155254486754 -17.878723 -5.3390503 -25.318909 
466990991145356 1379794155318512633 -17.819214 -5.3390503 -25.379944 
466991051392570 1379794155381592467 -17.759705 -5.279541 -25.2594 
466991112524877 1379794155445921412 -17.57965 -5.279541 -25.079346 
466991176190373 1379794155508940210 -17.518616 -5.0994873 -25.019836 
466991238299331 1379794155572996607 -17.518616 -5.3390503 -25.019836 
466991305047386 1379794155636106958 -17.518616 -5.5786133 -25.2594 
466991369842135 1379794155700163355 -17.518616 -5.5786133 -25.138855 
466991432469941 1379794155763182154 -17.63916 -5.3390503 -25.318909 
466991493602246 1379794155827299585 -17.63916 -5.5786133 -25.2594 
466991555985887 1379794155890348902 -17.69867 -5.6991577 -25.379944 
466991625267132 1379794155954435816 -17.878723 -5.6991577 -25.498962 
466991687925457 1379794156017485132 -17.878723 -5.819702 -25.738525 
466991749637650 1379794156081541529 -17.939758 -5.819702 -25.79956 
466991812448576 1379794156144651880 -18.058777 -5.519104 -25.79956 
466991874374411 1379794156208677759 -18.119812 -5.519104 -25.679016 
466991939810090 1379794156271772249 -18.179321 -5.519104 -25.679016 
466992005489932 1379794156335798128 -18.23883 -5.279541 -25.619507 
466992069643754 1379794156398877962 -18.299866 -5.0994873 -25.619507 
466992131783231 1379794156462964876 -18.119812 -5.0994873 -25.559998 
466992198958572 1379794156526044710 -18.119812 -5.1589966 -25.379944 
466992256611554 1379794156590070589 -18.119812 -4.978943 -25.379944 
466992318964675 1379794156653180940 -17.878723 -5.039978 -25.138855 
466992387147186 1379794156717206819 -17.759705 -4.978943 -25.138855 
466992451575692 1379794156780286653 -17.518616 -5.0994873 -25.079346 
466992510541054 1379794156844343050 -17.399597 -5.218506 -25.138855 
466992574847478 1379794156907453401 -17.459106 -5.3390503 -25.019836 
466992670101559 1379794156971479280 -17.459106 -5.3390503 -25.019836 
466992690702810 1379794157034192903 -17.63916 -5.1589966 -25.079346 
466992752872810 1379794157098157747 -17.759705 -5.218506 -25.019836 
466992816568827 1379794157161329134 -17.63916 -5.3390503 -24.899292 
466992930837100 1379794157225293977 -17.759705 -5.1589966 -25.2594 
466992943472534 1379794157288465364 -17.999268 -4.978943 -25.019836 
466992999080652 1379794157352430208 -18.058777 -4.9194336 -25.019836 
466993062257825 1379794157415601594 -18.058777 -4.73938 -24.778748 
466993136361288 1379794157479596956 -18.179321 -4.499817 -24.659729 
466993211777127 1379794157542768343 -17.939758 -4.559326 -24.659729 
466993278830385 1379794157607160432 -17.999268 -4.559326 -24.659729 
466993336239207 1379794157670270784 -17.939758 -4.6798706 -24.958801 
466993403994434 1379794157734327180 -17.819214 -4.798889 -24.778748 
466993468239816 1379794157797407014 -17.69867 -4.8599243 -24.839783 
466993530745538 1379794157861432893 -17.69867 -5.0994873 -24.719238 
466993592762935 1379794157924755545 -17.759705 -5.3390503 -24.958801 
466993655756985 1379794157988811942 -17.759705 -5.758667 -25.138855 
466993717591258 1379794158051891776 -17.939758 -5.758667 -25.138855 
466993785193883 1379794158115948172 -17.999268 -5.8792114 -25.379944 
466993825541815 1379794158178814383 -18.179321 -5.758667 -25.379944 
466993889054710 1379794158242626639 -18.299866 -5.6991577 -25.379944 
466993952231882 1379794158305798026 -17.999268 -5.819702 -25.498962 
466994024015798 1379794158369793387 -17.999268 -5.6396484 -25.439453 
466994093999011 1379794158432964774 -17.939758 -5.4595947 -25.559998 
466994166912181 1379794158497356864 -17.759705 -5.4595947 -25.498962 
466994231188086 1379794158560436698 -17.63916 -5.3985596 -25.2594 
466994294639940 1379794158624493094 -17.459106 -5.3390503 -25.019836 
466994353941023 1379794158687572928 -17.338562 -5.3390503 -24.899292 
466994418552652 1379794158751644038 -17.459106 -5.3985596 -24.839783 
466994485087065 1379794158814723872 -17.63916 -5.218506 -24.899292 
466994547714869 1379794158878780269 -17.63916 -5.1589966 -24.839783 
466994611227764 1379794158941829585 -17.69867 -5.279541 -24.659729 
466994672115907 1379794159005885982 -17.819214 -5.1589966 -24.659729 
466994736269730 1379794159068996333 -17.878723 -5.218506 -24.958801 
466994805764618 1379794159133052730 -17.939758 -5.039978 -24.899292 
466994866774841 1379794159196102046 -17.878723 -5.039978 -24.659729 
466994930348776 1379794159260188960 -17.759705 -5.218506 -24.778748 
466994991999928 1379794159321956538 -17.759705 -5.3390503 -24.659729 
466995051789336 1379794159387355708 -17.69867 -5.279541 -24.899292 
466995118323747 1379794159450374507 -17.518616 -5.218506 -24.899292 
466995184095151 1379794159514797114 -17.399597 -5.279541 -25.079346 
466995249164584 1379794159577541255 -17.338562 -5.1589966 -24.899292 
466995311731347 1379794159641567134 -17.399597 -5.0994873 -24.899292 
466995369964217 1379794159704646968 -17.338562 -5.039978 -25.079346 
466995436132384 1379794159768733882 -17.158508 -4.8599243 -24.958801 
466995497936138 1379794159831783198 -17.158508 -4.8599243 -24.839783 
466995564775754 1379794159895870112 -17.219543 -4.978943 -24.899292 
466995628532812 1379794159958919429 -17.279053 -5.039978 -25.019836 
466995691771024 1379794160022975825 -17.279053 -4.8599243 -24.899292 
466995752720207 1379794160086086177 -17.459106 -4.798889 -24.839783 
466995817667559 1379794160150142573 -17.219543 -4.978943 -24.899292 
466995879562875 1379794160213191890 -17.279053 -4.8599243 -25.19989 
466995946585612 1379794160277339839 -17.338562 -4.798889 -25.2594 
466996037811005 1379794160340328120 -17.399597 -4.9194336 -25.379944 
466996053406915 1379794160404136209 -17.459106 -4.6798706 -25.318909 
466996113745691 1379794160467277078 -17.518616 -4.6798706 -25.019836 
466996177075463 1379794160530662088 -17.518616 -4.73938 -24.899292 
466996241870215 1379794160594443826 -17.57965 -4.798889 -24.958801 
466996312921642 1379794160658439188 -17.759705 -4.8599243 -25.138855 
466996373992907 1379794160721610574 -17.69867 -4.9194336 -24.958801 
466996452033498 1379794160785575418 -17.819214 -4.9194336 -25.019836 
466996514447661 1379794160849235086 -17.759705 -4.9194336 -25.019836 
466996579913858 1379794160913291482 -17.759705 -4.9194336 -25.079346 
466996644494966 1379794160976401834 -17.518616 -4.8599243 -25.318909 
466996711365102 1379794161040519266 -17.57965 -4.8599243 -25.559998 
466996772222724 1379794161103385477 -17.338562 -4.8599243 -25.619507 
466996835247294 1379794161167533426 -17.219543 -4.798889 -25.439453 
466996900255686 1379794161230656083 -17.399597 -4.8599243 -25.439453 
466996960289260 1379794161294773515 -17.399597 -4.978943 -25.379944 
466997029112699 1379794161357792314 -17.399597 -5.039978 -25.559998 
466997092015186 1379794161421909745 -17.459106 -5.039978 -25.439453 
466997153849461 1379794161484836992 -17.878723 -4.9194336 -25.559998 
466997226976272 1379794161549076494 -17.939758 -4.9194336 -25.559998 
466997266439114 1379794161611576494 -18.179321 -4.8599243 -25.679016 
466997338009387 1379794161675510820 -18.23883 -4.6188354 -25.498962 
466997395326646 1379794161738743242 -18.299866 -4.6798706 -25.379944 
466997469979478 1379794161802677568 -18.058777 -4.6188354 -25.2594 
466997543228370 1379794161865848954 -18.058777 -4.499817 -25.19989 
466997576434537 1379794161929844316 -17.999268 -4.6798706 -25.19989 
466997639611707 1379794161993015703 -17.999268 -4.798889 -25.019836 
466997703460325 1379794162056888994 -17.939758 -4.6188354 -24.839783 
466997778296278 1379794162120121415 -18.058777 -4.73938 -24.659729 
466997854169924 1379794162184666093 -18.119812 -4.978943 -24.598694 
466997914783383 1379794162247745927 -18.179321 -4.978943 -24.598694 
466997977350148 1379794162311863359 -18.359375 -4.978943 -24.719238 
466998044983292 1379794162374943193 -18.418884 -5.0994873 -24.659729 
466998084964979 1379794162438328203 -18.23883 -4.798889 -24.659729 
466998148172672 1379794162501499589 -18.058777 -4.73938 -24.598694 
466998212021290 1379794162565433915 -17.999268 -4.798889 -24.479675 
466998297051047 1379794162629124101 -17.69867 -4.6188354 -24.479675 
466998391358998 1379794162693241533 -17.57965 -4.6188354 -24.899292 
466998410495272 1379794162755802568 -17.518616 -4.6798706 -24.839783 
466998466347552 1379794162819917646 -17.459106 -4.559326 -24.839783 
466998529494203 1379794162883089033 -17.518616 -4.499817 -24.839783 
466998593556466 1379794162947084394 -17.69867 -4.73938 -24.899292 
466998677060203 1379794163010591474 -17.759705 -5.039978 -24.839783 
466998760258738 1379794163074830976 -17.939758 -5.039978 -24.899292 
466998784491914 1379794163137605635 -18.179321 -5.0994873 -25.079346 
466998847852207 1379794163201326338 -18.119812 -5.1589966 -24.958801 
466998911090419 1379794163264528242 -18.119812 -4.978943 -24.899292 
466998983087977 1379794163328584639 -18.179321 -5.0994873 -24.899292 
466999038085688 1379794163391664473 -18.179321 -5.039978 -24.958801 
466999104375936 1379794163455568281 -18.179321 -5.1589966 -25.079346 
466999171154511 1379794163518800703 -18.119812 -5.039978 -25.079346 
466999229448423 1379794163582765547 -17.939758 -5.0994873 -25.079346 
466999329921488 1379794163646501395 -17.999268 -5.039978 -24.839783 
466999377624830 1379794163710557791 -18.23883 -5.0994873 -24.899292 
466999439977951 1379794163773607108 -18.359375 -5.1589966 -25.19989 
466999508313064 1379794163837602469 -18.299866 -5.218506 -25.19989 
466999593586985 1379794163900743338 -18.119812 -5.519104 -25.079346 
466999612448575 1379794163964433524 -18.119812 -5.3985596 -25.079346 
466999673916605 1379794164027360770 -17.878723 -5.519104 -25.2594 
466999737795744 1379794164091295096 -17.939758 -5.4595947 -25.439453 
466999806558142 1379794164154497000 -17.759705 -5.5786133 -25.559998 
466999890428127 1379794164219133231 -17.69867 -5.519104 -25.559998 
466999951957197 1379794164282121512 -17.63916 -5.4595947 -25.379944 
467000012570656 1379794164346269461 -17.63916 -5.4595947 -25.379944 
467000107153290 1379794164409318778 -17.63916 -5.279541 -25.318909 
467000119453000 1379794164472703787 -17.63916 -5.1589966 -25.498962 
467000182630172 1379794164535936209 -17.819214 -4.978943 -25.439453 
467000249683429 1379794164599840018 -17.878723 -4.978943 -25.318909 
467000309564400 1379794164663041922 -17.939758 -4.798889 -25.019836 
467000373565621 1379794164726976248 -17.878723 -4.6188354 -25.079346 
