#SysTm EventTmStmp Ori:x Ori:y Ori:z
466940201766452 1379794104321702585 1.8629131 -0.0036280607 5.763398E-4 
466940243426760 1379794104577439890 1.8623346 -0.0033828141 4.962271E-4 
466940292991845 1379794104640580759 1.8622515 -0.0034369018 5.299407E-4 
466940360838632 1379794104704576120 1.8620995 -0.003536384 5.8946025E-4 
466940421268970 1379794104767808542 1.8618681 -0.0037039968 6.262932E-4 
466940485300710 1379794104831742868 1.861952 -0.003646678 6.017768E-4 
466940551194195 1379794104894914255 1.8620806 -0.0035189975 6.976778E-4 
466940614829171 1379794104959091366 1.8618997 -0.0036371818 7.692421E-4 
466940678647271 1379794105022262752 1.8620816 -0.003496564 7.700551E-4 
466940740695187 1379794105086288631 1.8621769 -0.0034349428 7.303537E-4 
466940803200909 1379794105149398983 1.8621061 -0.0034841145 7.483672E-4 
466940867934619 1379794105213363827 1.8620375 -0.0035403622 7.3693716E-4 
466940930806586 1379794105276535213 1.8621337 -0.0034868275 6.6786865E-4 
466940993739594 1379794105340500057 1.862328 -0.0033747735 5.404065E-4 
466941057008326 1379794105403671444 1.8621268 -0.0035458454 4.8753325E-4 
466941121864117 1379794105467636287 1.8621515 -0.003518225 5.1616033E-4 
466941185163370 1379794105530044735 1.8621893 -0.0035445371 3.2917166E-4 
466941249378232 1379794105594742000 1.8622003 -0.0035431639 3.057203E-4 
466941311578752 1379794105657943905 1.8620875 -0.003683253 1.2669204E-4 
466941376007257 1379794105721908748 1.862103 -0.0036669786 1.412288E-4 
466941438757142 1379794105785094727 1.8620133 -0.0036781216 3.3643463E-4 
466941505444156 1379794105849059571 1.8620858 -0.0036243605 3.2905053E-4 
466941565142004 1379794105912230958 1.8621483 -0.0035880888 2.8941128E-4 
466941630455602 1379794105976195801 1.8622383 -0.003529463 2.5287882E-4 
466941693419130 1379794106039367188 1.862191 -0.0035293445 3.7627216E-4 
466941758488564 1379794106103332032 1.8621874 -0.0035033738 4.7280255E-4 
466941822184580 1379794106166503419 1.8620821 -0.0035317254 6.5072253E-4 
466941926259050 1379794106230468262 1.8622428 -0.0034412711 5.3803466E-4 
466941949118810 1379794106293639649 1.8620723 -0.0035410821 6.4472924E-4 
466942012112858 1379794106357604493 1.8618766 -0.0036817216 6.7940145E-4 
466942074832223 1379794106420775879 1.8618962 -0.0036394296 7.71232E-4 
466942138528239 1379794106484740723 1.8619597 -0.0035891973 7.75046E-4 
466942202102175 1379794106547912110 1.8618109 -0.0037244684 7.0644676E-4 
466942264882582 1379794106611876954 1.8617179 -0.0037418609 8.893563E-4 
466942328822761 1379794106675048340 1.8616713 -0.0037711528 9.121476E-4 
466942393709073 1379794106738952149 1.8617121 -0.0037452937 8.9307333E-4 
466942454230972 1379794106802154053 1.8619165 -0.0036191137 7.8635383E-4 
466942518689997 1379794106866118897 1.8617506 -0.0037258447 8.578693E-4 
466942581165201 1379794106929290284 1.8616929 -0.00374366 9.483898E-4 
466942644708615 1379794106993255128 1.8617784 -0.0036385567 0.0010803161 
466942707977347 1379794107056426514 1.8617324 -0.0037000063 9.927803E-4 
466942774023433 1379794107120391358 1.8615526 -0.003862202 9.135175E-4 
466942837444766 1379794107183593262 1.8616469 -0.0038536517 6.9718517E-4 
466942900621938 1379794107247558106 1.8617442 -0.003820953 5.538855E-4 
466942971520762 1379794107310729493 1.8617171 -0.0038415547 5.554291E-4 
466943044037167 1379794107374968995 1.8617804 -0.0038476808 3.6990753E-4 
466943108129949 1379794107438286975 1.8617932 -0.0038661363 2.747335E-4 
466943165294606 1379794107502343372 1.8617882 -0.0038443033 3.6081532E-4 
466943231004969 1379794107565423206 1.861999 -0.0036817768 3.6129393E-4 
466943292472998 1379794107629479602 1.8619207 -0.003781897 2.2696085E-4 
466943354704037 1379794107692559436 1.8618842 -0.0038070653 2.3705079E-4 
466943452704953 1379794107756615833 1.8618954 -0.0037908913 2.6247304E-4 
466943471078217 1379794107819482044 1.8620135 -0.003750395 9.2728835E-5 
466943543228377 1379794107883416370 1.8620718 -0.003662652 2.3653191E-4 
466943604665886 1379794107946587757 1.8622024 -0.0035580467 2.4987984E-4 
466943670406768 1379794108010522083 1.8622221 -0.0034897123 4.2872241E-4 
466943727510386 1379794108073693469 1.8620906 -0.0035714763 4.9499125E-4 
466943791938891 1379794108137658313 1.8622059 -0.003514986 3.8553862E-4 
466943860426607 1379794108200812717 1.8621138 -0.0035803434 4.0459092E-4 
466943918049069 1379794108264808078 1.8619173 -0.0037286526 4.1562773E-4 
466943980219068 1379794108327979465 1.8619314 -0.0036821796 5.349165E-4 
466944061189617 1379794108391974826 1.8616657 -0.0038851104 5.42193E-4 
466944123786900 1379794108455329318 1.8617544 -0.003822246 5.2356755E-4 
466944180005426 1379794108519416233 1.861837 -0.003765095 5.012437E-4 
466944247882734 1379794108582557102 1.8619117 -0.0037782553 2.6327698E-4 
466944309869609 1379794108646582981 1.8618895 -0.0038154516 1.9558592E-4 
466944371032437 1379794108709662815 1.8619018 -0.0038236699 1.3584929E-4 
466944433782321 1379794108773688693 1.8620578 -0.0036888835 1.8448613E-4 
466944514203503 1379794108836768527 1.8619522 -0.0037355467 3.0183236E-4 
466944574176034 1379794108900885959 1.862188 -0.003584192 1.9938208E-4 
466944633843363 1379794108963904758 1.8621901 -0.0035902562 1.7356123E-4 
466944701781712 1379794109027991672 1.8623555 -0.0034931016 7.163672E-5 
466944765569290 1379794109091071506 1.862305 -0.0035087613 1.4924373E-4 
466944830760804 1379794109155097385 1.8622665 -0.0035235584 1.9962454E-4 
466944870956135 1379794109218268772 1.8621379 -0.0036265752 1.8636075E-4 
466944933889142 1379794109281928440 1.8622187 -0.0035514063 2.3015025E-4 
466944997127355 1379794109345069309 1.8624126 -0.003406733 2.13864E-4 
466945069948962 1379794109409003635 1.8622612 -0.0034836556 3.4804715E-4 
466945133156654 1379794109472419162 1.8622453 -0.0035005116 3.319765E-4 
466945201888532 1379794109536506076 1.8622534 -0.0035281817 2.1839779E-4 
466945264607899 1379794109599646945 1.8622237 -0.0035668216 1.6468752E-4 
466945353818946 1379794109663642307 1.8622043 -0.003561996 2.313569E-4 
466945395082489 1379794109726752658 1.8621706 -0.0035584946 3.3103488E-4 
466945463478644 1379794109790809055 1.8618853 -0.0037614307 3.8838372E-4 
466945525251877 1379794109854126960 1.8618811 -0.00381384 2.2241112E-4 
466945592213574 1379794109918244391 1.861985 -0.0037325656 2.2652601E-4 
466945652369228 1379794109981232673 1.8617905 -0.003865454 2.8375725E-4 
466945722260880 1379794110045289069 1.8618675 -0.0038550764 1.1870656E-4 
466945786933551 1379794110108338386 1.8617983 -0.003923772 6.701092E-5 
466945825084016 1379794110172089606 1.8619047 -0.0038570545 1.534703E-5 
466945887162453 1379794110235260993 1.8618237 -0.0038998774 8.1477956E-5 
466945951041591 1379794110299225837 1.8619682 -0.0037829273 1.005491E-4 
466946024443087 1379794110362427741 1.8619342 -0.003794636 1.4928429E-4 
466946102972007 1379794110426697761 1.8621264 -0.0036630768 9.3280614E-5 
466946163188701 1379794110489777595 1.8621069 -0.0036736676 1.08629734E-4 
466946224473608 1379794110553833991 1.8619058 -0.003813297 1.6007434E-4 
466946294975670 1379794110616944343 1.8619021 -0.0037575876 3.5720968E-4 
466946339749055 1379794110680648572 1.8620762 -0.0036300872 3.348739E-4 
466946403261949 1379794110743789441 1.8620954 -0.003592848 4.105733E-4 
466946467965138 1379794110807754285 1.8620712 -0.0036375648 3.2272382E-4 
466946543442020 1379794110870925671 1.8619989 -0.0037022645 2.9227594E-4 
466946609579666 1379794110934890515 1.8622217 -0.0035545279 2.1199131E-4 
466946649958118 1379794110998031384 1.8622105 -0.0036031331 7.717478E-5 
466946713684656 1379794111062026746 1.8621738 -0.0036471637 2.3980318E-5 
466946786048458 1379794111125198132 1.8621762 -0.003608049 1.494956E-4 
466946864363736 1379794111189193494 1.8621439 -0.0036381083 1.323913E-4 
466946926045408 1379794111252639538 1.8620598 -0.00367798 2.1613653E-4 
466947019254624 1379794111316604382 1.8620887 -0.0036873422 1.0994105E-4 
466947037261644 1379794111379470593 1.8622044 -0.003618122 4.2009207E-5 
466947096013360 1379794111443435437 1.8622632 -0.003608237 -7.6755685E-5 
466947159709378 1379794111506606824 1.8621584 -0.0036895112 -7.84463E-5 
466947225236617 1379794111570571667 1.8620181 -0.003775447 -4.114496E-6 
466947296104923 1379794111633743054 1.8616872 -0.0039936467 1.199595E-4 
466947363890669 1379794111697738415 1.8617119 -0.0040222267 -4.0671654E-5 
466947425267138 1379794111760909802 1.861572 -0.0040996633 6.134208E-5 
466947483561048 1379794111824844128 1.8617232 -0.0039627836 1.3072892E-4 
466947540359461 1379794111888076550 1.8617347 -0.0039427127 1.6785637E-4 
466947603475591 1379794111951949841 1.8615559 -0.004091412 1.3126775E-4 
466947666805364 1379794112015151746 1.8617644 -0.0039287144 1.3809897E-4 
466947730653983 1379794112079116589 1.861743 -0.0039385855 1.6077198E-4 
466947793648032 1379794112142257458 1.8617136 -0.003947276 2.076259E-4 
466947888963155 1379794112206680066 1.8614714 -0.0041218973 2.485188E-4 
466947922352442 1379794112269697185 1.8615955 -0.004072253 9.333652E-5 
466947985132849 1379794112333631511 1.8615272 -0.00411806 1.1600315E-4 
466948059449954 1379794112396833416 1.8616709 -0.0040431037 -4.441048E-6 
466948123268053 1379794112460798259 1.8616391 -0.0040273066 1.3145899E-4 
466948189222578 1379794112524244304 1.861611 -0.0040139803 2.4924966E-4 
466948253834205 1379794112588239666 1.8617771 -0.0038726828 2.941416E-4 
466948341854960 1379794112651441570 1.8617222 -0.003887368 3.8708365E-4 
466948366698543 1379794112715070720 1.8617177 -0.0038742435 4.4389322E-4 
466948429753633 1379794112778211589 1.8617622 -0.0038384064 4.4852594E-4 
466948493693813 1379794112842176433 1.8616511 -0.003934579 4.1320332E-4 
466948569201214 1379794112905317302 1.8616991 -0.0038914566 4.338277E-4 
466948642907913 1379794112969739910 1.8617858 -0.0037890442 5.5419403E-4 
466948704498024 1379794113032850261 1.861797 -0.0037862381 5.3416693E-4 
466948769323296 1379794113096876140 1.8617915 -0.0037974722 5.1075965E-4 
466948830913406 1379794113159910065 1.8617529 -0.0037947025 6.2002364E-4 
466948919208843 1379794113223966461 1.8618474 -0.003753021 5.1512144E-4 
466948939962696 1379794113286924225 1.8620341 -0.0036378768 4.177501E-4 
466949003139867 1379794113350705963 1.8619976 -0.0037037483 2.9075882E-4 
466949065523508 1379794113413877350 1.8620945 -0.003658889 1.9066781E-4 
466949129860452 1379794113477842193 1.8620095 -0.003709222 2.4175427E-4 
466949211899215 1379794113541044098 1.861899 -0.0037676347 3.317553E-4 
466949276388761 1379794113605283600 1.8619994 -0.0036779616 3.727817E-4 
466949342282244 1379794113668424469 1.8618864 -0.0037768406 3.331014E-4 
466949403719754 1379794113732480865 1.8619508 -0.0037495885 2.5809213E-4 
466949469826882 1379794113795499664 1.8616285 -0.003957693 3.9361865E-4 
466949529524730 1379794113859586578 1.8615987 -0.0040024077 3.2032002E-4 
466949591755769 1379794113922696930 1.8615998 -0.0040167565 2.6890307E-4 
466949655787509 1379794113986692291 1.8615041 -0.004081617 2.989434E-4 
466949710510537 1379794114049558502 1.8616198 -0.0040108273 2.3724399E-4 
466949769262255 1379794114113523346 1.8617895 -0.003908297 1.4163778E-4 
466949828410736 1379794114176664215 1.8616968 -0.003997154 8.279489E-5 
466949895250352 1379794114240690094 1.8618141 -0.0038961498 1.19169796E-4 
466949973260423 1379794114304044586 1.8618966 -0.0038569577 3.6829075E-5 
466950035583023 1379794114367795807 1.861892 -0.0038343463 1.2526882E-4 
466950090458653 1379794114430967193 1.861799 -0.0039050628 1.2827413E-4 
466950147836953 1379794114495603424 1.8619057 -0.0038266429 1.1535446E-4 
466950210495277 1379794114558072906 1.8618574 -0.0038469303 1.7215463E-4 
466950282614917 1379794114622373443 1.8619666 -0.003735752 2.6326042E-4 
466950346097291 1379794114685514313 1.8619505 -0.003687745 4.6689698E-4 
466950449195109 1379794114749813261 1.8618939 -0.0037349311 4.5519628E-4 
466950464180612 1379794114812618437 1.8618264 -0.0037897814 4.4593724E-4 
466950528090273 1379794114876583281 1.8619548 -0.003735601 2.9484296E-4 
466950591450565 1379794114939754667 1.8618591 -0.0038162442 2.7173664E-4 
466950666347559 1379794115003719511 1.8620138 -0.003785045 -2.5543333E-5 
466950741793920 1379794115067135038 1.8616949 -0.0040278877 -1.5733774E-5 
466950805428896 1379794115131191435 1.8618176 -0.0039372663 -2.8593571E-5 
466950865126743 1379794115194271269 1.8617663 -0.0040103677 -1.422956E-4 
466950928914322 1379794115258297148 1.8616478 -0.0040632514 -1.3080999E-5 
466950990626515 1379794115321438017 1.8615746 -0.004058452 1.9359772E-4 
466951065767670 1379794115385463896 1.861671 -0.0039640423 2.6196297E-4 
466951124824592 1379794115448543730 1.8617165 -0.003918267 2.9842867E-4 
466951170544110 1379794115512264433 1.8616402 -0.0039675203 3.3051946E-4 
466951233568679 1379794115575450262 1.8615143 -0.0040634125 3.3401695E-4 
466951299065399 1379794115639415105 1.8615452 -0.004019813 4.0070852E-4 
466951367858317 1379794115702617010 1.86159 -0.0039941086 3.7096307E-4 
466951419376706 1379794115766551336 1.8615444 -0.0040350007 3.5180568E-4 
466951482981161 1379794115829722723 1.8615084 -0.004071377 3.226722E-4 
466951545883650 1379794115893687566 1.8615335 -0.0040662545 2.744593E-4 
466951608786137 1379794115956858953 1.8616506 -0.0039581363 3.3507968E-4 
466951692534039 1379794116021159490 1.8613751 -0.004066973 6.847059E-4 
466951753239060 1379794116084239324 1.8614274 -0.0040491903 6.082049E-4 
466951823069672 1379794116148326238 1.8614913 -0.004020715 5.3844013E-4 
466951885514353 1379794116211375555 1.8615915 -0.0039691655 4.5156662E-4 
466951946127811 1379794116275401434 1.8618033 -0.00380647 4.4966943E-4 
466952015561659 1379794116338542303 1.8619379 -0.0037245143 3.7620898E-4 
466952060396086 1379794116402232488 1.8620403 -0.003703385 1.8110484E-4 
466952118995200 1379794116465495428 1.8619859 -0.0037359654 2.128981E-4 
466952183606830 1379794116529338201 1.8618637 -0.0038294843 2.14957E-4 
466952252033505 1379794116592540105 1.8618592 -0.0038360436 2.0450703E-4 
466952323268054 1379794116656504949 1.8619254 -0.0037650415 2.7190647E-4 
466952390870679 1379794116719981512 1.8617759 -0.0038430903 3.9705497E-4 
466952454780338 1379794116784129461 1.8618108 -0.0037832218 5.0832954E-4 
466952525160316 1379794116847087225 1.8617554 -0.0038076874 5.705261E-4 
466952572497413 1379794116911265691 1.8619523 -0.0036356228 6.378933E-4 
466952626335351 1379794116973979314 1.8618131 -0.0037781338 5.1926647E-4 
466952689420961 1379794117037913641 1.8617613 -0.0038155487 5.279315E-4 
466952752994896 1379794117101054510 1.8618827 -0.0037589804 4.0328753E-4 
466952833934923 1379794117165080389 1.8618087 -0.0038762118 2.002546E-4 
466952913684656 1379794117228673193 1.8616985 -0.003942307 2.6396717E-4 
466952949027247 1379794117292454931 1.8617444 -0.003924525 2.0461257E-4 
466953020689081 1379794117355534765 1.8617654 -0.0039338577 1.1815944E-4 
466953075259506 1379794117419499609 1.8619812 -0.0038137482 -3.7384492E-5 
466953137734709 1379794117482640478 1.8618898 -0.0038731857 -1.7706904E-7 
466953197310475 1379794117546635839 1.8620235 -0.003772094 -6.6897373E-6 
466953262288348 1379794117609807226 1.8619982 -0.0038235774 -1.1444524E-4 
466953336941179 1379794117674229834 1.8623431 -0.0035733355 -1.6624307E-4 
466953415653220 1379794117737248632 1.86226 -0.0036069204 -6.380602E-5 
466953471291858 1379794117801335546 1.8622624 -0.0035729462 4.4279666E-5 
466953535598283 1379794117864354345 1.862224 -0.0036321543 -5.558298E-5 
466953603322988 1379794117928380224 1.8621907 -0.0036465407 -1.7568702E-5 
466953665554029 1379794117991490576 1.862018 -0.0037755547 -3.7054099E-6 
466953724610950 1379794118055591422 1.8619667 -0.0037999914 4.6481135E-5 
466953791847330 1379794118118732291 1.8619692 -0.0037577036 1.8246543E-4 
466953854536175 1379794118182788687 1.862027 -0.0037193988 1.6157581E-4 
466953916156806 1379794118245807486 1.8620234 -0.0037504002 6.6667795E-5 
466953986262100 1379794118309833365 1.861842 -0.0038940574 5.325564E-5 
466954024321006 1379794118372669059 1.8619468 -0.003854653 -8.589617E-5 
466954089756684 1379794118436603385 1.8621011 -0.0037298978 -6.570643E-5 
466954152231886 1379794118499805289 1.8620764 -0.0037471228 -5.9946164E-5 
466954224321005 1379794118563770133 1.8619664 -0.003800028 4.756718E-5 
466954295525034 1379794118626941519 1.8620739 -0.0037189804 4.1550313E-5 
466954363768586 1379794118691181021 1.8620781 -0.00373676 -2.9204617E-5 
466954423863199 1379794118754321891 1.8620917 -0.0037269837 -3.1541553E-5 
466954487254013 1379794118818378287 1.8621593 -0.0037179396 -1.7642317E-4 
466954551499397 1379794118881458121 1.862385 -0.0035043082 -4.304553E-5 
466954613150549 1379794118945453482 1.8623701 -0.0035190193 -5.3264765E-5 
466954683316884 1379794119008533316 1.8622539 -0.003596957 -1.4495664E-5 
466954743960865 1379794119072620230 1.8623745 -0.0034863795 4.4616212E-5 
466954811594010 1379794119135730582 1.8624829 -0.003439135 -7.696332E-5 
466954869857400 1379794119199725943 1.8624642 -0.0034478495 -5.7752823E-5 
466954931783235 1379794119262805777 1.8623849 -0.0035073266 -5.258885E-5 
466954996333823 1379794119326953727 1.8623723 -0.00350826 -2.3264814E-5 
466955069063872 1379794119389972525 1.8624893 -0.0034061428 1.6901158E-5 
466955123817420 1379794119454059439 1.8624047 -0.0034187285 1.9361681E-4 
466955169994742 1379794119517078238 1.8624465 -0.0033774623 2.2415502E-4 
466955232805668 1379794119580829459 1.862333 -0.0034954618 1.2204452E-4 
466955295738678 1379794119644212661 1.8623339 -0.003472053 1.9843578E-4 
466955362822455 1379794119708177504 1.8622224 -0.003541551 2.5337594E-4 
466955446265152 1379794119771379409 1.862115 -0.0036171079 2.7756588E-4 
466955504894789 1379794119835649428 1.8619602 -0.0037610498 1.9504233E-4 
466955571276598 1379794119898729262 1.8619812 -0.0037359567 2.2527059E-4 
466955631035486 1379794119962785659 1.8619242 -0.0037643155 2.771625E-4 
466955692808721 1379794120025896010 1.8619459 -0.003726002 3.5041373E-4 
466955767614153 1379794120089952407 1.8619492 -0.0037691211 1.963845E-4 
466955826976277 1379794120153001723 1.8619652 -0.003782153 1.1082725E-4 
466955875412108 1379794120216752944 1.8620932 -0.0037025819 4.628542E-5 
466955937826269 1379794120279893813 1.8620125 -0.0037742516 1.4673906E-5 
466956003384031 1379794120343858657 1.8620951 -0.0036963222 6.287239E-5 
466956075656272 1379794120407060561 1.8620527 -0.0037428464 1.6603968E-5 
466956123908980 1379794120471009563 1.8619455 -0.0038226363 2.6002832E-5 
466956185895856 1379794120534180950 1.8617443 -0.0039328476 1.7690982E-4 
466956249622394 1379794120598145794 1.8617698 -0.0039152056 1.6968163E-4 
466956331081267 1379794120661347698 1.861776 -0.0038740025 2.9269033E-4 
466956394563642 1379794120725617718 1.8618567 -0.003798554 3.3752504E-4 
466956462685113 1379794120788697551 1.8618854 -0.003756437 4.0438672E-4 
466956524183664 1379794120852753948 1.8618652 -0.0037316717 5.4076564E-4 
466956584858163 1379794120915833782 1.8617529 -0.003804663 5.867739E-4 
466956647821693 1379794120979890178 1.861607 -0.003947215 4.8524904E-4 
466956713776217 1379794121042970012 1.8616234 -0.003953618 4.2090187E-4 
466956775885174 1379794121107026409 1.8616817 -0.003933745 3.3675897E-4 
466956844952776 1379794121170106243 1.861713 -0.0039162026 3.1379293E-4 
466956903399290 1379794121234162639 1.8616642 -0.0039832466 2.1511616E-4 
466956964226393 1379794121297242473 1.861779 -0.0038877835 2.3891561E-4 
466957030180918 1379794121361298870 1.8617704 -0.003888375 2.587773E-4 
466957093602250 1379794121424409221 1.8618158 -0.0038120814 3.9828545E-4 
466957161204874 1379794121488465618 1.861898 -0.0037425058 4.1926446E-4 
466957226030146 1379794121551514934 1.8619435 -0.0036938186 4.6492525E-4 
466957284598741 1379794121615571331 1.8619628 -0.0037014731 3.8898166E-4 
466957347653831 1379794121678651165 1.8619796 -0.0037084285 3.218503E-4 
466957414188242 1379794121742707561 1.8621593 -0.0035728032 3.1243E-4 
466957474801702 1379794121805848430 1.8620254 -0.0036705623 3.3060208E-4 
466957543686182 1379794121869874309 1.8619541 -0.0036941883 4.361799E-4 
466957605306813 1379794121932923626 1.8621573 -0.0035474368 4.027013E-4 
466957665157263 1379794121997010540 1.8621596 -0.0035318402 4.4915243E-4 
466957730592941 1379794122060059856 1.8621824 -0.0034709978 5.9491984E-4 
466957794349999 1379794122124354597 1.8622324 -0.0034551485 5.18261E-4 
466957857557691 1379794122187403914 1.8620601 -0.0035775788 5.534562E-4 
466957923847939 1379794122249812361 1.8619186 -0.0037013518 5.0435646E-4 
466957988368006 1379794122314509627 1.8618747 -0.0037469347 4.647656E-4 
466958050080199 1379794122378657576 1.8620282 -0.0036333967 4.482759E-4 
466958093815892 1379794122441432234 1.8620224 -0.0036865217 2.8509353E-4 
466958157084626 1379794122505397078 1.861861 -0.003785726 3.6963774E-4 
466958220536481 1379794122568598982 1.8618376 -0.0037976338 3.9011522E-4 
466958295036710 1379794122632502791 1.8620464 -0.0036659935 2.914484E-4 
466958366179698 1379794122695735212 1.8618596 -0.0037925935 3.503245E-4 
466958431004969 1379794122760005232 1.8618617 -0.0037907807 3.507536E-4 
466958492381438 1379794122823115584 1.8619657 -0.003684794 4.3787863E-4 
466958556840465 1379794122887141462 1.8619623 -0.0036813016 4.5835864E-4 
466958623527478 1379794122950235157 1.8619688 -0.0037034266 3.668343E-4 
466958684842905 1379794123014322072 1.861997 -0.0036972966 3.1397614E-4 
466958746738220 1379794123077371388 1.86191 -0.0037820728 2.545792E-4 
466958811655052 1379794123141427784 1.8619275 -0.0037425645 3.4225054E-4 
466958873336725 1379794123204507618 1.8619014 -0.003758238 3.572113E-4 
466958937460026 1379794123268564015 1.8619142 -0.0037727645 2.7466784E-4 
466959005642537 1379794123331674366 1.8619202 -0.0037590787 3.0508585E-4 
466959064546855 1379794123395730763 1.8618472 -0.0037986569 3.616645E-4 
466959127571423 1379794123457834034 1.8619156 -0.0037571234 3.240703E-4 
466959192457736 1379794123522866993 1.8619407 -0.0037064543 4.2940635E-4 
466959256031671 1379794123585946827 1.861932 -0.0036998643 4.7400626E-4 
466959323817420 1379794123649972706 1.8619516 -0.0036556872 5.7270005E-4 
466959384797124 1379794123713113575 1.8619696 -0.003641783 5.7214196E-4 
466959446936602 1379794123777139454 1.8618072 -0.0037584475 6.0119986E-4 
466959510357936 1379794123840188771 1.8616943 -0.0038107894 7.182266E-4 
466959573687709 1379794123904245167 1.8616168 -0.003871694 7.1438955E-4 
466959636407075 1379794123967325001 1.861668 -0.003834318 7.076077E-4 
466959704589585 1379794124031411915 1.8616619 -0.003866503 6.14541E-4 
466959764440035 1379794124094461232 1.8616371 -0.00388201 6.2713434E-4 
466959827739286 1379794124158517628 1.861594 -0.0039213332 6.066763E-4 
466959891557385 1379794124221627980 1.861757 -0.0038540948 4.0937695E-4 
466959955497565 1379794124285653859 1.8616943 -0.0038582196 5.5842765E-4 
466960017911727 1379794124348733693 1.8616464 -0.0039138654 4.9507886E-4 
466960092930801 1379794124412759572 1.861511 -0.0040407027 4.1910534E-4 
466960127510385 1379794124475625782 1.8615583 -0.0040264023 3.4471543E-4 
466960191481084 1379794124539802496 1.8615557 -0.0040127477 3.9743012E-4 
466960260945451 1379794124602973883 1.8615888 -0.0039615883 4.8402057E-4 
466960322413481 1379794124666694586 1.8618244 -0.003825836 3.2910722E-4 
466960435125217 1379794124730323736 1.8619001 -0.003755189 3.7092372E-4 
466960472695794 1379794124794410651 1.8619524 -0.0036923054 4.465373E-4 
466960515302235 1379794124857246344 1.8621926 -0.0035325047 3.6072248E-4 
466960581684045 1379794124921180670 1.862161 -0.0035572094 3.6019232E-4 
466960636468112 1379794124984382574 1.8621155 -0.003630465 2.3149537E-4 
466960711609269 1379794125048347418 1.862173 -0.003580029 2.5252101E-4 
466960785590653 1379794125111885016 1.862184 -0.003561766 2.8490365E-4 
466960845319022 1379794125175819342 1.8620489 -0.0036867945 2.1497038E-4 
466960907641622 1379794125238899176 1.8620759 -0.0036307713 3.33371E-4 
466960972314291 1379794125302955572 1.8619075 -0.0037483843 3.741289E-4 
466961035888227 1379794125366035406 1.8618356 -0.0037890247 4.2439046E-4 
466961108404631 1379794125430076304 1.8618102 -0.0038260547 3.6561477E-4 
466961164684197 1379794125493186655 1.8618194 -0.003807528 4.0413757E-4 
466961227128879 1379794125557243052 1.8618208 -0.0038041088 4.1204653E-4 
466961289298877 1379794125620292368 1.8618367 -0.0038009959 3.8138308E-4 
466961353788424 1379794125684348765 1.8618863 -0.0037725219 3.4813775E-4 
466961416141545 1379794125747459116 1.861991 -0.0037080557 2.9375128E-4 
466961485422789 1379794125811484995 1.8618891 -0.0037922664 2.743957E-4 
466961544906995 1379794125874564829 1.8618088 -0.0038284818 3.6113846E-4 
466961607992605 1379794125938651743 1.8617697 -0.0038487182 3.9443362E-4 
466961671444460 1379794126001701060 1.8616935 -0.0039186794 3.5689241E-4 
466961735506720 1379794126065787974 1.861668 -0.003955018 3.003689E-4 
466961803963916 1379794126128837290 1.8617055 -0.003962193 1.7819821E-4 
466961864180611 1379794126192893687 1.8614895 -0.0041359845 1.5311877E-4 
466961924855112 1379794126255943003 1.8614563 -0.004148797 1.9649655E-4 
466961989894025 1379794126320060435 1.8613911 -0.00416128 3.2427735E-4 
466962053467961 1379794126383109751 1.8613191 -0.0042371484 2.55355E-4 
466962116462009 1379794126447196665 1.8614701 -0.0041115265 2.8681243E-4 
466962190199228 1379794126510245982 1.8615782 -0.0040372517 2.562973E-4 
466962247760650 1379794126574302378 1.8614328 -0.004138507 2.9252033E-4 
466962306359765 1379794126637412730 1.861503 -0.0041128513 1.9675124E-4 
466962370940873 1379794126701438609 1.8613132 -0.004257967 2.0040078E-4 
466962433599197 1379794126764518443 1.8614638 -0.004129289 2.4330497E-4 
466962502972004 1379794126828574839 1.8615134 -0.0040799244 2.807906E-4 
466962564867319 1379794126891654673 1.8617368 -0.003931957 1.9919025E-4 
466962624748289 1379794126955711069 1.8618445 -0.0038517136 1.8982263E-4 
466962688810550 1379794127018821421 1.8620367 -0.0037020175 1.951785E-4 
466962754642994 1379794127083120729 1.8618984 -0.0037997968 2.2478004E-4 
466962816507788 1379794127146170045 1.8619521 -0.0037846405 1.361466E-4 
466962883377924 1379794127210226441 1.8619776 -0.0037697973 1.2028291E-4 
466962944357629 1379794127273306275 1.8620976 -0.0036928896 6.82876E-5 
466963008664054 1379794127337332154 1.8620008 -0.003790492 -9.676861E-6 
466963069643758 1379794127400442506 1.8619043 -0.0038660914 -1.3890431E-5 
466963133400815 1379794127464498902 1.8618268 -0.0039335666 -3.9909228E-5 
466963196486425 1379794127527609254 1.8618612 -0.0039173546 -7.5140844E-5 
466963265859231 1379794127591635133 1.8618495 -0.003928423 -8.1737926E-5 
466963324092101 1379794127654714967 1.8619517 -0.003874097 -1.6430051E-4 
466963387971241 1379794127718771363 1.8620088 -0.0037872551 -1.9856638E-5 
466963450599045 1379794127781881715 1.8619207 -0.003854772 -1.8454528E-5 
466963516156805 1379794127845907594 1.8617423 -0.003955264 1.0606951E-4 
466963576983906 1379794127908971542 1.8616483 -0.004013436 1.5429962E-4 
466963644861215 1379794127973027938 1.8618456 -0.0038335486 2.478681E-4 
466963704955828 1379794128036077255 1.8617669 -0.0039046889 2.1271536E-4 
466963770269426 1379794128100164169 1.8618153 -0.003915604 5.0133593E-5 
466963832592026 1379794128163244003 1.861942 -0.0037981595 1.1704341E-4 
466963895616595 1379794128227300399 1.8619025 -0.0038213409 1.4177313E-4 
466963963219220 1379794128290380233 1.8619819 -0.0038030162 -2.8708225E-6 
466964025602861 1379794128354436630 1.8619425 -0.0037877283 1.5056417E-4 
466964087101410 1379794128417516464 1.861869 -0.0038123857 2.587609E-4 
466964151011069 1379794128481572860 1.8618269 -0.003847136 2.5099842E-4 
466964213181070 1379794128544652694 1.86186 -0.0038386215 1.9375354E-4 
466964277273852 1379794128608678573 1.8619132 -0.003805595 1.6708106E-4 
466964343991385 1379794128671788925 1.8619603 -0.0037644305 1.8320525E-4 
466964406588668 1379794128735845321 1.8621873 -0.003635489 2.8494702E-5 
466964467995656 1379794128798925155 1.8621148 -0.0036886958 3.7531274E-5 
466964532943010 1379794128862981552 1.8621546 -0.0036841077 -5.0279305E-5 
466964593831152 1379794128926061385 1.8622055 -0.003680714 -1.7067825E-4 
466964657283007 1379794128990117782 1.8623638 -0.0036128168 -3.5286436E-4 
466964724427825 1379794129053197616 1.8625067 -0.0035267568 -4.3301287E-4 
466964789222575 1379794129117284530 1.8624462 -0.0035143548 -2.3498776E-4 
466964848737301 1379794129180333846 1.8623487 -0.0036053457 -2.8861084E-4 
466964912921644 1379794129244390243 1.8620437 -0.0037780919 -7.954634E-5 
466964986811466 1379794129307470077 1.8620877 -0.0036997932 6.997284E-5 
466965052888074 1379794129371587509 1.8621366 -0.0036686808 4.8060178E-5 
466965092778200 1379794129434362167 1.862062 -0.0037316226 2.954979E-5 
466965156626818 1379794129498538918 1.8620683 -0.0037091812 8.936498E-5 
466965221238446 1379794129561710305 1.862061 -0.0037291548 4.0616076E-5 
466965290702815 1379794129625705667 1.8620473 -0.0037069744 1.5080674E-4 
466965341641316 1379794129688846536 1.8620025 -0.0037388185 1.6000467E-4 
466965404482762 1379794129752811379 1.8622426 -0.003536289 2.1909442E-4 
466965467324209 1379794129815982766 1.8620341 -0.003638863 4.1453072E-4 
466965543503057 1379794129879947610 1.8618546 -0.0037561313 4.8583274E-4 
466965611807652 1379794129943363137 1.8619046 -0.0037060874 5.244963E-4 
466965687650776 1379794130007389016 1.8618305 -0.0037775536 4.7638864E-4 
466965743960863 1379794130070499368 1.8618304 -0.003790013 4.344558E-4 
466965807199075 1379794130134555764 1.8618445 -0.0038275602 2.7150966E-4 
466965865828711 1379794130197635598 1.8617438 -0.0038985037 2.9398876E-4 
466965929646810 1379794130261722512 1.8618693 -0.0038073752 2.7439278E-4 
466965994594163 1379794130324771829 1.8618959 -0.0038301782 1.2891345E-4 
466966057801854 1379794130388843275 1.8617618 -0.0039395257 1.08817854E-4 
466966127754546 1379794130451953627 1.861849 -0.0038315365 2.468419E-4 
466966186933548 1379794130515979506 1.8620311 -0.0037221587 1.4199532E-4 
466966248493139 1379794130579059340 1.8620149 -0.0037406378 1.2191122E-4 
466966313593094 1379794130643146254 1.8620614 -0.0036928132 1.6224192E-4 
466966374145512 1379794130706226088 1.8620414 -0.003714778 1.4019494E-4 
466966443762481 1379794130770251967 1.861988 -0.0037339332 2.1424747E-4 
466966504345421 1379794130833362318 1.8620065 -0.0036997348 2.8144984E-4 
466966566332297 1379794130897388197 1.8622808 -0.0035011966 2.3760922E-4 
466966628288653 1379794130960468031 1.8620874 -0.0036464527 2.509457E-4 
466966693754852 1379794131024524427 1.8620375 -0.003698343 2.0540402E-4 
466966756382657 1379794131087604261 1.8621498 -0.0036157607 1.9176884E-4 
466966826304829 1379794131151721693 1.8622547 -0.0035299303 2.0894957E-4 
466966883957811 1379794131213062025 1.8622061 -0.0035812943 1.623173E-4 
466966950248061 1379794131278857924 1.8621899 -0.0036150115 9.0685106E-5 
466967012021295 1379794131341876722 1.8621322 -0.003670104 5.473571E-5 
466967074465977 1379794131405933119 1.8621762 -0.0036806422 -9.466527E-5 
466967144082945 1379794131469043470 1.8620989 -0.003703079 3.0441768E-5 
466967207382197 1379794131533069349 1.8619817 -0.0037871469 5.1333587E-5 
466967265645589 1379794131596179701 1.8618214 -0.003837224 2.9879413E-4 
466967329646810 1379794131660205580 1.8617113 -0.0039077615 3.467707E-4 
466967393129185 1379794131723285414 1.8619337 -0.003765264 2.4955618E-4 
466967456581038 1379794131787372328 1.8619927 -0.0037792174 4.9196187E-5 
466967524702508 1379794131850421644 1.8620055 -0.0037916207 -2.5642521E-5 
466967585071805 1379794131914539076 1.8620538 -0.0037378888 2.9960393E-5 
466967646692437 1379794131977557875 1.8620317 -0.003754789 3.0218487E-5 
466967713165808 1379794132041826651 1.8620354 -0.0037448034 5.4442473E-5 
466967774603318 1379794132104906485 1.8620794 -0.0037218404 1.7955324E-5 
466967838574017 1379794132169023917 1.8620572 -0.003701657 1.4341557E-4 
466967904467502 1379794132232042716 1.8621285 -0.0036450068 1.4914043E-4 
466967966271256 1379794132296129630 1.862435 -0.0034130518 1.3511916E-4 
466968010861520 1379794132358965323 1.8625879 -0.0032827454 1.7659485E-4 
466968073764006 1379794132421862052 1.862531 -0.0032950833 2.8231146E-4 
466968138131473 1379794132486071036 1.86241 -0.0034222 1.6866188E-4 
466968203261947 1379794132550035880 1.8624878 -0.0033553757 1.9149334E-4 
466968265126742 1379794132613207266 1.8627801 -0.0031926583 -1.8657165E-5 
466968328334432 1379794132677172110 1.8625609 -0.0033052792 1.7041259E-4 
466968391511604 1379794132740343497 1.8626904 -0.003237868 6.139066E-5 
466968456092711 1379794132804414131 1.8627427 -0.0031898913 8.723859E-5 
466968525709681 1379794132867585518 1.862555 -0.003315817 1.5017531E-4 
466968590779114 1379794132931580879 1.862547 -0.0033247129 1.4089802E-4 
466968677823217 1379794132994965889 1.8625163 -0.00333281 1.9341722E-4 
466968728670157 1379794133059022285 1.8624331 -0.0033665597 2.9571613E-4 
466968792885019 1379794133122132637 1.8623502 -0.0034090849 3.6734488E-4 
466968855940109 1379794133186250069 1.8623179 -0.0034343654 3.660876E-4 
466968922840766 1379794133249268867 1.8620087 -0.0035732938 7.0138834E-4 
466968993831152 1379794133313366539 1.8619 -0.0036716724 6.5233983E-4 
466969027861367 1379794133376171715 1.8619341 -0.0036696922 5.710108E-4 
466969092015189 1379794133440136559 1.8620238 -0.0036414058 4.3248018E-4 
466969154826115 1379794133503277428 1.8620515 -0.003564855 6.187329E-4 
466969218461092 1379794133567272789 1.8620007 -0.0036251121 5.477165E-4 
466969304253859 1379794133630169518 1.8618351 -0.0037176397 6.662089E-4 
466969365050441 1379794133694714196 1.8618871 -0.003684978 6.412589E-4 
466969426548992 1379794133757824547 1.8617655 -0.0037465056 7.500133E-4 
466969490275529 1379794133821880944 1.8617388 -0.0037754632 7.217774E-4 
466969554215710 1379794133884960778 1.8617803 -0.0037622587 6.585889E-4 
466969617545482 1379794133949047692 1.8616543 -0.003880178 5.8839057E-4 
466969711059901 1379794134012097008 1.8615986 -0.003946567 5.091142E-4 
466969745242718 1379794134076214440 1.8617386 -0.0038248172 5.5585924E-4 
466969792762940 1379794134139064509 1.8617529 -0.0038067752 5.796879E-4 
466969861952623 1379794134203029353 1.8618556 -0.0037133915 6.273428E-4 
466969917926985 1379794134266200740 1.8619488 -0.003590622 7.987954E-4 
466969996394864 1379794134330165583 1.8618141 -0.0036870802 8.236696E-4 
466970096990009 1379794134393550593 1.8617324 -0.003709167 9.6188893E-4 
466970109381281 1379794134457332331 1.861747 -0.0037032429 9.439676E-4 
466970172405850 1379794134520442683 1.8614206 -0.0039178277 0.0010696093 
466970235796664 1379794134584438044 1.8614928 -0.0039028241 9.324364E-4 
466970299950487 1379794134647609431 1.861439 -0.003966679 8.5692824E-4 
466970384247755 1379794134711604792 1.8613583 -0.00403759 8.275826E-4 
466970446478795 1379794134774989802 1.8614374 -0.003971548 8.4476173E-4 
466970507855264 1379794134839168269 1.8615311 -0.003874069 9.296026E-4 
466970571612322 1379794134902156550 1.8615872 -0.0038505497 8.6287165E-4 
466970635369380 1379794134966182429 1.8616635 -0.0038169238 7.77779E-4 
466970707672142 1379794135029262263 1.8616533 -0.003851325 6.8827206E-4 
466970764928360 1379794135093318659 1.8616405 -0.0037969332 9.0536824E-4 
466970826548991 1379794135156429011 1.8615927 -0.0038375552 8.928603E-4 
466970889939804 1379794135220454890 1.861663 -0.0037406127 0.0010369008 
466970952353966 1379794135283534724 1.8617165 -0.003756787 8.430163E-4 
466971017148716 1379794135347591120 1.8615873 -0.0038747687 7.8120903E-4 
466971084079892 1379794135410670954 1.8615209 -0.0039423374 7.259084E-4 
466971148813602 1379794135474727351 1.8614752 -0.003964031 7.713123E-4 
466971206741269 1379794135537807185 1.8615559 -0.003879686 8.4597134E-4 
466971270711970 1379794135601894099 1.8616769 -0.0038048697 7.8386284E-4 
466971333553416 1379794135664943415 1.8615838 -0.0038269092 9.5178373E-4 
466971398317647 1379794135728999812 1.8614254 -0.0039501926 9.479291E-4 
466971466164434 1379794135792261678 1.8614645 -0.0039440836 8.666002E-4 
466971525831762 1379794135856318075 1.8615135 -0.0039009745 8.846862E-4 
466971587910199 1379794135919367391 1.8614199 -0.003991543 8.2309236E-4 
466971652521828 1379794135983423788 1.8615052 -0.0038921395 9.359841E-4 
466971716309406 1379794136046595174 1.8613893 -0.0039443416 0.0010624127 
466971778784607 1379794136110590536 1.8614466 -0.003862514 0.0011891689 
466971845746305 1379794136173700887 1.8615 -0.0038145045 0.0012117367 
466971906664969 1379794136237696249 1.8614974 -0.0038104127 0.0012323672 
466971970849312 1379794136300776083 1.8613447 -0.0039357156 0.0012075002 
466972033599198 1379794136364832479 1.8615092 -0.0038153236 0.0011850448 
466972096104921 1379794136427912313 1.8615935 -0.0037204945 0.0012855344 
466972168926528 1379794136491968710 1.8614707 -0.003842126 0.0011952141 
466972221146885 1379794136555048544 1.8615578 -0.0037963528 0.0011224803 
466972270620408 1379794136618905935 1.8615341 -0.0038072523 0.0011476735 
466972333889140 1379794136682016286 1.8616815 -0.0037006894 0.0011230113 
466972397432556 1379794136745981130 1.8618678 -0.003591765 0.0010059783 
466972478250502 1379794136809183035 1.8616588 -0.0037394112 0.0010516207 
466972544266066 1379794136873453054 1.8614397 -0.0039103674 0.0010453793 
466972607260115 1379794136936532888 1.8614349 -0.0038953424 0.0011085013 
466972669308031 1379794137000650320 1.8614079 -0.0038571914 0.0013076551 
466972733492376 1379794137063669118 1.8615304 -0.0037976995 0.0011891262 
466972797188393 1379794137127725515 1.8614631 -0.003846766 0.0011991751 
466972864272170 1379794137190805349 1.8615891 -0.0036971655 0.0013754792 
466972925312915 1379794137254922781 1.861536 -0.0037563075 0.001314271 
466972987849158 1379794137317941579 1.861452 -0.0038352162 0.0012676144 
466973033446594 1379794137381662283 1.8613802 -0.0038799513 0.0013030939 
466973096257522 1379794137444833669 1.8612949 -0.003919916 0.001390889 
466973161449038 1379794137508798513 1.861262 -0.00395618 0.0013540923 
466973234728451 1379794137571969900 1.8611393 -0.004014986 0.0014758824 
466973306054561 1379794137635965261 1.8612002 -0.003912686 0.0016625089 
466973351133151 1379794137699106130 1.8611137 -0.003975964 0.0016745152 
466973414829168 1379794137763070974 1.8611106 -0.0039558727 0.0017503678 
466973477731656 1379794137826242361 1.8610445 -0.0039756577 0.0018563143 
466973549668172 1379794137890176687 1.8611853 -0.0038386625 0.0019515736 
466973623557994 1379794137953409109 1.8612192 -0.003779813 0.002062095 
466973687315052 1379794138017709646 1.861263 -0.003766051 0.0019939523 
466973750950028 1379794138080789480 1.8613945 -0.0036900893 0.0019070831 
466973813150547 1379794138144845876 1.861367 -0.0036997683 0.0019459253 
466973877762175 1379794138207895193 1.8612666 -0.0037596826 0.0020059398 
466973945334279 1379794138272133386 1.8612897 -0.0037222037 0.0020725727 
466974006619186 1379794138335213220 1.8613325 -0.0037528966 0.0018565459 
466974069094390 1379794138399269616 1.8612282 -0.0038716835 0.0017279485 
466974131325430 1379794138462318933 1.861218 -0.003874386 0.0017458465 
466974195143528 1379794138526375329 1.861272 -0.0038390423 0.0017239926 
466974258961625 1379794138589455163 1.8611283 -0.003948436 0.0017294316 
466974349301927 1379794138653511560 1.86118 -0.0039221686 0.0016830483 
466974374908519 1379794138716377771 1.8611394 -0.0039888597 0.0015637917 
466974441809178 1379794138780312097 1.8612031 -0.0039406354 0.00156043 
466974496410123 1379794138843483483 1.8611879 -0.0039494107 0.0015701653 
466974596181219 1379794138907478845 1.8612916 -0.0038666371 0.0015792309 
466974625053491 1379794138970619714 1.8612716 -0.0038951747 0.0015353129 
466974687284532 1379794139034659825 1.8613664 -0.0038447639 0.0014580193 
466974753635821 1379794139097831211 1.8613603 -0.0038126893 0.0015821314 
466974855360221 1379794139161979161 1.8615545 -0.0036795074 0.0015255603 
466974876358238 1379794139224997959 1.8614819 -0.0037278158 0.0015517974 
466974947196021 1379794139288932286 1.8614893 -0.003718885 0.0015623849 
466975071627579 1379794139408652745 1.8614444 -0.0038364874 0.0012829516 
466975147867469 1379794139472434483 1.8612297 -0.0039932975 0.001313189 
466975194288957 1379794139535788975 1.8612359 -0.004035962 0.0011527573 
466975257405087 1379794139599357090 1.8611948 -0.0040882323 0.0010833833 
466975322260879 1379794139662925206 1.8613029 -0.004020997 0.0010285573 
466975395937058 1379794139726523838 1.8612885 -0.0040083854 0.0011081258 
466975467659933 1379794139790275059 1.8611721 -0.0041018366 0.0010962249 
466975528792238 1379794139853843174 1.8611907 -0.0041312804 9.481714E-4 
466975593342824 1379794139917411289 1.8610787 -0.004208168 9.804327E-4 
466975728151309 1379794139981009922 1.8611014 -0.004209658 9.160534E-4 
466975746585614 1379794140044547520 1.8609736 -0.0042711254 0.001041964 
466975767400508 1379794140107993565 1.860935 -0.00432896 9.469472E-4 
466975894090574 1379794140241294346 1.8609668 -0.0026375304 1.6087931E-4 
466975962028924 1379794140305289707 1.8601873 -0.0020599228 -1.7622989E-4 
466976025267134 1379794140368461094 1.8598611 -0.002134938 -7.587689E-5 
466976087192969 1379794140432425938 1.8594612 -0.0022406348 -1.6352204E-5 
466976163005574 1379794140495841465 1.8590946 -0.0022586293 -1.3069923E-4 
466976228227610 1379794140559897862 1.8581213 -0.0022745747 5.5457494E-5 
466976291984669 1379794140622977696 1.8566986 -0.0024435031 2.863182E-4 
466976355131318 1379794140687180600 1.8554517 -0.0025688168 3.000671E-4 
466976417850685 1379794140750168881 1.8546231 -0.0027589474 4.7543712E-4 
466976479135592 1379794140814316831 1.854151 -0.0029158024 5.290892E-4 
466976544723872 1379794140877366147 1.8532614 -0.0030440683 7.836332E-4 
466976607870522 1379794140941483579 1.8526367 -0.0031583465 7.6149666E-4 
466976671291856 1379794141004502378 1.8523947 -0.0031189765 7.7245745E-4 
466976735445678 1379794141068589292 1.8517253 -0.0031098616 9.886123E-4 
466976804482761 1379794141131608090 1.8513671 -0.0031017095 9.3743147E-4 
466976863722803 1379794141195786557 1.8507196 -0.0031079052 9.3526696E-4 
466976926045406 1379794141258805356 1.8499641 -0.0031005035 0.0010230594 
466976990229749 1379794141322892270 1.8488894 -0.0031840808 0.0011537275 
466977052521829 1379794141384751401 1.8483777 -0.0031164887 0.0011627005 
466977123786898 1379794141449906430 1.8478307 -0.0031592485 0.0011575925 
466977194288957 1379794141513152935 1.8472072 -0.0032105036 0.0012222399 
466977245746304 1379794141577209332 1.84689 -0.0032834124 0.0013713267 
466977307122773 1379794141640258648 1.8469045 -0.0032836145 0.0013449092 
466977371734402 1379794141704345562 1.846862 -0.0033736972 0.0013419434 
466977434636888 1379794141767364361 1.847369 -0.0031056735 0.0013699628 
466977499248516 1379794141831542828 1.8475195 -0.003253603 0.0012581563 
466977563463380 1379794141894531109 1.8477323 -0.0034888824 0.0012433563 
466977609762785 1379794141958282330 1.8477107 -0.0036866427 0.0012041777 
466977672970478 1379794142021453716 1.8481406 -0.0037392355 0.0010315557 
466977736697015 1379794142085388042 1.8486675 -0.0035801416 9.6758985E-4 
466977805367852 1379794142148589947 1.8483659 -0.0036782962 0.0010133254 
466977886918286 1379794142212585308 1.848405 -0.0037529836 0.0010545157 
466977943014731 1379794142276000835 1.8483983 -0.0038326643 0.0010396303 
466978006863350 1379794142339996197 1.8483572 -0.00399519 0.0010139467 
466978072939956 1379794142403045513 1.8475971 -0.0041664136 0.0011969728 
466978134346946 1379794142467101910 1.8475538 -0.0041122013 0.0010979995 
466978203384028 1379794142530212261 1.847444 -0.00403805 0.0010740375 
466978258229136 1379794142593841412 1.8473756 -0.0039848 0.0010314097 
466978325557077 1379794142657317974 1.8473208 -0.00407908 0.0010447951 
466978388337484 1379794142721404888 1.84718 -0.0041766027 0.0011603305 
466978451270492 1379794142784423687 1.8471252 -0.0041475855 0.0013020638 
466978514935988 1379794142848510601 1.8469387 -0.0040442473 0.0013131803 
466978585529609 1379794142911590435 1.8471974 -0.0040287506 0.0012580976 
466978639001302 1379794142975646832 1.847117 -0.0039511677 0.0013078167 
466978705505193 1379794143038757183 1.84683 -0.0039068745 0.0012104112 
466978785712732 1379794143102783062 1.8464942 -0.00377639 0.0011666041 
466978853315356 1379794143165983631 1.8461249 -0.003764011 0.0011789959 
466978886674124 1379794143229765369 1.8456211 -0.0038297575 0.001198265 
466978944266066 1379794143292936756 1.8453364 -0.0037978606 0.0012282091 
466979062593549 1379794143356901600 1.8450454 -0.0038351556 0.001208695 
466979073794526 1379794143420072986 1.8449783 -0.0036738934 0.0013068409 
466979134499546 1379794143484037830 1.8453523 -0.003645823 0.0014208409 
466979197768279 1379794143547209217 1.8458859 -0.0037109253 0.0012643463 
466979264302689 1379794143611174061 1.8458904 -0.003679322 0.0013650672 
466979332088437 1379794143674345447 1.8458126 -0.0037678196 0.001261956 
466979389680379 1379794143738310291 1.8457747 -0.003833577 0.0011305439 
466979472909435 1379794143801664783 1.8458806 -0.0037634633 0.0010903612 
466979532363120 1379794143865751697 1.8460078 -0.0036748643 0.0010591495 
466979596394862 1379794143928801014 1.8459783 -0.0036983192 0.0010564675 
466979664119568 1379794143992963606 1.8456372 -0.0039650183 0.0010368229 
466979723970017 1379794144056012922 1.8456078 -0.0039971783 0.0010020141 
466979791053796 1379794144120069319 1.8456875 -0.0039221244 0.0010524159 
466979850080196 1379794144183149153 1.8457114 -0.0038683345 0.0011797373 
466979914417142 1379794144247205549 1.8457649 -0.0038457715 0.0011133617 
466979991389520 1379794144310285383 1.8459508 -0.0037093034 0.0010921065 
466980028319170 1379794144374097639 1.8458519 -0.0037939106 0.0010605335 
466980092656116 1379794144437238508 1.8456995 -0.0038824845 0.0011611733 
466980154276747 1379794144501203352 1.8457103 -0.0038454386 0.0012645028 
466980228654896 1379794144564374739 1.845705 -0.0038897465 0.0011198614 
466980288902110 1379794144628644758 1.8458456 -0.003774986 0.0011453765 
466980353239055 1379794144691694075 1.8457037 -0.0038652774 0.0012112412 
466980435155735 1379794144755750471 1.845836 -0.003765522 0.0012059952 
466980470009999 1379794144818647200 1.8460237 -0.0036375364 0.0011492376 
466980533980701 1379794144882612043 1.8459358 -0.0036901652 0.0012019149 
466980597127350 1379794144945783430 1.845873 -0.0037503615 0.0011586186 
466980679379754 1379794145010022932 1.8458334 -0.0037661002 0.0012107677 
466980745700523 1379794145073102766 1.8458154 -0.0037538419 0.0013039722 
466980804910045 1379794145137159162 1.8458344 -0.003730307 0.001336009 
466980867385248 1379794145200238996 1.8458225 -0.0037735135 0.0012143468 
466980932881966 1379794145264356428 1.845837 -0.0037868896 0.0011267397 
466980994288956 1379794145327375227 1.8457662 -0.0038497893 0.0010952955 
466981065157260 1379794145391431623 1.8456738 -0.0039249277 0.0010797409 
466981119300400 1379794145454541975 1.845648 -0.003965269 0.001005999 
466981185499089 1379794145518567854 1.845799 -0.0038560142 9.836428E-4 
466981249500309 1379794145581678205 1.846055 -0.0036667783 9.58616E-4 
466981313684652 1379794145645855396 1.8459235 -0.0037810733 9.102777E-4 
466981376465058 1379794145708935230 1.8457639 -0.0038961456 9.3590247E-4 
466981444861213 1379794145772991627 1.845988 -0.0037299823 9.161186E-4 
466981499217995 1379794145836101978 1.8461277 -0.0036316966 8.853157E-4 
466981566637498 1379794145900158375 1.846026 -0.003672595 0.0010173465 
466981629814669 1379794145963207691 1.8461018 -0.0036321098 9.5458375E-4 
466981694762022 1379794146027264088 1.845968 -0.0037501385 8.985958E-4 
466981758000233 1379794146090343922 1.8459665 -0.003740358 9.385881E-4 
466981823466432 1379794146154400318 1.8461323 -0.0036284185 8.845745E-4 
466981884873420 1379794146217480152 1.8459717 -0.0037337134 9.4738975E-4 
466981950461701 1379794146281567066 1.8462387 -0.0035582168 8.4400753E-4 
466982011166722 1379794146344616383 1.8461595 -0.0036194585 8.4211596E-4 
466982077212807 1379794146408672779 1.8460116 -0.0036741192 0.0010511809 
466982150736384 1379794146471858872 1.846068 -0.0035810948 0.0012299621 
466982187513432 1379794146535640610 1.8460392 -0.0035761436 0.0013261628 
466982252735468 1379794146598750962 1.8460574 -0.003545474 0.0013861142 
466982318079587 1379794146662746323 1.8458678 -0.0037117477 0.0013112318 
466982380524268 1379794146725917710 1.8457276 -0.003769619 0.0014889697 
466982448401576 1379794146789882553 1.84589 -0.0036544988 0.0014550718 
466982546921338 1379794146853237046 1.8458632 -0.0036801249 0.0014371047 
466982568285598 1379794146917018784 1.8458446 -0.003651819 0.0015891668 
466982631615372 1379794146980190171 1.845589 -0.0038458619 0.0015960087 
466982696806886 1379794147044155014 1.8457512 -0.0037485086 0.0014992666 
466982758610641 1379794147107326401 1.8456489 -0.0038406777 0.0014504909 
466982839367546 1379794147171321762 1.8454117 -0.0040020603 0.0015237121 
466982899523199 1379794147234645737 1.8455266 -0.003913724 0.0015242789 
466982967064783 1379794147298702133 1.8454535 -0.004001925 0.0014087537 
466983028929578 1379794147361781967 1.8453813 -0.004043136 0.0014600949 
466983092625595 1379794147425838364 1.8455528 -0.0038986679 0.0015063485 
466983155711206 1379794147488918198 1.8455689 -0.003885605 0.0015087557 
466983228868537 1379794147553035630 1.8456138 -0.0038877574 0.0013776238 
466983283652605 1379794147616054428 1.8454709 -0.0040060147 0.0013462771 
466983347165500 1379794147680110825 1.845522 -0.0039821607 0.001291551 
466983399141694 1379794147743007553 1.845665 -0.003910012 0.0011573384 
466983465157261 1379794147806972397 1.845794 -0.003830654 0.0010881227 
466983527296738 1379794147870143784 1.8455824 -0.003991895 0.0010907414 
466983607717919 1379794147934108628 1.845537 -0.004021084 0.0011109676 
466983668697623 1379794147997280014 1.8456652 -0.003917922 0.0011287001 
466983713104766 1379794148061456728 1.8458204 -0.0038390139 9.854044E-4 
466983775915692 1379794148124628115 1.8457849 -0.0038707906 9.687671E-4 
466983845166417 1379794148188623476 1.8457131 -0.0038999058 0.0010616215 
466983925801240 1379794148251947451 1.8457984 -0.0038137503 0.001136153 
466983979364493 1379794148316034365 1.8459814 -0.0036982358 0.0010483593 
466984045013816 1379794148379083681 1.8459114 -0.003744875 0.0010726991 
466984110968340 1379794148443170595 1.8459175 -0.0037484742 0.0010434478 
466984173168858 1379794148506250429 1.8459091 -0.0037769112 9.6492964E-4 
466984238512974 1379794148570276308 1.845922 -0.0037757943 9.334945E-4 
466984298882271 1379794148633386660 1.8459945 -0.0036992135 0.0010086773 
466984364226389 1379794148697412539 1.8459321 -0.0037460737 0.0010116948 
466984427220437 1379794148760522890 1.8457186 -0.003865742 0.0011689868 
466984491557382 1379794148824518251 1.8457896 -0.003804426 0.0011938598 
466984554246226 1379794148887659121 1.8457062 -0.0038656995 0.0012029153 
466984625267133 1379794148951700093 1.845889 -0.0037269753 0.001198457 
466984679623916 1379794149014779927 1.845821 -0.0037839462 0.0011813742 
466984746280411 1379794149078836323 1.8458986 -0.0037319488 0.001153735 
466984808389369 1379794149141916157 1.8459764 -0.003697644 0.0010638556 
466984874527015 1379794149205972553 1.8459823 -0.0036937604 0.0010613429 
466984935750881 1379794149269052387 1.8460306 -0.0036118748 0.0012218797 
466984999141694 1379794149333108784 1.8461623 -0.0035262583 0.0011673599 
466985059388910 1379794149396188618 1.8463048 -0.0034619155 0.001007055 
466985125618118 1379794149460275532 1.8462305 -0.0035468303 9.0708496E-4 
466985189771940 1379794149523324848 1.8460101 -0.0036868136 0.0010106077 
466985255787506 1379794149587381245 1.8461012 -0.0036053802 0.0010521365 
466985317041893 1379794149650461079 1.8459417 -0.0037388878 0.0010115941 
466985379395013 1379794149714517475 1.84608 -0.0036392787 9.885238E-4 
466985445410578 1379794149777627827 1.8461328 -0.0035758973 0.0010706235 
466985509106596 1379794149841623188 1.8460404 -0.0036224148 0.0011574366 
466985570330463 1379794149904794575 1.8458844 -0.0037287553 0.0012047003 
466985635277814 1379794149968789936 1.845818 -0.0037907462 0.0011649259 
466985705596753 1379794150031900288 1.8458177 -0.0038068576 0.0011083862 
466985766912181 1379794150095926167 1.845817 -0.003816472 0.0010752522 
466985825572337 1379794150158975483 1.8459446 -0.0037344384 0.0010192895 
466985889420956 1379794150223092915 1.8458536 -0.003763969 0.0011631086 
466985952933852 1379794150286142231 1.8458905 -0.003739464 0.0011496291 
466986026152224 1379794150350931050 1.8460293 -0.0036004302 0.0012669726 
466986079623916 1379794150413278462 1.8462539 -0.0034639314 0.001139187 
466986146280409 1379794150477365376 1.8461031 -0.0035608592 0.0012059956 
466986208328326 1379794150540414692 1.8460062 -0.0036220723 0.0012525948 
466986272512670 1379794150604683420 1.8461611 -0.003496527 0.0012770953 
466986335354116 1379794150667793771 1.8461403 -0.0035255516 0.0012300541 
466986403322986 1379794150731819650 1.8461363 -0.0035391035 0.0011923742 
466986459541512 1379794150794899484 1.8461345 -0.0035378444 0.0012017327 
466986525831759 1379794150858925363 1.8463514 -0.003369245 0.0012106017 
466986588734248 1379794150922096750 1.8460593 -0.0035922267 0.0012135846 
466986652399744 1379794150986092111 1.8459388 -0.0036888141 0.001198505 
466986715668476 1379794151049202463 1.8458661 -0.0037504956 0.001177269 
466986785224404 1379794151113228342 1.8458552 -0.0037521403 0.0012010756 
466986843518315 1379794151176277658 1.8460933 -0.0035999436 0.0010933371 
466986906970170 1379794151240395090 1.8460335 -0.003618486 0.0011909736 
466986969964218 1379794151303474924 1.8460999 -0.0035575572 0.0012263714 
466987034942092 1379794151367500802 1.8459511 -0.0036712422 0.0012278595 
466987098027701 1379794151430595286 1.8460375 -0.0036046223 0.0012291739 
466987163921184 1379794151494651683 1.8461224 -0.0035319915 0.0012560731 
466987212967423 1379794151558738597 1.846216 -0.0034932836 0.0011382276 
466987272970475 1379794151621482738 1.8460734 -0.0035875689 0.0011918374 
466987335903483 1379794151684684642 1.8460045 -0.0036207715 0.0012615813 
466987411807648 1379794151748680003 1.8457874 -0.0038036772 0.0012024164 
466987486155276 1379794151811851390 1.8458542 -0.0037622214 0.0011675976 
466987544418666 1379794151876060374 1.8458327 -0.0037643537 0.0012189777 
466987607138032 1379794151939170726 1.8459824 -0.003662255 0.0011739639 
466987670437284 1379794152003196605 1.8457799 -0.003828682 0.0011337904 
466987733126130 1379794152066306956 1.8458647 -0.0037592864 0.0011493734 
466987806130859 1379794152130393870 1.8458999 -0.0037355141 0.0011379232 
466987859755153 1379794152193412669 1.8457483 -0.0038728374 0.0010625009 
466987925007709 1379794152257469066 1.8456186 -0.003958351 0.0011116251 
466988006893868 1379794152320548900 1.8456724 -0.003926595 0.0010777086 
466988043152071 1379794152384330638 1.8458897 -0.0037686015 0.0010474814 
466988104772703 1379794152447502025 1.8459204 -0.0037563685 0.0010073173 
466988168621321 1379794152511466868 1.8460073 -0.0037068776 9.4588706E-4 
466988290916454 1379794152574638255 1.8458823 -0.0038085491 9.2476944E-4 
466988303338245 1379794152638572581 1.8458372 -0.0038484547 9.058121E-4 
466988354246226 1379794152701774486 1.8457555 -0.003871244 0.0010482701 
466988417484438 1379794152765800365 1.8456035 -0.003969909 0.0011117968 
466988488871589 1379794152828941234 1.8456414 -0.00393604 0.0011292694 
466988566820619 1379794152892906077 1.8456461 -0.003945746 0.0010810917 
466988624504123 1379794152956230052 1.8456157 -0.0039273216 0.0012310302 
466988688383263 1379794153020526490 1.845802 -0.003743371 0.0013786184 
466988751133148 1379794153083575807 1.8459095 -0.0036433544 0.0014414877 
466988819681905 1379794153147632203 1.8459622 -0.0036305748 0.0013426561 
466988863203955 1379794153210528932 1.8460147 -0.003606601 0.0012844668 
466988925923320 1379794153274493775 1.8459613 -0.0036545752 0.0012587451 
466988988886849 1379794153337665162 1.8456209 -0.0039040835 0.001300184 
466989063020833 1379794153401630006 1.8455268 -0.003954968 0.0013760345 
466989129372123 1379794153464831910 1.8453931 -0.0040133875 0.0015338273 
466989196700064 1379794153529040894 1.8454007 -0.004027073 0.0014642661 
466989266866399 1379794153592120728 1.8456374 -0.0038844824 0.0013246306 
466989324214180 1379794153656177125 1.8455545 -0.0039634975 0.0012689292 
466989387147187 1379794153719256959 1.8455498 -0.0039955336 0.0011670167 
466989451850377 1379794153783313355 1.8454621 -0.0040809456 0.0011019724 
466989513989855 1379794153846405699 1.845479 -0.004066418 0.0011077486 
466989584461394 1379794153910492613 1.8454138 -0.004100321 0.0011648413 
466989644494968 1379794153973572447 1.8454964 -0.0040277424 0.0011983855 
466989705199987 1379794154037598326 1.8455011 -0.0040280125 0.0011850541 
466989768377158 1379794154100708678 1.8455757 -0.004001667 0.00107455 
466989831920575 1379794154164765074 1.8457102 -0.0039009396 0.0010658927 
466989895616591 1379794154227814391 1.8456494 -0.0039785425 9.5511595E-4 
466989961998401 1379794154291901305 1.8457328 -0.0039192536 9.381324E-4 
466990006161379 1379794154354767516 1.8456674 -0.0039558816 9.86822E-4 
466990070895089 1379794154418732359 1.8456187 -0.0040145065 9.0991973E-4 
466990133583934 1379794154481903746 1.845573 -0.004029109 9.831459E-4 
466990209427059 1379794154545899108 1.8453904 -0.0041060653 0.0012082355 
466990283774686 1379794154609192565 1.8454083 -0.0040843785 0.0012372289 
466990339626967 1379794154673309996 1.8452213 -0.004207318 0.0013100216 
466990404330157 1379794154736450865 1.8451674 -0.0042650513 0.0012508536 
466990468667103 1379794154800415709 1.8452936 -0.0041746916 0.0012283614 
466990531172825 1379794154863495543 1.8454152 -0.0040812376 0.0012294222 
466990595509770 1379794154927551940 1.8455527 -0.0039986125 0.0011483465 
466990659175265 1379794154990662291 1.8453933 -0.004117929 0.0011579884 
466990719697164 1379794155054688170 1.8454278 -0.004069823 0.0012358829 
466990789863501 1379794155117768004 1.8454201 -0.004090218 0.0011844398 
466990852521825 1379794155181854918 1.8455157 -0.0040057083 0.0012239168 
466990914081416 1379794155244934752 1.8454666 -0.004046541 0.0012128324 
466990979242411 1379794155308960631 1.845331 -0.004160412 0.0011769634 
466991045929424 1379794155372040465 1.8452613 -0.0042239013 0.0011404626 
466991104559060 1379794155436157897 1.8451583 -0.004293968 0.0011717993 
466991170971390 1379794155499388208 1.8451687 -0.004317649 0.0010585227 
466991230577677 1379794155563444605 1.8452629 -0.004248712 0.0010468885 
466991293541205 1379794155626554956 1.8453413 -0.004190379 0.0010409977 
466991364684193 1379794155690611353 1.8452845 -0.0042554718 9.6319045E-4 
466991424473603 1379794155753660669 1.8453183 -0.0042310874 9.5767446E-4 
466991485453306 1379794155817747583 1.845373 -0.004183485 9.789758E-4 
466991548203192 1379794155880766382 1.8452512 -0.0042570923 0.0010491472 
466991613669391 1379794155944883814 1.8451605 -0.0042586597 0.0012931839 
466991676388755 1379794156007933130 1.8454299 -0.0040668836 0.0012404546 
466991744479707 1379794156071989527 1.8454868 -0.004036495 0.0011935778 
466991804147034 1379794156135099878 1.8455659 -0.003983972 0.001164269 
466991866530676 1379794156199125757 1.8454478 -0.004065213 0.0011977403 
466991934530065 1379794156262236109 1.8454943 -0.004035557 0.001176408 
466991993953230 1379794156326246126 1.8456954 -0.003917955 0.0010456612 
466992057008320 1379794156389325960 1.8457088 -0.0039152163 0.001018363 
466992119941327 1379794156453412874 1.8457495 -0.0039014732 9.5600943E-4 
466992189100492 1379794156516492708 1.845652 -0.0039667184 9.901254E-4 
466992248401574 1379794156580518587 1.8458408 -0.0037918773 0.0010982904 
466992310663134 1379794156643628938 1.8457226 -0.0038675333 0.0011516904 
466992373992906 1379794156707654817 1.8457794 -0.0038070043 0.001212603 
466992438482453 1379794156770734651 1.8458011 -0.003777434 0.0012584514 
466992498821231 1379794156834791048 1.8458354 -0.0037505147 0.0012610354 
466992565325122 1379794156897901399 1.8459393 -0.003713702 0.001108207 
466992656581034 1379794156961927278 1.845807 -0.003827916 0.0010621448 
466992684018848 1379794157024824007 1.8456982 -0.0039300723 9.946096E-4 
466992746066767 1379794157088788850 1.8457562 -0.0038880713 9.860867E-4 
466992809915385 1379794157151960237 1.8457403 -0.0039288457 8.8374823E-4 
466992928334429 1379794157215925081 1.8458515 -0.003827345 9.4187446E-4 
466992937460021 1379794157279096468 1.8458773 -0.003800154 9.6834864E-4 
466992994563637 1379794157343061311 1.8458446 -0.0038101994 0.0010222369 
466993057679769 1379794157406232698 1.8459492 -0.0036648372 0.0012557871 
466993130623458 1379794157470197542 1.8458381 -0.0037720348 0.0011767455 
466993198653367 1379794157533399446 1.8457847 -0.0037895383 0.0012606332 
466993266683277 1379794157597608430 1.8458555 -0.003723751 0.0013020174 
466993328029226 1379794157660718782 1.8459747 -0.003600417 0.0014161541 
466993391481081 1379794157724775178 1.8460921 -0.0034637875 0.0015831895 
466993455695944 1379794157787855012 1.8459778 -0.003560211 0.0015516059 
466993525373953 1379794157851880891 1.8459282 -0.0035963436 0.0015581934 
466993584278272 1379794157914960725 1.8457836 -0.0037309981 0.0014732749 
466993647424923 1379794157979259940 1.845864 -0.00367121 0.0014666048 
466993712341754 1379794158042339774 1.8458725 -0.0036700813 0.0014476549 
466993773046775 1379794158106426688 1.8457917 -0.003733101 0.0014437714 
466993822856022 1379794158169506522 1.8458499 -0.0037254891 0.0013109456 
466993885361745 1379794158233257743 1.8457872 -0.0037960082 0.0012308736 
466993947867468 1379794158296429129 1.8458496 -0.0037034354 0.0013910959 
466994016782470 1379794158360393973 1.8460025 -0.0036073332 0.0013153062 
466994086002673 1379794158423595877 1.8458873 -0.0036893748 0.001337607 
466994155375481 1379794158487804862 1.8458548 -0.003737476 0.0012548481 
466994218461090 1379794158550884696 1.8459775 -0.0036641269 0.0011801763 
466994286643602 1379794158614941092 1.8458185 -0.0037664054 0.0012509192 
466994345761564 1379794158678020926 1.8458227 -0.0037286289 0.0013744718 
466994410525794 1379794158742077323 1.8459237 -0.0036947955 0.001218303 
466994472787355 1379794158805171870 1.8459172 -0.0036906847 0.0012508216 
466994538558757 1379794158869228267 1.8459883 -0.003635263 0.0012544729 
466994605886699 1379794158932277583 1.845972 -0.0036506406 0.0012445953 
466994660182442 1379794158996333980 1.8460861 -0.0035727245 0.0012098702 
466994727052578 1379794159059444331 1.8463271 -0.0033873508 0.0012129642 
466994793709071 1379794159123470210 1.8462797 -0.0034457946 0.0011334661 
466994854688774 1379794159186550044 1.8461709 -0.0035621142 0.0010154508 
466994924977191 1379794159250636958 1.8461628 -0.003571354 0.0010047922 
466994980280105 1379794159312404536 1.8463484 -0.003424947 0.001020213 
466995043548836 1379794159377773189 1.8462697 -0.0034483483 0.001151521 
466995110541052 1379794159440822505 1.846093 -0.0035474375 0.001281369 
466995172405848 1379794159504909419 1.8461306 -0.0034859215 0.0013981562 
466995236437588 1379794159567958735 1.8459516 -0.0035976802 0.0014892692 
466995306298720 1379794159632015132 1.8456918 -0.003784713 0.001532803 
466995360258738 1379794159695094966 1.8459021 -0.003641711 0.0014679685 
466995427434078 1379794159759151362 1.8459957 -0.0036041234 0.0013457839 
466995490122923 1379794159822231196 1.845941 -0.0036479526 0.0013391117 
466995554215704 1379794159886287593 1.8458531 -0.0037383805 0.001256025 
466995616996111 1379794159949367427 1.8456202 -0.0038585395 0.0014653543 
466995679837557 1379794160013423823 1.8457229 -0.003785067 0.001446445 
466995739779570 1379794160076534175 1.8456798 -0.0038481706 0.0013387443 
466995812479096 1379794160140560054 1.8457172 -0.0037633248 0.0015396809 
466995871566538 1379794160203639888 1.8457437 -0.003768588 0.0014482181 
466995935232034 1379794160267726802 1.8454999 -0.0039686756 0.0014011645 
466996020261791 1379794160330776118 1.845545 -0.003909745 0.00148767 
466996048554176 1379794160394767313 1.8456162 -0.0038179345 0.0016211614 
466996109472839 1379794160457908182 1.8456893 -0.0038006243 0.0014825334 
466996173168855 1379794160521293191 1.8455969 -0.0038376276 0.0016040266 
466996236376548 1379794160585074930 1.8455361 -0.003909174 0.001514556 
466996308740350 1379794160649039773 1.845563 -0.003908622 0.001442464 
466996369170688 1379794160712211160 1.8457675 -0.003766145 0.0013912503 
466996440100033 1379794160776206522 1.8460314 -0.003586375 0.0013107922 
466996506451323 1379794160839591531 1.8459547 -0.0036242558 0.0013855833 
466996571917521 1379794160903586893 1.8459762 -0.0036626195 0.0011895306 
466996634697927 1379794160966758279 1.8459496 -0.0036923215 0.0011561817 
466996705993516 1379794161030845193 1.8458104 -0.0037662932 0.0012731593 
466996760472381 1379794161093894510 1.8456479 -0.003858061 0.0013903523 
466996827403559 1379794161157950906 1.8454944 -0.003953497 0.0014700184 
466996892167788 1379794161220951494 1.8455648 -0.0038833464 0.0015279367 
466996952201361 1379794161285099443 1.8455513 -0.0038720204 0.0016060442 
466997015653215 1379794161348148759 1.84568 -0.0037973572 0.0015204882 
466997079990159 1379794161412266191 1.8456781 -0.0038211658 0.0014395466 
466997145547920 1379794161475284990 1.8458002 -0.0037516137 0.0013540405 
466997212234933 1379794161539371904 1.8456585 -0.003844193 0.0014112932 
466997258564858 1379794161602207597 1.8456863 -0.0038374432 0.0013590531 
466997330104611 1379794161666141923 1.845412 -0.0040246085 0.0014417671 
466997387879675 1379794161729374345 1.8454834 -0.003960095 0.0014769302 
466997456764157 1379794161793278154 1.8454152 -0.003992717 0.001547307 
466997535750879 1379794161856449540 1.8455971 -0.0038932948 0.001403796 
466997572344807 1379794161920414384 1.8456008 -0.0038939058 0.0013916219 
466997635186253 1379794161983646806 1.845656 -0.0038548687 0.0013799869 
466997698821229 1379794162047550615 1.8455675 -0.0039505353 0.0012798853 
466997772619489 1379794162110722001 1.845463 -0.0039585317 0.0015384055 
466997846112546 1379794162174992021 1.8455869 -0.0038240722 0.0016802498 
466997906695485 1379794162238041337 1.8455386 -0.0038844883 0.0015959397 
466997969079126 1379794162302189286 1.845725 -0.0037569674 0.0015409314 
466998033355030 1379794162365299638 1.8456892 -0.0038363955 0.0013546741 
466998080478485 1379794162428989824 1.8458335 -0.0037530852 0.0012572942 
466998144754390 1379794162492130693 1.8456119 -0.0039401 0.001195212 
466998207412714 1379794162556095536 1.8454937 -0.00399203 0.0013335457 
466998287803374 1379794162619450029 1.8453999 -0.004034389 0.0014400262 
466998373901346 1379794162683567460 1.8454388 -0.0040079993 0.00142743 
466998408938733 1379794162746433671 1.8455198 -0.0039958325 0.0012486563 
466998463203954 1379794162810579267 1.8454926 -0.004002708 0.0012991382 
466998525496034 1379794162873720137 1.8454494 -0.0039965045 0.001439323 
466998589405694 1379794162937715498 1.8454068 -0.0040244423 0.0014568884 
466998668850223 1379794163000917402 1.845517 -0.0039474173 0.0014299725 
466998749759730 1379794163065187422 1.8456116 -0.00386589 0.0014619785 
466998779883337 1379794163128297773 1.8456342 -0.003882602 0.0013399934 
466998844922251 1379794163191987959 1.8457215 -0.0038461818 0.0012310127 
466998907427975 1379794163255159346 1.8456316 -0.0039291955 0.0011802368 
466998977289106 1379794163319185224 1.845639 -0.0039519165 0.0010782315 
466999034667406 1379794163382295576 1.8457317 -0.003869111 0.0011210009 
466999098790708 1379794163446229902 1.8455846 -0.0039495043 0.0012367271 
466999165172518 1379794163509431806 1.845581 -0.0039822212 0.00112934 
466999225022969 1379794163573396650 1.8454878 -0.0041150153 9.0855826E-4 
466999312555396 1379794163636781660 1.8455689 -0.004027825 9.993309E-4 
466999367980393 1379794163700914237 1.8456304 -0.0039629075 0.0010631055 
466999432073175 1379794163763963553 1.8456132 -0.003956501 0.0011331415 
466999496654282 1379794163828050467 1.8454978 -0.004015134 0.0012393228 
466999586872503 1379794163891069266 1.8455826 -0.003912952 0.0013727912 
466999610525791 1379794163955125662 1.845758 -0.0038259479 0.00120391 
466999669582712 1379794164017991873 1.8456278 -0.003902815 0.0012853183 
466999733492372 1379794164081956717 1.8454821 -0.0039928253 0.0013628227 
466999796974746 1379794164145128104 1.8455116 -0.003983359 0.0013157255 
466999877945294 1379794164209428641 1.8457628 -0.0038205257 0.0012096071 
466999939779568 1379794164272477957 1.8458735 -0.0037384836 0.0011998339 
467000004391196 1379794164336595389 1.8461782 -0.0035740247 9.5360517E-4 
467000098912789 1379794164399644705 1.8462127 -0.003542722 9.704105E-4 
467000115790555 1379794164463365409 1.8462685 -0.0035283216 8.694607E-4 
467000178754084 1379794164526536795 1.8462732 -0.0034634229 0.0010885646 
467000245868382 1379794164590501639 1.8463354 -0.0034315933 0.0010316282 
467000304711660 1379794164653673026 1.846427 -0.0033383758 0.0011137128 
467000368773922 1379794164717637869 1.8463572 -0.0033841338 0.0011411896 
467000433965437 1379794164780809256 1.8462734 -0.003441961 0.0011642331 
