#SysTm EventTmStmp Gyro:x Gyro:y Gyro:z
196264742406318 1378672091864947391 0.22205 0.24651 -0.01854 
196264755011233 1378672091928088261 0.28293 0.13863 -0.00359 
196264799845659 1378672092119189335 -0.06741 0.01259 -0.06767 
196264872178941 1378672092182391239 -0.04605 -0.00023 -0.10506 
196264926901969 1378672092246309788 -0.03857 -0.02586 -0.13069 
196264989896017 1378672092309542210 -0.05887 0.01045 -0.10292 
196265053256309 1378672092373507054 -0.11441 0.05531 -0.10612 
196265117959499 1378672092436678441 -0.11121 -0.03014 -0.11253 
196265180373661 1378672092500643284 -0.09625 -0.01625 -0.10933 
196265246694432 1378672092563753636 -0.04285 -0.04936 -0.08156 
196265346435007 1378672092627718480 -0.06421 0.02434 -0.07835 
196265369508409 1378672092690920384 -0.07062 -0.01625 -0.06874 
196265433906393 1378672092754885228 0.00522 -0.08461 0.00923 
196265497999175 1378672092818056614 -0.04498 -0.0515 -0.00999 
196265560993226 1378672092881990941 -0.06848 -0.0248 -0.03136 
196265624475600 1378672092943575413 0.01483 -0.03761 -0.00893 
196265689911277 1378672093009157689 0.02017 -0.01518 0.00282 
196265752844284 1378672093072329075 -0.02255 -0.0985 -0.06447 
196265816845505 1378672093136263402 0.20496 -0.09956 -0.28343 
196265879778515 1378672093199434788 0.22739 -0.17006 -0.32509 
196265996213734 1378672093263399632 0.10883 -0.17754 -0.17128 
196266015380528 1378672093326571019 0.04794 -0.18394 -0.13496 
196266071995819 1378672093390566380 0.04581 -0.12306 -0.04738 
196266135020387 1378672093453737767 0.11844 -0.12627 0.02525 
196266196732582 1378672093517641575 -0.03323 -0.07713 0.03273 
196266260031833 1378672093580873997 -0.04071 -0.075 0.06477 
196266324673981 1378672093644808323 -0.08557 -0.09315 -0.02602 
196266388766763 1378672093708040745 -0.19879 0.00191 -0.07408 
196266452737463 1378672093771975071 -0.20734 0.05211 -0.03456 
196266557605463 1378672093835176976 -0.19772 0.12367 -0.0367 
196266577870990 1378672093899354098 -0.36969 0.13115 -0.20332 
196266642116374 1378672093962556003 -0.36008 -0.01839 -0.22575 
196266706026035 1378672094026490329 -0.09732 -0.17754 -0.27168 
196266768714879 1378672094089692233 -0.05139 -0.41893 0.22392 
196266832441417 1378672094152711032 0.18039 -0.18715 0.35744 
196266896290035 1378672094216858981 0.27759 -0.26833 0.38414 
196266960840622 1378672094280762790 0.26691 -0.32494 0.33287 
196267024628200 1378672094343934177 0.14087 -0.21065 0.19188 
196267088385258 1378672094407929538 -0.09198 -0.60158 0.04128 
196267180892508 1378672094471131442 -0.06207 -0.25764 0.1107 
196267213518785 1378672094535035251 -0.04498 -0.22026 0.0605 
196267278283015 1378672094598237155 -0.06955 -0.08141 0.03914 
196267341093942 1378672094662171481 0.05115 0.04784 0.05409 
196267404362673 1378672094725357472 0.02658 0.26894 0.2047 
196267470042516 1378672094789322316 -0.00333 0.22835 0.17693 
196267536790569 1378672094852646291 0.06183 0.05638 -0.00252 
196267602653533 1378672094916733205 0.11523 0.03609 0.05409 
196267663968960 1378672094979660451 0.08853 0.05638 0.08507 
196267726749366 1378672095043594777 0.08212 0.06065 0.084 
196267821789806 1378672095106735646 0.10455 0.06599 0.06264 
196267849929589 1378672095170731008 0.07999 0.0457 0.07759 
196267912862598 1378672095233902394 -0.04605 0.01045 0.03807 
196267978756081 1378672095297806203 -0.06421 0.02647 0.02098 
196268043031985 1378672095360825002 -0.01294 0.01579 0.01778 
196268123147963 1378672095425003469 -0.00439 -0.00237 0.00603 
196268169142164 1378672095488235890 -0.02682 -0.00343 0.00389 
196268233357027 1378672095552170217 -0.04178 0.01686 0.00175 
196268297053043 1378672095615341603 -0.03217 0.02647 0.00282 
196268363495894 1378672095679520070 -0.00119 0.0222 0.0071 
196268464731970 1378672095742447316 -0.01401 0.01259 -0.00145 
196268484875415 1378672095806412160 -0.00333 0.02113 0.01457 
196268548113628 1378672095869583547 -0.01935 0.01045 0.01137 
196268612420052 1378672095933487355 -0.01721 0.019 -0.00252 
196268676573874 1378672095996811330 0.00095 0.02327 0.00069 
196268739751046 1378672096060654103 -0.00226 -0.00771 0.01244 
196268808818647 1378672096123825490 -0.0076 0.01152 -0.00145 
196268872453624 1378672096188095510 -0.00119 0.01259 -0.00145 
196268939567923 1378672096251205861 -0.00439 0.01472 -0.00252 
196269005614008 1378672096315469855 0.0159 0.00404 0.00816 
196269151013064 1378672096378519171 -0.01294 0.00725 -0.00252 
196269159039921 1378672096442300909 0.01056 0.00725 0.02312 
196269183944545 1378672096505533331 0.01697 -0.00771 0.01137 
196269250478956 1378672096569406622 -0.00119 0.00298 0.00175 
196269315853594 1378672096632578009 -0.0311 -0.00023 0.00069 
196269378878162 1378672096696817511 -0.00012 0.00404 0.00923 
196269442238455 1378672096759958380 0.01376 0.00938 0.01244 
196269506453318 1378672096823984259 -0.01294 0.03609 0.00923 
196269576589135 1378672096887064093 -0.0108 0.01686 0.01457 
196269635890218 1378672096951120489 -0.00653 0.02007 0.00282 
196269695984832 1378672097014108771 0.00949 -0.00984 0.00923 
196269785928368 1378672097078287237 0.00522 0.00938 0.02419 
196269820630031 1378672097141197566 0.0394 0.01152 0.01244 
196269883898764 1378672097205101374 0.02551 -0.00237 0.00603 
196269948144147 1378672097268272761 -0.0076 0.01045 -0.00252 
196270014342835 1378672097332237605 -0.00653 0.01152 0.0071 
196270083105234 1378672097395592097 -0.00119 -0.00023 0.00923 
196270140727696 1378672097459556941 0.00735 0.00298 -0.00145 
196270214678560 1378672097522606257 -0.00012 -0.00237 0.00603 
196270269248985 1378672097586479548 0.00415 0.00725 0.00175 
196270347411659 1378672097649773005 0.01056 -0.00023 0.00175 
196270440224110 1378672097713615778 -0.02362 0.00191 0.00923 
196270455606378 1378672097776817683 -0.01187 0.00938 -0.00145 
196270519454997 1378672097840782526 -0.00333 0.00938 -0.00679 
196270583852984 1378672097903953913 -0.01614 0.00511 0.00175 
196270646877552 1378672097967857722 -0.01187 0.00511 -0.00359 
196270717227010 1378672098031090144 -0.00546 0.00725 -0.00038 
196270784127665 1378672098095299128 -0.01294 -0.0045 0.00389 
196270843184587 1378672098158562068 0.00842 0.00404 -0.00359 
196270907246848 1378672098222496394 0.02124 0.01152 -0.00145 
196270978023591 1378672098285576228 0.00308 0.00298 0.01564 
196271096717319 1378672098349296931 -0.01935 0.00725 -0.00145 
196271104072730 1378672098412498835 0.00095 0.00938 -0.00038 
196271155224874 1378672098476433161 0.00415 0.00084 0.00389 
196271220538470 1378672098539665583 0.00522 0.00618 0.00069 
196271284173446 1378672098603599909 0.0191 0.00191 0.0071 
196271351409827 1378672098666984919 0.03192 0.01152 -0.00252 
196271421820327 1378672098731010798 0.01056 -0.00237 0.01137 
196271477214802 1378672098794333608 0.00308 0.01045 -0.01213 
196271543688173 1378672098858390004 0.04901 0.00832 0.00175 
196271615044803 1378672098921469838 0.00308 -0.00557 0.02098 
196271717257529 1378672098985221059 -0.00546 0.00725 0.00389 
196271734287899 1378672099048361928 0.00095 0.00084 -0.00359 
196271792337646 1378672099112326772 0.01056 0.00832 0.00389 
196271854202441 1378672099175498158 0.00308 -0.00343 0.00282 
196271920462169 1378672099239432484 0.02765 0.00938 0.00603 
196271982204883 1378672099302664906 0.0394 0.01152 0.00923 
196272045198931 1378672099366599233 0.0394 0.00298 0.00923 
196272109413795 1378672099429831654 -0.00546 -0.00023 0.0071 
