#SysTm EventTmStmp Ori:x Ori:y Ori:z
196264746892813 1378672091864947391 1.5094744 -0.58591217 0.100009955 
196264806224417 1378672092119189335 1.5067774 -0.6177347 0.12311049 
196264879564871 1378672092182391239 1.5117587 -0.6134242 0.1276358 
196264934745705 1378672092246309788 1.5193156 -0.6098685 0.13263436 
196264994260430 1378672092309542210 1.5266631 -0.6059796 0.13771158 
196265057803845 1378672092373507054 1.5329775 -0.5995642 0.14456305 
196265122720677 1378672092436678441 1.5397668 -0.59147894 0.1502969 
196265186416694 1378672092500643284 1.5467472 -0.583828 0.15364192 
196265264426768 1378672092563753636 1.5526854 -0.5785076 0.15581378 
196265349700687 1378672092627718480 1.5570534 -0.57457364 0.15873212 
196265372194201 1378672092690920384 1.5620407 -0.56934524 0.1624417 
196265436531145 1378672092754885228 1.5634857 -0.56707925 0.16091381 
196265502485670 1378672092818056614 1.562512 -0.5659816 0.15695614 
196265567646667 1378672092881990941 1.5630362 -0.56211615 0.15548626 
196265630457593 1378672092943575413 1.5633632 -0.560366 0.15461461 
196265693817885 1378672093009157689 1.5624697 -0.56183356 0.15354966 
196265758276910 1378672093072329075 1.5638427 -0.5615091 0.15115324 
196265820843674 1378672093136263402 1.5762374 -0.56612414 0.15269127 
196265883990327 1378672093199434788 1.6022004 -0.57617795 0.15963238 
196266003843827 1378672093263399632 1.6216009 -0.5843547 0.1603969 
196266022766458 1378672093326571019 1.6330081 -0.58743554 0.15609981 
196266082738990 1378672093390566380 1.639561 -0.58932465 0.15104482 
196266145733037 1378672093453737767 1.6394193 -0.5949327 0.14523771 
196266201005434 1378672093517641575 1.6368957 -0.59786177 0.13845335 
196266272148421 1378672093580873997 1.632034 -0.5959126 0.13160369 
196266357025575 1378672093644808323 1.6291075 -0.5921395 0.12503833 
196266396641019 1378672093708040745 1.6313726 -0.5827275 0.12410261 
196266456766152 1378672093771975071 1.6336988 -0.56920344 0.1273608 
196266560565939 1378672093835450290 1.6335014 -0.5566404 0.1333339 
196266580770425 1378672093899354098 1.6396803 -0.5376128 0.14535469 
196266645046329 1378672093962556003 1.6520116 -0.5123764 0.15510401 
196266709749520 1378672094026490329 1.6697037 -0.4946258 0.15976417 
196266773140333 1378672094089692233 1.6717677 -0.48884895 0.14095946 
196266836714269 1378672094152711032 1.6511974 -0.49565792 0.11287536 
196266900959652 1378672094216858981 1.6240504 -0.5135807 0.08556987 
196266965174515 1378672094280762790 1.5975202 -0.53334934 0.053873297 
196267029084175 1378672094343934177 1.5760021 -0.54817253 0.026585855 
196267098579063 1378672094407929538 1.5672413 -0.5493338 -0.004476098 
196267183456219 1378672094471131442 1.5605851 -0.5446216 -0.03446239 
196267216814986 1378672094535035251 1.5540869 -0.5409605 -0.052097864 
196267284814375 1378672094598237155 1.550517 -0.5367904 -0.06340229 
196267344603785 1378672094662155568 1.547872 -0.5355058 -0.064868316 
196267407628353 1378672094725357472 1.5372746 -0.53776324 -0.059228 
196267474284847 1378672094789322316 1.5219563 -0.5380524 -0.050563768 
196267546984373 1378672094852646291 1.5156846 -0.5394826 -0.044187903 
196267614007111 1378672094916733205 1.513344 -0.5451783 -0.041872665 
196267674895253 1378672094979660451 1.5074652 -0.5516232 -0.04143321 
196267742040073 1378672095043594777 1.5005269 -0.5568878 -0.040872715 
196267824567160 1378672095106735646 1.4943554 -0.5627054 -0.039590813 
196267853744636 1378672095170731008 1.4881176 -0.56873286 -0.038733136 
196267916372441 1378672095233902394 1.4834543 -0.56970894 -0.03911865 
196267983151015 1378672095297806203 1.4812707 -0.5660763 -0.03888338 
196268053653074 1378672095360825002 1.4796551 -0.563751 -0.03799761 
196268126901969 1378672095425003469 1.4786519 -0.56318814 -0.037793912 
196268176100808 1378672095488235890 1.4781634 -0.5622622 -0.037873816 
196268240987120 1378672095552170217 1.4779625 -0.560195 -0.037075106 
196268308376102 1378672095615341603 1.4780164 -0.55779475 -0.035405822 
196268381319791 1378672095679520070 1.4771031 -0.5573794 -0.03309311 
196268467539844 1378672095742447316 1.4776759 -0.55700886 -0.030356547 
196268488324217 1378672095806412160 1.4761539 -0.55726194 -0.028994901 
196268551318267 1378672095869583547 1.4767562 -0.55705476 -0.027975034 
196268617822158 1378672095933487355 1.4782653 -0.5557962 -0.02642913 
196268682586388 1378672095996811330 1.4771954 -0.55589044 -0.023277242 
196268746496048 1378672096060654103 1.476478 -0.55586123 -0.022667732 
196268823163222 1378672096123825490 1.4758439 -0.55581856 -0.021906683 
196268883685121 1378672096188095510 1.4749374 -0.55608916 -0.02085678 
196268954797588 1378672096251205861 1.4762348 -0.5555433 -0.019046191 
196269019775461 1378672096315469855 1.47377 -0.55659896 -0.01802347 
196269154217703 1378672096378519171 1.4747385 -0.5558258 -0.015978612 
196269187606990 1378672096505533331 1.4692994 -0.5576127 -0.017108284 
196269257223958 1378672096569406622 1.4677905 -0.5586853 -0.017534813 
196269327359774 1378672096632578009 1.4692981 -0.5564299 -0.016937796 
196269389010926 1378672096696817511 1.4693794 -0.5553019 -0.016082434 
196269452218616 1378672096759958380 1.4680675 -0.5560044 -0.015983928 
196269519424476 1378672096823984259 1.4666967 -0.55632347 -0.014854816 
196269586935541 1378672096887064093 1.4654421 -0.5555865 -0.01367326 
196269649746467 1378672096951120489 1.4649495 -0.55510247 -0.012015145 
196269706911125 1378672097014108771 1.4642655 -0.55534935 -0.011493972 
196269789865496 1378672097078270319 1.4624883 -0.5556001 -0.012882209 
196269839888386 1378672097141197566 1.459701 -0.55791366 -0.012930885 
196269890552205 1378672097205101374 1.4583975 -0.5602896 -0.012933303 
196269955224874 1378672097268272761 1.4592767 -0.5601088 -0.012190869 
196270022735937 1378672097332237605 1.4589192 -0.55979306 -0.011236851 
196270094702975 1378672097395592097 1.4576064 -0.55963326 -0.011799456 
196270147381137 1378672097459556941 1.4569379 -0.56025684 -0.011401364 
196270222796978 1378672097522606257 1.4564914 -0.5599275 -0.011442873 
196270281365572 1378672097586479548 1.4561405 -0.55963403 -0.011180058 
196270359894491 1378672097649773005 1.4542829 -0.5608393 -0.01079573 
196270446389225 1378672097713615778 1.4528248 -0.5602276 -0.01154417 
196270458139569 1378672097776817683 1.4524262 -0.5590215 -0.011298887 
196270522293391 1378672097840782526 1.4525592 -0.55902386 -0.009666701 
196270590262262 1378672097903953913 1.4538025 -0.55802286 -0.009232382 
196270653927758 1378672097967857722 1.4553272 -0.5566464 -0.008483161 
196270729007874 1378672098031090144 1.4557571 -0.5562819 -0.007953518 
196270798472241 1378672098095299128 1.4561377 -0.5555092 -0.008168832 
196270854812849 1378672098158562068 1.4565421 -0.5549314 -0.0075992155 
196270922140790 1378672098222496394 1.4565938 -0.55603564 -0.0060224715 
196270992124003 1378672098285576228 1.4546094 -0.557516 -0.0067355423 
196271099342071 1378672098349296931 1.4545397 -0.5566838 -0.0063085323 
196271158673676 1378672098476433161 1.4543331 -0.55638504 -0.0050020902 
196271228015961 1378672098539665583 1.4543092 -0.55653346 -0.0044908365 
196271289117747 1378672098603599909 1.4526763 -0.55692124 -0.005048241 
196271362885487 1378672098666984919 1.4519684 -0.559012 -0.0038643864 
196271435279811 1378672098731223256 1.4502536 -0.56074196 -0.0051101483 
196271486920280 1378672098794333608 1.4510384 -0.56035787 -0.0047479696 
196271555987883 1378672098858390004 1.4512115 -0.5623452 -0.003503336 
196271626093177 1378672098921469838 1.4497236 -0.5640621 -0.00454553 
196271723910972 1378672098985221059 1.4479579 -0.56441784 -0.0053706155 
196271740697177 1378672099048361928 1.4480724 -0.5643195 -0.004656846 
196271798838486 1378672099112326772 1.4475862 -0.56495845 -0.0041250363 
196271857590203 1378672099175498158 1.4471176 -0.56469864 -0.0038931335 
196271927542895 1378672099239432484 1.4466367 -0.5652255 -0.0035454014 
196271985287441 1378672099302664906 1.4456968 -0.5676089 -0.003039408 
196272047701602 1378672099366599233 1.4431119 -0.5718869 -0.0028163486 
196272113778208 1378672099429831654 1.4429044 -0.57228523 -0.0031743466 
