#SysTm EventTmStmp Ori:x Ori:y Ori:z
313018188962664 1379577525851474287 2.691449 -0.10567272 0.14230299 
313018242770081 1379577526042575361 2.6681817 -0.09083083 0.16809276 
313018274694390 1379577526105746748 2.6628778 -0.08191243 0.1671534 
313018337963123 1379577526169742109 2.6594048 -0.089060634 0.16594198 
313018400865610 1379577526232913496 2.6508756 -0.107434675 0.1537201 
313018461082306 1379577526296908857 2.6475878 -0.121470205 0.15293913 
313018525816015 1379577526360019208 2.6439135 -0.12333086 0.14358805 
313018591617937 1379577526424014570 2.6433134 -0.11546303 0.13020249 
313018655130832 1379577526487185957 2.6471338 -0.11097242 0.13969865 
313018715408567 1379577526551120283 2.6452582 -0.11084846 0.14295566 
313018778250014 1379577526614291669 2.6439624 -0.108300164 0.1408749 
313018842037592 1379577526678256513 2.6460083 -0.10863114 0.14237717 
313018904543315 1379577526741427900 2.6468253 -0.11334143 0.14207919 
313018968819218 1379577526805575849 2.6458447 -0.1252338 0.1339611 
313019034956866 1379577526868594648 2.6470113 -0.13639331 0.12215255 
313019097218425 1379577526932559492 2.6532826 -0.14300542 0.108272925 
313019163691797 1379577526995730878 2.6692405 -0.12724271 0.08358786 
313019225617632 1379577527059695722 2.6904132 -0.09933626 0.071345404 
313019289100006 1379577527122867109 2.697861 -0.089412786 0.067107186 
313019352582380 1379577527186831953 2.6928928 -0.09361964 0.043963116 
313019415301746 1379577527250003339 2.694373 -0.095957085 0.017428812 
313019479425049 1379577527313968183 2.7052732 -0.10064394 -0.002632097 
313019544860727 1379577527377109052 2.7196593 -0.10311464 -0.010382284 
313019607519052 1379577527441104414 2.7343605 -0.10041882 -0.009040843 
313019668437715 1379577527504214765 2.7448468 -0.09187484 -8.347765E-4 
313019730973957 1379577527568301679 2.7548969 -0.085637994 5.3181563E-4 
313019794181649 1379577527631442548 2.7599688 -0.08052077 -0.0046513453 
313019859464725 1379577527695346357 2.7631028 -0.0774865 -0.005141464 
313019928440766 1379577527758609296 2.7629948 -0.08214539 0.0068840543 
313019990610765 1379577527822513105 2.7547054 -0.09774119 0.014661013 
313020061173865 1379577527885745527 2.742341 -0.11094537 0.018408284 
313020115317007 1379577527949710371 2.7470353 -0.09771214 0.028038425 
313020178646779 1379577528012820722 2.7696862 -0.08003755 0.044070132 
313020243075286 1379577528077232483 2.7819557 -0.078118354 0.052465674 
313020306649221 1379577528140312317 2.7732143 -0.08287109 0.042899325 
313020373092071 1379577528204368713 2.7606053 -0.081618585 0.034214195 
313020433613970 1379577528267509582 2.7548199 -0.07812665 0.038660027 
313020496791140 1379577528331413391 2.745654 -0.082930416 0.04418726 
313020560304035 1379577528394645813 2.734762 -0.08798363 0.039833784 
313020623603287 1379577528458549621 2.7288725 -0.09230344 0.025763566 
313020686597335 1379577528521721008 2.7283385 -0.09740687 0.006883253 
313020751605729 1379577528585838440 2.734068 -0.10079695 0.0024974663 
313020817132968 1379577528648857238 2.745503 -0.10153109 0.0059047374 
313020889252609 1379577528712913635 2.761453 -0.09931709 -0.0070117908 
313020938329367 1379577528775962951 2.7791715 -0.09748583 -0.035852727 
313021004619616 1379577528839927795 2.7926993 -0.10291055 -0.03535264 
313021069902691 1379577528903190735 2.8010573 -0.102267615 -0.013419059 
313021133293506 1379577528967094543 2.806184 -0.09727374 -0.008409677 
313021195616105 1379577529030326965 2.8158994 -0.095389925 -0.0035264594 
313021257725063 1379577529094230774 2.8302443 -0.09730692 0.016541801 
313021323038660 1379577529157402160 2.837005 -0.10543448 0.04237077 
313021385330740 1379577529221489074 2.8338346 -0.11104062 0.067875914 
313021448660512 1379577529284538391 2.819978 -0.09658762 0.0819606 
313021513821507 1379577529348594787 2.7978883 -0.08016091 0.083535 
313021575259018 1379577529411674621 2.7840414 -0.073343 0.078507185 
313021640816777 1379577529475639465 2.7782764 -0.0785669 0.07097704 
313021704116029 1379577529538871887 2.7738245 -0.09280317 0.063120775 
313021769032861 1379577529602897766 2.773728 -0.095768385 0.06251925 
313021831660665 1379577529666186687 2.7778785 -0.09529937 0.057779934 
313021895234602 1379577529730090496 2.7799764 -0.09613832 0.043175947 
313021958655935 1379577529793170330 2.7818093 -0.10378236 0.030217923 
313022021985707 1379577529857226726 2.7872622 -0.111220434 0.022265177 
313022085284960 1379577529920306560 2.792373 -0.10418806 0.028005073 
313022151453126 1379577529984362957 2.8003423 -0.09608255 0.05525779 
313022213348442 1379577530047503826 2.8142715 -0.083259076 0.08788576 
313022283179053 1379577530111407634 2.824826 -0.085863754 0.090431795 
313022338512489 1379577530174609539 2.8296247 -0.09401377 0.075073786 
313022403612443 1379577530238543865 2.8350108 -0.08114468 0.07585433 
313022466911695 1379577530301715252 2.8432906 -0.075806156 0.084293514 
313022528013481 1379577530365649578 2.8531642 -0.08222805 0.083128124 
313022614904981 1379577530428790447 2.8618019 -0.09415245 0.07607822 
313022679089323 1379577530492907879 2.8611152 -0.10259967 0.07790753 
313022742480137 1379577530555957195 2.850532 -0.09734766 0.073211856 
313022807580092 1379577530619922039 2.8435152 -0.08610351 0.068867594 
313022869872171 1379577530683154461 2.841722 -0.07777131 0.07836965 
313022930424590 1379577530747058269 2.8339648 -0.0856596 0.072668105 
313022989481510 1379577530810290691 2.8234174 -0.094822526 0.061021708 
313023045425353 1379577530874194500 2.8161798 -0.094426155 0.06117208 
313023107137546 1379577530937335369 2.81508 -0.09533374 0.060062673 
313023166011345 1379577531001422283 2.819057 -0.0989743 0.053969156 
313023252231396 1379577531064502117 2.8246799 -0.10401351 0.04982727 
313023311929244 1379577531128558513 2.8325427 -0.10832587 0.04995879 
313023369978992 1379577531191699382 2.8406224 -0.10275085 0.04614339 
313023429676842 1379577531255603191 2.8523896 -0.09539153 0.04497309 
313023504695916 1379577531318805095 2.8652744 -0.11156928 0.034654737 
313023570467319 1379577531382739422 2.8761692 -0.12674275 0.018356731 
313023633186684 1379577531445910808 2.8912797 -0.11949879 0.022505281 
313023694746274 1379577531509906170 2.908517 -0.1078315 0.02869491 
313023769612749 1379577531573047039 2.9232433 -0.106327355 0.029407168 
313023809533395 1379577531637103435 2.9332292 -0.11475048 0.033205982 
313023870574140 1379577531700183269 2.9329705 -0.11773525 0.032102283 
313023935735134 1379577531764148113 2.9214604 -0.106039256 0.022848137 
313024003612442 1379577531827380535 2.9124851 -0.09156924 0.026333947 
313024075457400 1379577531891375896 2.9038136 -0.086496055 0.03385269 
313024117667074 1379577531954486248 2.886785 -0.09957289 0.028957145 
313024182919631 1379577532018420574 2.8673105 -0.112275526 0.024807531 
313024254611984 1379577532081561443 2.8499374 -0.10926863 0.023250025 
313024326304340 1379577532145526287 2.8347166 -0.111512005 0.016082248 
313024386459993 1379577532208728191 2.822227 -0.12102906 0.010993042 
313024449606644 1379577532272784588 2.8155715 -0.12739363 0.010227846 
313024499293810 1379577532335864422 2.8169649 -0.12872761 0.0070468574 
313024562593062 1379577532399829265 2.822122 -0.12200459 2.3303363E-4 
313024625983876 1379577532463092205 2.8272076 -0.109231986 0.007253048 
313024689710413 1379577532526965496 2.8274062 -0.096298814 0.03716102 
313024755085052 1379577532590228435 2.825197 -0.1076603 0.049661227 
313024818109620 1379577532654101726 2.8325772 -0.120176055 0.030976785 
313024882568645 1379577532717486736 2.843001 -0.11466301 0.015629295 
313024947149753 1379577532781390545 2.8494015 -0.109688744 0.018243762 
313025011059413 1379577532844439861 2.857298 -0.11134708 0.028920364 
313025074358668 1379577532908854165 2.870349 -0.10686407 0.044649065 
313025135460452 1379577532971995035 2.8818316 -0.10930513 0.05449546 
313025200041559 1379577533035898843 2.8830633 -0.111548245 0.05246617 
313025264317463 1379577533099131265 2.87403 -0.11156563 0.04102371 
313025326517982 1379577533163035074 2.861426 -0.106116876 0.035568923 
313025390824408 1379577533226175943 2.8448186 -0.102506824 0.04042844 
313025454032099 1379577533290262857 2.8257499 -0.11419457 0.047002804 
313025515408567 1379577533353312173 2.8108103 -0.115807675 0.053449087 
313025580966326 1379577533417246499 2.8027763 -0.1117757 0.038536545 
313025644051935 1379577533480448404 2.8025713 -0.10659014 0.0117261745 
313025709762299 1379577533544382730 2.803162 -0.107250474 -3.320431E-5 
313025780386440 1379577533607645669 2.808038 -0.11442625 -0.006145053 
313025846249403 1379577533671549478 2.8186216 -0.117680386 -0.009260555 
313025898652881 1379577533734751382 2.8297257 -0.11679832 -0.003367265 
313025970223154 1379577533798685708 2.8419967 -0.105495736 0.007323246 
313026024946184 1379577533861857095 2.854661 -0.09701368 0.0037805196 
313026089893536 1379577533926951089 2.8733537 -0.09964044 -0.009289976 
313026151819371 1379577533988993326 2.9004102 -0.08788161 -0.018290747 
313026215423827 1379577534052958169 2.9292765 -0.076698214 -0.02084559 
313026279699730 1379577534116129556 2.9484236 -0.082368776 -0.010464569 
313026346417265 1379577534180124917 2.9548035 -0.08668974 0.005644792 
313026410418485 1379577534243357339 2.9530613 -0.0873777 0.0144790355 
313026500362023 1379577534307261148 2.9505951 -0.089160696 0.02462972 
313026535826695 1379577534370402017 2.9494839 -0.087610826 0.04375189 
313026598057736 1379577534434458413 2.9397936 -0.080072284 0.04270932 
313026662303119 1379577534497568765 2.920112 -0.08603682 0.017644065 
313026725632891 1379577534561806999 2.9031315 -0.09360477 -0.0028185057 
313026788962664 1379577534624917351 2.894549 -0.09210813 -0.00803899 
313026853848975 1379577534688882194 2.8901002 -0.095836595 -0.008740064 
313026915408566 1379577534752114616 2.8868017 -0.09998321 -0.01704689 
313026982889110 1379577534816018425 2.8878593 -0.09781991 -0.031527933 
313027042983722 1379577534879220329 2.8876805 -0.09580108 -0.043713417 
313027106496618 1379577534943124138 2.8809857 -0.09544962 -0.04663008 
313027170162114 1379577535006265007 2.886588 -0.09113066 -0.045045063 
313027233247725 1379577535070351921 2.9039705 -0.07447824 -0.037404686 
313027297676230 1379577535133492790 2.9174163 -0.066068985 -0.02468763 
313027367110077 1379577535197488151 2.9203687 -0.074654914 -0.0118095605 
313027430836615 1379577535260598503 2.9158545 -0.07563031 0.009061446 
313027490137698 1379577535324532829 2.9170165 -0.071201734 0.033480145 
313027554230480 1379577535387901920 2.9249156 -0.074062556 0.050677534 
313027615088103 1379577535451744694 2.9342873 -0.08213297 0.06353131 
313027678417875 1379577535515038151 2.9376705 -0.08539407 0.084613144 
313027745959460 1379577535578941960 2.9299774 -0.07541271 0.106915966 
313027807213847 1379577535642052311 2.9168906 -0.062861405 0.118493244 
313027870177374 1379577535706169743 2.9094527 -0.04719236 0.12724254 
313027934483800 1379577535769219059 2.9041786 -0.046208743 0.11432009 
313027998759703 1379577535833346752 2.8940425 -0.054632273 0.084776215 
313028061540109 1379577535896457103 2.8814716 -0.051005013 0.06869093 
313028124900401 1379577535960330394 2.871652 -0.047204625 0.06319123 
313028190183478 1379577536023532299 2.869082 -0.051510107 0.056871336 
313028253330130 1379577536087466625 2.871733 -0.06401189 0.050355215 
313028315530648 1379577536150668529 2.879912 -0.07784858 0.04443805 
313028378219494 1379577536214724926 2.8895879 -0.07931145 0.029937213 
313028442892162 1379577536277774242 2.9008899 -0.081159845 0.021387417 
313028507137545 1379577536341922191 2.916657 -0.075810365 0.021252742 
313028570894604 1379577536404910473 2.9329305 -0.07290088 0.0200525 
313028633430846 1379577536468905834 2.9485297 -0.08230634 0.02874711 
313028695570324 1379577536532138256 2.95942 -0.08725203 0.05774988 
313028759235821 1379577536596011547 2.963861 -0.09738017 0.08482632 
313028821497380 1379577536659350098 2.9578774 -0.105530225 0.0921217 
313028895417723 1379577536723253906 2.9392338 -0.10732196 0.096651495 
313028964088560 1379577536786394775 2.9160275 -0.09704819 0.09000475 
313029027418333 1379577536850481689 2.896449 -0.08389257 0.07799435 
313029085864846 1379577536913561523 2.8797386 -0.074898474 0.08291203 
313029152643421 1379577536977617920 2.8589964 -0.080287814 0.084088415 
313029205962511 1379577537040697754 2.8456151 -0.08357206 0.06766367 
313029270207894 1379577537104672853 2.8509362 -0.056509722 0.05076213 
313029339824864 1379577537167935792 2.8733573 -0.02843547 0.032945585 
313029395555064 1379577537231809083 2.9135728 -9.967474E-4 0.006082898 
313029473687218 1379577537295010987 2.952998 0.008417824 -0.012909368 
313029541350883 1379577537359036866 2.9752698 -0.008078964 -0.031328227 
313029603917647 1379577537422116700 2.9823973 -0.014251684 -0.042590816 
313029656717891 1379577537486295167 2.9747357 -0.017927282 -0.027533226 
313029713119538 1379577537549313966 2.9677815 -0.021959398 8.6398236E-4 
313029776052547 1379577537613187257 2.9654093 -0.033463053 0.022051329 
313029839962206 1379577537676450196 2.9674168 -0.05568585 0.008661583 
313029904085507 1379577537740323487 2.9687684 -0.065599255 -0.0053869053 
313029966865913 1379577537803586427 2.965861 -0.06759741 0.010802535 
313030033766571 1379577537867520753 2.966919 -0.07495774 0.02071304 
313030094105346 1379577537930737252 2.9709496 -0.07855648 0.02397137 
313030157557201 1379577537994824166 2.9695702 -0.08356415 0.041904666 
313030223237042 1379577538057904000 2.959824 -0.08618909 0.049289197 
313030288184393 1379577538121960397 2.9443812 -0.08041603 0.037707157 
313030349286179 1379577538185040231 2.9265494 -0.076396056 0.035515737 
313030414172492 1379577538249005074 2.9105484 -0.074411064 0.03152305 
313030475274276 1379577538312206979 2.8945606 -0.07732299 0.020914292 
313030541625566 1379577538376141305 2.8818755 -0.08110132 0.01547085 
313030603276717 1379577538439343209 2.8748055 -0.07933089 0.014319147 
313030666514930 1379577538503247018 2.866294 -0.08719067 0.02531808 
313030731462282 1379577538566448922 2.8550737 -0.10382683 0.027106877 
313030794883615 1379577538630505319 2.8479064 -0.11320515 0.022631906 
313030858579633 1379577538693585153 2.8509603 -0.10850022 0.022405086 
313030921237956 1379577538757519479 2.8608587 -0.0924998 0.026644846 
313030984354088 1379577538820690865 2.8713043 -0.07785302 0.0358594 
313031050674856 1379577538884655709 2.8779147 -0.06941259 0.035630316 
313031113516303 1379577538947918649 2.8919604 -0.09438433 0.022468966 
313031175625261 1379577539011791940 2.912567 -0.10856872 0.016313143 
313031240603133 1379577539074963326 2.9271169 -0.0919092 0.0181425 
313031304604354 1379577539139050240 2.9368477 -0.08354441 0.021091951 
313031367110076 1379577539202130074 2.941717 -0.08287039 0.024824645 
313031430439849 1379577539266186471 2.9415593 -0.077228956 0.03701791 
313031494410550 1379577539329235787 2.9430957 -0.06397981 0.055000145 
313031558869576 1379577539393200631 2.952518 -0.051665187 0.060324337 
313031621802584 1379577539456433053 2.9530091 -0.055371772 0.05270695 
313031684155705 1379577539520367379 2.9428322 -0.065416336 0.03105499 
313031750323871 1379577539583715775 2.9370012 -0.06451281 0.012599853 
313031811700340 1379577539647619584 2.9322255 -0.06915909 0.012603639 
313031876434051 1379577539710790971 2.927327 -0.07596401 0.015645333 
313031938329366 1379577539774877885 2.921253 -0.08328831 0.01699154 
313032003704003 1379577539837957719 2.9155908 -0.09319665 0.020088922 
313032065690879 1379577539902014115 2.9151208 -0.10419189 0.03052105 
313032130668752 1379577539965093949 2.9214804 -0.098446004 0.040033575 
313032200896130 1379577540029028275 2.9345193 -0.0858908 0.05470354 
313032261723231 1379577540092260697 2.943799 -0.08431861 0.06776559 
313032318887888 1379577540156164506 2.948216 -0.10057136 0.057931155 
313032383407955 1379577540219366410 2.953297 -0.117914334 0.043525707 
313032449942367 1379577540283422807 2.953995 -0.12414363 0.032171834 
313032509518135 1379577540346546788 2.9535236 -0.13190605 0.018777441 
313032573214151 1379577540410603185 2.9570658 -0.13813376 0.020631386 
313032636086118 1379577540473683019 2.962977 -0.14489146 0.028983377 
313032703200416 1379577540537647862 2.9633605 -0.14147839 0.022856824 
313032763081388 1379577540600849767 2.9555142 -0.13221946 0.006045714 
313032831416501 1379577540664753575 2.9497316 -0.11216474 -0.014999287 
313032894318988 1379577540728047032 2.9411385 -0.09143578 -0.017019875 
313032953772674 1379577540791889806 2.9196205 -0.079361625 0.0036226704 
313033017682333 1379577540855091710 2.897364 -0.0683365 0.020762699 
313033084064144 1379577540919148106 2.8860824 -0.058761057 0.025431814 
313033144250317 1379577540982227940 2.880852 -0.060324796 0.016229855 
313033210754209 1379577541046406407 2.8741758 -0.06678182 0.009393714 
313033275274276 1379577541109333653 2.8693097 -0.07170447 0.02071678 
313033339916425 1379577541173359532 2.870618 -0.06422678 0.03429069 
313033402757872 1379577541236591954 2.8796735 -0.048635036 0.048059244 
313033470207895 1379577541300465245 2.8856447 -0.03928622 0.07735452 
313033528349203 1379577541363697667 2.8875618 -0.053756196 0.09436538 
313033590732844 1379577541427601476 2.901735 -0.07006259 0.072641864 
313033658274430 1379577541490742345 2.9234588 -0.067530975 0.04902539 
313033718765807 1379577541554859776 2.9358158 -0.07187458 0.036416344 
313033779989674 1379577541617909093 2.9410079 -0.08048446 0.023916578 
313033845516912 1379577541680531163 2.9486997 -0.08407153 0.015420816 
313033911898722 1379577541745045323 2.9543543 -0.08935717 0.014695847 
313033975320057 1379577541809010167 2.9460342 -0.08885255 0.023241578 
313034037673177 1379577541872273106 2.9340231 -0.07715938 0.025644533 
313034101796479 1379577541936207433 2.9236832 -0.08288344 0.022901233 
313034164546365 1379577541999494799 2.9122894 -0.09967852 0.022362413 
313034229432676 1379577542063551195 2.9087346 -0.09912639 0.021601932 
313034289435729 1379577542126600512 2.9070177 -0.10991242 0.027096434 
313034355237651 1379577542190656908 2.903821 -0.12244999 0.028082283 
313034418781066 1379577542253736742 2.9015496 -0.12598564 0.018894337 
313034481714076 1379577542317701586 2.9051971 -0.12882484 0.005306764 
313034546508825 1379577542380964525 2.917122 -0.1164206 -0.013388352 
313034610174321 1379577542444868334 2.934651 -0.09758213 -0.03298303 
313034674053461 1379577542508131273 2.953269 -0.08924087 -0.034331027 
313034736009816 1379577542572096117 2.967572 -0.09925273 -0.016689332 
313034797050563 1379577542635145433 2.9792821 -0.11493162 -0.013535867 
313034867369500 1379577542699201830 2.9864357 -0.118957564 -0.017196085 
313034927769316 1379577542762386888 2.9888089 -0.118247434 -0.013040572 
313034990946487 1379577542826290696 2.9881406 -0.11978345 0.0018574503 
313035054306780 1379577542888729661 2.9880962 -0.1298061 0.025768341 
313035116751463 1379577542953457444 2.9925308 -0.14779747 0.051932737 
313035181912457 1379577543016720384 2.9926152 -0.15552883 0.0772996 
313035243990894 1379577543080593675 2.9831913 -0.14382613 0.103560075 
313035310189581 1379577543143765061 2.9721649 -0.12959349 0.12053959 
313035373244672 1379577543207882493 2.9586732 -0.12380502 0.12957194 
313035434438019 1379577543270901292 2.941301 -0.13389184 0.14375906 
313035498561320 1379577543334988206 2.9295633 -0.14100425 0.15495645 
313035562104735 1379577543398037522 2.9219637 -0.13047025 0.15122403 
313035625526069 1379577543462063401 2.9152641 -0.11575769 0.13254721 
313035692365684 1379577543525265305 2.9090168 -0.108578816 0.112792216 
313035753711633 1379577543589138597 2.9028091 -0.102570005 0.09904249 
313035816492038 1379577543652401536 2.9006932 -0.09811421 0.0906071 
313035881836157 1379577543716274827 2.8978512 -0.096561894 0.08885005 
313035944463960 1379577543779476731 2.8947933 -0.09223589 0.08724947 
313036006786560 1379577543843411057 2.9006484 -0.08577618 0.09067175 
313036070452058 1379577543906612962 2.9047728 -0.06970651 0.104454465 
313036135552011 1379577543970669358 2.900574 -0.05805241 0.11714031 
313036198607101 1379577544033718675 2.9092557 -0.05367177 0.1362683 
313036262760922 1379577544097653001 2.923474 -0.05674675 0.14632376 
313036324686758 1379577544160946458 2.926547 -0.05992078 0.13297097 
313036390610763 1379577544224850266 2.9325774 -0.06581808 0.11114193 
313036453818454 1379577544288052171 2.9356625 -0.090740986 0.08328207 
313036515347526 1379577544351955979 2.9349518 -0.11379964 0.06456947 
313036578921460 1379577544415304369 2.9397874 -0.11860971 0.06672727 
313036643075282 1379577544479360765 2.9322226 -0.11937555 0.086461544 
313036707198586 1379577544542440599 2.9098706 -0.12336816 0.09495096 
313036770589398 1379577544606496996 2.8885765 -0.12274095 0.080172844 
313036833522406 1379577544669637865 2.8737736 -0.12136441 0.06695037 
313036898836003 1379577544733633226 2.8560557 -0.12607187 0.06455643 
313036961891092 1379577544796804613 2.831952 -0.13395992 0.06442755 
313037024274734 1379577544860677904 2.8085144 -0.13849555 0.06241682 
313037089618850 1379577544923879808 2.7907085 -0.14248268 0.063469544 
313037153864235 1379577544987875169 2.7763057 -0.13287562 0.06208396 
313037214691337 1379577545050955003 2.7682612 -0.110287085 0.06368903 
313037278539956 1379577545115041917 2.758884 -0.097529 0.06132934 
313037343060023 1379577545178196419 2.740997 -0.101338476 0.052256834 
313037407091763 1379577545242161263 2.7210722 -0.101011105 0.05774594 
313037470238414 1379577545305393685 2.698191 -0.096290804 0.074381754 
313037534483798 1379577545369297494 2.6657126 -0.09486452 0.08557278 
313037595768705 1379577545432529916 2.626922 -0.09324656 0.07811057 
313037660044610 1379577545496403207 2.5859325 -0.09124241 0.061853506 
313037724442595 1379577545559605111 2.5360346 -0.09553284 0.059956476 
313037787192482 1379577545623661507 2.4705734 -0.09167074 0.05742428 
313037877715905 1379577545686710824 2.400298 -0.07607535 0.06023434 
313037926151737 1379577545751530160 2.3317592 -0.061759964 0.07524124 
313037977364921 1379577545813877572 2.2672505 -0.05662983 0.07388279 
313038041457702 1379577545877811898 2.1977005 -0.05232393 0.065212 
313038106435576 1379577545941044320 2.1266499 -0.043371633 0.0579146 
313038192991351 1379577546004948128 2.0532799 -0.03786245 0.044870872 
313038231202859 1379577546068180550 1.9811541 -0.036887392 0.029222777 
313038294868355 1379577546132175912 1.9127274 -0.040286448 0.020504592 
313038367720484 1379577546195286263 1.8558089 -0.046580303 0.027538974 
313038425098784 1379577546259312142 1.8068029 -0.047855794 0.039931554 
313038487421383 1379577546322361458 1.7717988 -0.03223571 0.025004484 
313038550537513 1379577546386356820 1.7447588 -0.020346735 0.010885914 
313038614813418 1379577546449528207 1.7100819 -0.028305046 0.022559702 
313038679058802 1379577546513493050 1.6760243 -0.044004116 0.03447672 
313038742205451 1379577546576755990 1.6485555 -0.054244615 0.045673344 
313038804680655 1379577546640629281 1.6215644 -0.055178784 0.045581978 
313038868132508 1379577546703800667 1.5972235 -0.057524595 0.03174818 
313038932835699 1379577546767887582 1.5734775 -0.071836635 0.030024556 
313038994608931 1379577546831113930 1.55066 -0.08549488 0.0413883 
313039082751768 1379577546895200844 1.5260891 -0.0955441 0.04796534 
313039147454956 1379577546958311196 1.5034478 -0.09296588 0.040526476 
313039185819064 1379577547022184487 1.4848099 -0.08994964 0.017685747 
313039255252911 1379577547085447426 1.4623798 -0.10440715 0.003409616 
313039325358206 1379577547149351235 1.4398267 -0.114208296 0.002757374 
313039392350425 1379577547212553139 1.4241785 -0.11286139 -9.217756E-4 
313039465568797 1379577547276579018 1.4054761 -0.11137 -0.00950313 
313039520078183 1379577547339689369 1.3853989 -0.11404532 -0.02043704 
313039569521186 1379577547403715248 1.367663 -0.12354022 -0.0268198 
313039645272749 1379577547466856117 1.35618 -0.13336986 -0.028333042 
313039695051477 1379577547530851479 1.3543409 -0.13117655 -0.03064619 
313039756366904 1379577547594158580 1.3663721 -0.114897415 -0.03352159 
313039822077267 1379577547658001354 1.38575 -0.1063045 -0.030023208 
313039884796631 1379577547721264293 1.4016806 -0.11025144 -0.024577865 
313039969795868 1379577547785137584 1.4162731 -0.123392574 -0.02487881 
313040021772063 1379577547848308971 1.4335338 -0.13056237 -0.012961949 
313040086566813 1379577547912395885 1.4506084 -0.12648433 0.0020057089 
313040155817538 1379577547975445201 1.4681135 -0.1264813 -0.007337613 
313040205504704 1379577548039542408 1.489402 -0.12768888 -0.020701228 
313040267491580 1379577548102591725 1.5044174 -0.12704876 -0.02047509 
313040330821354 1379577548166526051 1.5015209 -0.12790833 -0.01809013 
313040394364768 1379577548229727955 1.4939846 -0.11058762 -0.019560378 
313040458640672 1379577548293692799 1.4897193 -0.09650436 -0.009744594 
313040522702933 1379577548356864186 1.4785476 -0.10162043 0.00410599 
313040584201484 1379577548420829029 1.4563005 -0.108725205 -0.004210641 
313040654032097 1379577548484000416 1.4378617 -0.10642984 -0.013977995 
313040714126709 1379577548547965260 1.4227395 -0.11062413 -0.013981596 
313040775228495 1379577548611167164 1.4091955 -0.1135633 -0.020939996 
313040838588787 1379577548675101490 1.3987494 -0.10814677 -0.038089927 
313040901827000 1379577548738272877 1.3936276 -0.09837096 -0.05587045 
313040967140596 1379577548802237721 1.3917358 -0.08814729 -0.0616819 
313041032820437 1379577548865484691 1.3885409 -0.08285318 -0.07052909 
313041095234599 1379577548929480053 1.3927046 -0.0713812 -0.08774589 
313041156153261 1379577548992620922 1.4062918 -0.063204974 -0.109866105 
313041221588941 1379577549056585766 1.4140058 -0.0845165 -0.121771015 
313041284888192 1379577549119726635 1.4123199 -0.10025047 -0.09207348 
313041346875068 1379577549183721996 1.4157425 -0.09204979 -0.048203822 
313041411059412 1379577549246923900 1.4271908 -0.090297095 -0.03554228 
313041475976244 1379577549310858227 1.4411821 -0.10218342 -0.022951286 
313041539061854 1379577549373999096 1.4506459 -0.113438725 -0.011761826 
313041601567576 1379577549437994457 1.4536959 -0.1069439 -0.032373432 
313041664531104 1379577549501196361 1.4545537 -0.08910377 -0.04565677 
313041729753140 1379577549565100170 1.4529338 -0.07208738 -0.02734591 
313041794120606 1379577549628302074 1.4465858 -0.07049785 0.0044638678 
313041857511419 1379577549692480541 1.4387746 -0.07512834 0.013193688 
313041918948928 1379577549755468822 1.4314184 -0.069464125 -0.01425645 
313041983163791 1379577549819403148 1.4232761 -0.067680426 -0.045665063 
313042046279921 1379577549882574535 1.4139134 -0.07287131 -0.05278432 
313042112295488 1379577549946569897 1.4078091 -0.08156233 -0.050757144 
313042175289535 1379577550009741283 1.4102066 -0.07766332 -0.059182603 
313042237184851 1379577550073675609 1.4192886 -0.06986853 -0.049140606 
313042300453582 1379577550136877514 1.4306902 -0.06340963 -0.03252441 
313042364393762 1379577550200811840 1.4448868 -0.068242505 -0.036272563 
313042427509893 1379577550264013744 1.4574997 -0.07742378 -0.037673783 
313042505489443 1379577550328222729 1.4626074 -0.07055697 -0.041020654 
313042581210487 1379577550391302563 1.4654983 -0.068140715 -0.051827557 
313042641518743 1379577550455389477 1.4709978 -0.07138814 -0.03741986 
313042693159213 1379577550518402295 1.4738319 -0.0688896 -0.008709996 
313042744433439 1379577550582367138 1.4701055 -0.055022836 5.9666636E-4 
313042812188665 1379577550645538525 1.4617481 -0.043399993 -0.010745785 
313042883087490 1379577550709472851 1.4517504 -0.029652482 -0.028006164 
313042947180272 1379577550772857861 1.4361908 -0.024732692 -0.03233429 
313043012097103 1379577550836914257 1.4232925 -0.034039043 -0.030312384 
313043097218423 1379577550900024609 1.422314 -0.042249035 -0.03568639 
313043134331195 1379577550963775830 1.4218781 -0.05074819 -0.040309776 
313043197630448 1379577551027038769 1.4129564 -0.06303357 -0.042946573 
313043254032096 1379577551090912060 1.3983874 -0.0769602 -0.035461526 
313043316690420 1379577551154083447 1.3874342 -0.089336924 -0.023711573 
313043395036216 1379577551218109326 1.382625 -0.09651611 -0.016913245 
313043466820131 1379577551281463818 1.3856516 -0.09700104 -0.019575037 
313043515957932 1379577551345351191 1.3960495 -0.09806529 -0.024715539 
313043574129761 1379577551408614130 1.4065192 -0.11037213 -0.02478636 
313043636940687 1379577551472853632 1.4226838 -0.1170885 -0.020921908 
313043711776639 1379577551535567255 1.4454118 -0.112946294 -0.0040961765 
313043786673635 1379577551600050898 1.4621636 -0.10725438 0.01083003 
313043851285263 1379577551662947626 1.4653466 -0.105045125 0.002310864 
313043911501956 1379577551727126093 1.4657044 -0.10736709 -0.0039635724 
313043974282363 1379577551790144892 1.4668763 -0.108739816 -5.14274E-4 
313044038375144 1379577551855269404 1.4687281 -0.092227414 0.0052262307 
313044102528968 1379577551917250605 1.4709629 -0.07226175 0.015704423 
313044174160281 1379577551981368037 1.4631903 -0.06124316 0.029355602 
313044213836765 1379577552044112177 1.446154 -0.06509919 0.03626939 
313044277105497 1379577552108778925 1.4365741 -0.075809635 0.02470033 
313044337657916 1379577552171462031 1.4330089 -0.081352875 0.006969222 
313044413470520 1379577552235213251 1.4269586 -0.094527185 -0.0028767195 
313044482751767 1379577552298750849 1.4217114 -0.109457456 -0.008169338 
313044546600385 1379577552362715693 1.4206859 -0.11951139 -0.0040074857 
313044607152803 1379577552425795527 1.4241345 -0.11063663 0.0086888615 
313044687909711 1379577552489821406 1.4365524 -0.09431045 0.012535724 
313044735948776 1379577552552840205 1.454791 -0.07699404 -0.0041096597 
313044799797394 1379577552617171259 1.476294 -0.0674584 -0.017906634 
313044863401849 1379577552680037470 1.4960923 -0.06396178 0.0068586273 
313044938298843 1379577552744276972 1.5045476 -0.05302512 0.046885632 
313044998637620 1379577552807143183 1.507017 -0.038801774 0.069010854 
313045059342640 1379577552871169062 1.509013 -0.028443519 0.07569163 
313045118094357 1379577552934401484 1.5079923 -0.030383904 0.06396361 
313045182278699 1379577552998517614 1.5043725 -0.03361059 0.04481457 
313045247897500 1379577553061689001 1.4984527 -0.030869486 0.026922321 
313045306069331 1379577553125348669 1.4917463 -0.02859599 0.018236792 
313045352460297 1379577553188459020 1.4874417 -0.03343355 0.018030893 
313045418048577 1379577553252515417 1.486314 -0.048058894 0.0338352 
313045481347830 1379577553315595251 1.4886459 -0.06383562 0.0491311 
313045559815706 1379577553379590612 1.4866564 -0.07043699 0.051671118 
313045622382470 1379577553442884069 1.481163 -0.07560533 0.04776419 
313045686658373 1379577553507154089 1.4840881 -0.080802046 0.0401942 
313045758198127 1379577553570111852 1.5011978 -0.076156296 0.036993075 
313045814630295 1379577553634137731 1.5228809 -0.07053611 0.044479296 
313045881378350 1379577553697278600 1.5294131 -0.06273806 0.06258643 
313045942205453 1379577553761365515 1.5279675 -0.05645566 0.07523281 
313045993143953 1379577553824215868 1.5362151 -0.048126552 0.04878063 
313046054520421 1379577553889615038 1.5485001 -0.058522433 0.0075996052 
313046115500127 1379577553951443652 1.5480053 -0.079523064 0.02173742 
313046192289382 1379577554015286425 1.5366364 -0.08538639 0.046427123 
313046284247265 1379577554078701952 1.5250667 -0.09369687 0.026475446 
313046318338521 1379577554142483691 1.5208318 -0.10823168 0.0059855473 
313046369521185 1379577554205624560 1.5250678 -0.120647766 0.011189578 
313046435841954 1379577554269925097 1.5318543 -0.107463025 0.012324814 
313046497432065 1379577554332821825 1.5422485 -0.08230482 -0.008462768 
313046581729333 1379577554396817187 1.5585926 -0.06606034 -0.022693196 
313046643838290 1379577554460080126 1.5675145 -0.044724476 -0.0022449312 
313046716415738 1379577554524350146 1.5659934 -0.042677797 0.037313834 
313046767232158 1379577554587185839 1.5582602 -0.051331583 0.049717247 
313046814569255 1379577554651028612 1.542302 -0.048126068 0.020040903 
313046877685384 1379577554714169482 1.527932 -0.05425188 -0.014753415 
313046941259320 1379577554778103808 1.518964 -0.065817215 -0.033221174 
313047018140137 1379577554841305712 1.5196023 -0.07615193 -0.039666373 
313047082782287 1379577554905362109 1.5273643 -0.086682364 -0.007582024 
313047182065057 1379577554968686083 1.5411758 -0.083221585 0.040027622 
313047221161655 1379577555032956103 1.5605075 -0.066632465 0.039984755 
313047263737574 1379577555095700243 1.576383 -0.068333775 0.024029024 
313047325693930 1379577555159512499 1.5857394 -0.07278428 0.020501032 
313047390885445 1379577555222775439 1.5918567 -0.06841633 0.011917388 
313047472680043 1379577555286770800 1.5974368 -0.07348967 0.006099251 
313047537444273 1379577555350125292 1.6007477 -0.08369069 0.0012172824 
313047597935651 1379577555414212206 1.5996472 -0.096303016 -0.019338483 
313047660349813 1379577555477504411 1.5936966 -0.09503597 -0.047160324 
313047724839360 1379577555541560807 1.5810955 -0.07853638 -0.06839116 
313047795982347 1379577555604457536 1.5675834 -0.06139478 -0.09412716 
313047860685537 1379577555668910661 1.5548621 -0.04746478 -0.12220272 
313047921543159 1379577555731654801 1.5406163 -0.051236752 -0.13217457 
313047959357900 1379577555795344987 1.5332515 -0.056219764 -0.1335652 
313048022809754 1379577555858607926 1.5323942 -0.05409612 -0.1500328 
313048085284956 1379577555922511735 1.5317956 -0.05976805 -0.16139723 
313048155512334 1379577555985744157 1.525205 -0.0706098 -0.12324955 
313048215637467 1379577556049647965 1.5123628 -0.07889303 -0.0567786 
313048277807466 1379577556112819352 1.4961393 -0.08312039 0.0010054368 
313048342113890 1379577556176906266 1.4870083 -0.0874077 0.03592712 
313048403490358 1379577556240000186 1.4943409 -0.09521591 0.044246543 
313048467308458 1379577556303995547 1.5102277 -0.09737163 0.036176547 
313048531431759 1379577556367136416 1.5256763 -0.102515966 0.017433435 
313048596318071 1379577556431101260 1.5380287 -0.10725131 0.019964308 
313048660075128 1379577556494364199 1.5466051 -0.09118856 0.043474045 
313048721726281 1379577556558237490 1.5475414 -0.087081455 0.059938215 
313048785147615 1379577556621439395 1.5400084 -0.09341261 0.062192436 
313048850400171 1379577556685495791 1.5289761 -0.10005733 0.061561 
313048913882546 1379577556748545108 1.5230327 -0.08762018 0.06701832 
313048976205146 1379577556812632022 1.5181526 -0.07241061 0.07047788 
313049041305099 1379577556875681338 1.509203 -0.06832958 0.08630961 
313049104604352 1379577556939646182 1.496549 -0.07110269 0.09710063 
313049168086726 1379577557002909121 1.4874932 -0.08972301 0.096040115 
313049230653490 1379577557066782412 1.4784184 -0.09814633 0.09994369 
313049295875525 1379577557130045352 1.4669883 -0.0972329 0.10819759 
313049359266339 1379577557193888125 1.4571474 -0.09689344 0.11235252 
313049422474030 1379577557257090029 1.4499424 -0.09984374 0.11386293 
313049486047965 1379577557321146426 1.436954 -0.09111832 0.10600695 
313049549957625 1379577557384226260 1.4147233 -0.04908839 0.101593174 
313049615332263 1379577557448282656 1.4091955 -0.023278078 0.101420075 
313049677380180 1379577557511362490 1.4258747 -0.034162372 0.064278826 
313049738939770 1379577557575357852 1.4509721 -0.057862 0.04807983 
313049802391625 1379577557638590274 1.4854751 -0.0799839 0.086724184 
313049864622664 1379577557702463565 1.5184213 -0.088503234 0.12149444 
313049933568186 1379577557765665469 1.539634 -0.09583813 0.1396488 
313050002055901 1379577557829691348 1.5474565 -0.1073187 0.15192 
313050077258098 1379577557892917672 1.539157 -0.120766364 0.15509905 
313050141167758 1379577557957035103 1.5210507 -0.112812646 0.14818622 
313050204955336 1379577558020053902 1.504506 -0.09857334 0.12901779 
313050246737727 1379577558084110299 1.4974655 -0.085468374 0.120772816 
313050311227273 1379577558147251168 1.4920173 -0.07635426 0.12346972 
313050376510349 1379577558211124459 1.4854785 -0.08206491 0.11630922 
313050439626479 1379577558274417916 1.4819132 -0.08248047 0.09964528 
313050525938091 1379577558338321724 1.478888 -0.06813423 0.07996453 
313050594639451 1379577558401462594 1.483658 -0.051908482 0.07106409 
313050633766568 1379577558465396920 1.5104604 -0.048707962 0.075286634 
313050700423061 1379577558528629342 1.5349677 -0.053507756 0.07281575 
313050767812043 1379577558592655221 1.5448937 -0.04220328 0.06698167 
313050821161653 1379577558655962345 1.548347 -0.03225872 0.07067357 
313050882812807 1379577558719744084 1.5495245 -0.02843044 0.084473915 
313050944921764 1379577558782945988 1.5577943 -0.033101857 0.09264998 
313051012799072 1379577558846910832 1.5658201 -0.045286525 0.08475005 
313051077319139 1379577558910143254 1.5672336 -0.044703074 0.091319494 
313051137444272 1379577558974047062 1.565765 -0.048978124 0.09800013 
313051203917644 1379577559037218449 1.565324 -0.059321173 0.08435486 
313051271825472 1379577559101305363 1.5663215 -0.06038071 0.08127007 
313051326395898 1379577559164354679 1.5659001 -0.07231244 0.093614615 
313051393510197 1379577559228472111 1.5628184 -0.078224204 0.1007672 
313051454062615 1379577559291551945 1.5558432 -0.068559416 0.09335081 
313051519864538 1379577559355486271 1.5452502 -0.06878759 0.091006964 
313051580905282 1379577559418688176 1.5349768 -0.064119086 0.10165712 
313051645272748 1379577559482591984 1.5221094 -0.0734675 0.108109385 
313051708144715 1379577559545732853 1.5162238 -0.07852167 0.089982286 
313051780264355 1379577559608202336 1.5178673 -0.06315267 0.069062956 
313051836147157 1379577559672899601 1.5212432 -0.06423316 0.07351301 
313051901460753 1379577559737108586 1.5232471 -0.0776465 0.07970979 
313051964119078 1379577559800127384 1.5266173 -0.0849915 0.07852018 
313052028120300 1379577559864031193 1.531597 -0.08354729 0.07873871 
313052092090999 1379577559927263615 1.5390036 -0.08050183 0.08121543 
313052154871405 1379577559991167424 1.5519569 -0.0766337 0.08771297 
313052219666155 1379577560054369328 1.5642092 -0.07527737 0.07601245 
313052282324480 1379577560118303654 1.5724493 -0.08699919 0.061150152 
313052346722466 1379577560181444523 1.5783062 -0.095406145 0.06437406 
313052411761379 1379577560245378849 1.5794059 -0.09872174 0.0684706 
313052474755428 1379577560308762581 1.5769945 -0.102384366 0.07547139 
313052537810516 1379577560372818978 1.574106 -0.10750779 0.09209465 
313052599492189 1379577560435898812 1.5700046 -0.10837559 0.104300775 
313052665110991 1379577560499833138 1.5675718 -0.10375687 0.09060737 
313052732194768 1379577560563096077 1.5678507 -0.09429487 0.07073651 
313052790732842 1379577560626969368 1.5633398 -0.106066115 0.045901664 
313052857389335 1379577560690171273 1.5576578 -0.12436702 0.029654661 
313052919528815 1379577560754227669 1.5602876 -0.1287152 0.032775704 
313052982492342 1379577560816361458 1.562959 -0.1433594 0.043539193 
313053044845462 1379577560881333382 1.5642792 -0.15730177 0.055051185 
313053107686908 1379577560944413216 1.5657651 -0.16655272 0.048837006 
313053172206977 1379577561008408577 1.5637091 -0.17617458 0.041738465 
313053236849125 1379577561071640999 1.5580276 -0.18323511 0.05358129 
313053297584665 1379577561135589968 1.5544508 -0.18366943 0.06711595 
313053365278851 1379577561198791872 1.5571547 -0.17874935 0.06803897 
313053428333941 1379577561262726199 1.566667 -0.17874643 0.05113026 
313053493098172 1379577561325958621 1.5755829 -0.18861477 0.049030337 
313053555970138 1379577561389984499 1.576365 -0.19896434 0.08772357 
313053617957014 1379577561453033816 1.5718743 -0.19966349 0.12391697 
313053680920542 1379577561517120730 1.5653214 -0.1965598 0.14352632 
313053743548347 1379577561580170046 1.5643257 -0.18813516 0.1464896 
313053807549568 1379577561644165408 1.5677675 -0.17883167 0.13517398 
313053871764431 1379577561707367312 1.5637696 -0.1748753 0.12924922 
313053936406579 1379577561771271121 1.5486912 -0.17177527 0.12885582 
313053996806396 1379577561834534060 1.5336037 -0.16673145 0.1302746 
313054060593976 1379577561898376833 1.5186985 -0.1729741 0.123838484 
313054127036826 1379577561961578738 1.5039369 -0.18586686 0.12162521 
313054211089930 1379577562025452029 1.494575 -0.18604527 0.12229683 
313054252231392 1379577562088714968 1.4843526 -0.18501051 0.12381219 
313054315561165 1379577562152771365 1.4701222 -0.1858303 0.13014853 
313054378799377 1379577562215912234 1.4542122 -0.18518081 0.11760424 
313054445577951 1379577562279816042 1.4516749 -0.17768955 0.08086107 
313054507107022 1379577562343048464 1.4685858 -0.16282961 0.038315233 
313054569948468 1379577562406952273 1.5003256 -0.14589481 0.026226502 
313054635719871 1379577562470123660 1.5257841 -0.13800994 0.038995534 
313054699263286 1379577562534057986 1.537673 -0.13641162 0.045523703 
313054766987993 1379577562597229372 1.549944 -0.14587851 0.038949285 
313054837032247 1379577562661346804 1.5630233 -0.15841304 0.0460301 
313054891602674 1379577562724487673 1.5678325 -0.16551226 0.058517 
313054957801360 1379577562788509777 1.5667742 -0.17256929 0.06164333 
313055018109615 1379577562851681164 1.5657983 -0.17577149 0.072380245 
313055082965408 1379577562915615490 1.5572886 -0.17970952 0.08716853 
313055142358052 1379577562978817394 1.5402089 -0.17883797 0.090033 
313055207030721 1379577563042782238 1.5243227 -0.16154288 0.070632875 
313055271886512 1379577563105953625 1.5174823 -0.14070137 0.04622636 
313055334911080 1379577563169918469 1.5091221 -0.13440642 0.036153026 
313055395646622 1379577563233089855 1.4961236 -0.14143845 0.040742714 
313055462547278 1379577563297054699 1.4912553 -0.14021288 0.029496133 
313055526701102 1379577563360226086 1.4930704 -0.13412577 7.1888865E-4 
313055587986009 1379577563424190930 1.4906616 -0.14130084 -0.012995159 
313055652109312 1379577563487362316 1.4809105 -0.15087801 -0.008076102 
313055714218269 1379577563551327160 1.4729954 -0.15297492 -0.0030364534 
313055779714987 1379577563614541326 1.4640752 -0.15090376 0.013412487 
313055844235054 1379577563678567205 1.4581444 -0.13219757 0.036134448 
313055906832338 1379577563741708074 1.4623623 -0.11327534 0.048344348 
313055971901772 1379577563805672918 1.4730954 -0.10463388 0.05346218 
313056034773740 1379577563868935857 1.4838334 -0.10972419 0.044821195 
313056096333330 1379577563932809149 1.4943491 -0.12023254 0.036696587 
313056162196294 1379577563996041570 1.5022846 -0.12096688 0.035693094 
313056223481201 1379577564059945379 1.503506 -0.12300937 0.033401813 
313056286505771 1379577564123116766 1.4998692 -0.13216388 0.03644789 
313056350293349 1379577564187173162 1.4972725 -0.13145429 0.042937 
313056416156311 1379577564250252996 1.492877 -0.13101809 0.04320745 
313056478173708 1379577564314339910 1.4922048 -0.13208482 0.03637539 
313056542602214 1379577564377419744 1.4989315 -0.12065468 0.028523356 
313056606115110 1379577564441354070 1.5087781 -0.11852467 0.0176383 
313056668163027 1379577564504586492 1.518021 -0.12699904 -0.0026809638 
313056734331195 1379577564568490301 1.5191422 -0.13535123 -0.012664259 
313056795158296 1379577564631692205 1.5182205 -0.14360158 -0.024366394 
313056869048117 1379577564695718084 1.5187707 -0.15188046 -0.034056354 
313056924778318 1379577564758797918 1.5150094 -0.1568729 -0.018920237 
313056987406121 1379577564822945867 1.5036094 -0.16074234 0.0046763755 
313057050644333 1379577564885934149 1.4940271 -0.15897086 0.017023461 
313057115866368 1379577564950021063 1.493261 -0.1589764 0.019604906 
313057176632430 1379577565013100897 1.4957052 -0.15864618 0.02267925 
313057242251230 1379577565077035223 1.4974731 -0.14999714 0.032550532 
313057305397882 1379577565140298162 1.4982774 -0.14756429 0.04336745 
313057370741998 1379577565204349828 1.5062213 -0.1616238 0.04963351 
313057434682179 1379577565267582250 1.5185004 -0.17466407 0.052132387 
313057494746271 1379577565331455541 1.5295647 -0.17744759 0.057827752 
313057578372090 1379577565394596410 1.535581 -0.18271211 0.07315991 
313057640053763 1379577565458683324 1.5250626 -0.1903476 0.088435024 
313057705275799 1379577565521763158 1.5031064 -0.20149975 0.093034655 
313057766255504 1379577565585697484 1.4817541 -0.20522717 0.08493439 
313057834895821 1379577565648960423 1.4595089 -0.19273587 0.06637787 
313057916690419 1379577565712894750 1.4365709 -0.17282471 0.052651994 
313057965645096 1379577565776127172 1.409182 -0.15864983 0.042084478 
313058017255045 1379577565840000463 1.379579 -0.14500779 0.027546344 
313058102223763 1379577565903171849 1.3577112 -0.12651275 0.024536317 
313058155176608 1379577565967258763 1.3398834 -0.10875178 0.026209928 
313058197752527 1379577566030381450 1.3250897 -0.09331495 0.01748518 
313058270848819 1379577566094346293 1.3065393 -0.083000936 0.002155215 
313058320688587 1379577566157487163 1.2848634 -0.077003874 -0.013589169 
313058383713157 1379577566221452006 1.2627233 -0.07097391 -0.021836469 
313058461173861 1379577566284714946 1.2376236 -0.060528792 -0.025708804 
313058544586039 1379577566348618754 1.22648 -0.034596123 -0.028008118 
313058591984177 1379577566411881694 1.221422 -0.020009985 -0.010100648 
313058671489746 1379577566475785502 1.2062097 -0.033291146 0.014022111 
313058704177067 1379577566538926372 1.1829302 -0.052113537 0.023983208 
313058766469146 1379577566603013286 1.1502241 -0.060393944 0.03998817 
313058831660661 1379577566666093120 1.1083767 -0.06541067 0.047317944 
313058895906044 1379577566730149516 1.0549512 -0.06628242 0.049047716 
313058958930613 1379577566793290385 0.994684 -0.06283812 0.0505657 
313059022229867 1379577566857163676 0.92977226 -0.0643687 0.044042815 
313059085407037 1379577566920426616 0.8631105 -0.0670122 0.040868018 
313059147821198 1379577566984299907 0.7964254 -0.050578818 0.03854225 
313059211364614 1379577567047532329 0.7372522 -0.029267414 0.051258136 
313059275152191 1379577567111558208 0.67253244 -0.028905123 0.07739999 
313059339641739 1379577567174607524 0.5948708 -0.032382276 0.089187466 
313059403063072 1379577567238663920 0.5132986 -0.030969264 0.09277057 
313059467613659 1379577567301713237 0.43916163 -0.034265768 0.09262062 
313059535582529 1379577567365708598 0.371642 -0.039941803 0.08815092 
313059592258860 1379577567428910502 0.30981517 -0.043313608 0.07569338 
313059656260082 1379577567492875346 0.2535895 -0.047921322 0.065212704 
313059719803496 1379577567556107768 0.20917062 -0.058975678 0.07030943 
313059785086573 1379577567620128857 0.17968173 -0.05803767 0.07153711 
313059846951367 1379577567683300244 0.16688839 -0.048090562 0.05582326 
313059911257792 1379577567747356640 0.16308682 -0.04394835 0.050891355 
313059976968154 1379577567810436474 0.16056727 -0.051071987 0.059134714 
313060046585122 1379577567874523388 0.15392716 -0.06467518 0.07301205 
313060122580850 1379577567937633740 0.13788718 -0.06820767 0.081331946 
313060182004016 1379577568001507031 0.11944385 -0.06764052 0.07125331 
313060244998063 1379577568064769970 0.12399897 -0.06125421 0.061257042 
313060309151886 1379577568128673779 0.1414215 -0.04886526 0.06669866 
313060378707815 1379577568191875683 0.14252433 -0.045158144 0.07575203 
313060448599467 1379577568255810009 0.13204896 -0.038208637 0.077722184 
313060484186222 1379577568319011914 0.11605942 -0.038418833 0.091486946 
313060555664934 1379577568383037793 0.09289054 -0.05234256 0.11044622 
313060612066582 1379577568446190974 0.06751084 -0.07539303 0.12198935 
313060675152191 1379577568510155817 0.04563098 -0.09613233 0.13585757 
313060736864384 1379577568573418757 0.026035111 -0.10217876 0.14338619 
313060801598095 1379577568637292048 0.003986677 -0.11412317 0.12845421 
313060905245279 1379577568700554987 -0.017176224 -0.13447095 0.10310538 
313060943060020 1379577568764458796 -0.03076771 -0.14208145 0.07574655 
313061017132963 1379577568827630183 -0.03278562 -0.12943947 0.07022648 
313061060746575 1379577568891686579 -0.032563724 -0.10268415 0.09862969 
313061128868047 1379577568954766413 -0.041765746 -0.0906493 0.13339783 
313061182889106 1379577569018822810 -0.05490651 -0.09604245 0.14047718 
313061246951367 1379577569081902644 -0.053585693 -0.09556324 0.10360431 
313061311562996 1379577569145836970 -0.041521206 -0.09352401 0.071443565 
313061375350573 1379577569209099909 -0.029815609 -0.091743544 0.07396742 
313061436360799 1379577569272973200 -0.029339591 -0.09235721 0.06426704 
313061501888037 1379577569336236140 -0.032517876 -0.09251596 0.059233114 
313061565278851 1379577569400139948 -0.036693245 -0.095656745 0.070081964 
313061628211859 1379577569463280817 -0.049488656 -0.09415772 0.07049463 
313061692396201 1379577569527367731 -0.06613524 -0.08407436 0.058078054 
313061755664934 1379577569590417048 -0.077069715 -0.07545457 0.05974333 
313061819910317 1379577569654534479 -0.088485114 -0.078927815 0.06278098 
313061883606334 1379577569717858454 -0.09883784 -0.08519548 0.052319348 
313061945410088 1379577569782067438 -0.10442381 -0.08815064 0.047182295 
313062011700337 1379577569844781062 -0.11438005 -0.09729291 0.052695315 
313062075304793 1379577569908684870 -0.12906626 -0.105216816 0.051164627 
313062137230628 1379577569971917292 -0.14353201 -0.11163592 0.038620178 
313062199919474 1379577570036002021 -0.15360317 -0.118738964 0.028588936 
313062262699879 1379577570099051337 -0.15543085 -0.112870514 0.019422209 
313062328410240 1379577570163168769 -0.1498128 -0.09258781 0.0064738463 
313062392319900 1379577570226218085 -0.14124762 -0.07211495 0.008196531 
313062455313949 1379577570290182929 -0.13609543 -0.07413572 0.013451031 
313062519986620 1379577570353445868 -0.12734985 -0.088220805 0.012719414 
313062582522862 1379577570417349677 -0.11432441 -0.08735271 0.019555837 
313062645730552 1379577570480582099 -0.108251974 -0.082483314 0.027769722 
313062707961591 1379577570544485907 -0.112737775 -0.08581818 0.042997237 
313062773610912 1379577570607626777 -0.12093282 -0.092863984 0.05355257 
313062836757564 1379577570671683173 -0.12901275 -0.0915897 0.050283402 
313062900148377 1379577570734793525 -0.13978432 -0.07672683 0.04473949 
313062962532018 1379577570798849921 -0.14769678 -0.06431516 0.04477584 
313063026838442 1379577570862035899 -0.15899017 -0.06624525 0.052598123 
313063093983260 1379577570926000742 -0.17866567 -0.070996456 0.06476302 
313063153192785 1379577570990575938 -0.19855079 -0.06750374 0.06069186 
313063218292738 1379577571053167490 -0.21461967 -0.060989868 0.044098835 
313063279882849 1379577571116399912 -0.22684392 -0.05932939 0.037032515 
313063345165925 1379577571180273203 -0.23773153 -0.066907145 0.04227626 
313063408343097 1379577571243444590 -0.24705106 -0.08371838 0.051162627 
313063473992417 1379577571307508677 -0.2516234 -0.097650036 0.05397746 
313063536437098 1379577571370588511 -0.2457764 -0.09723351 0.061735228 
313063609045064 1379577571434950083 -0.22854403 -0.09283759 0.07130832 
313063673687214 1379577571497968882 -0.21090537 -0.09206241 0.07091609 
313063733171419 1379577571562025279 -0.19558378 -0.08862852 0.06641335 
313063816644637 1379577571625166148 -0.1764186 -0.08740179 0.07112061 
313063875243751 1379577571689100474 -0.15652584 -0.09000949 0.082339495 
313063934972120 1379577571752271861 -0.14580287 -0.08812567 0.080512494 
313064002513705 1379577571816419810 -0.14616738 -0.086263366 0.06190127 
313064060777095 1379577571879377573 -0.15599938 -0.08884109 0.047442157 
313064106191410 1379577571943159312 -0.17060463 -0.085572384 0.043597262 
313064176418787 1379577572006300181 -0.17858991 -0.076797746 0.037114147 
313064235323105 1379577572070203990 -0.1795129 -0.06812532 0.03291827 
313064306801819 1379577572133509734 -0.18440266 -0.071922585 0.0350702 
313064384659287 1379577572197932342 -0.19207454 -0.08559265 0.040496122 
313064447226052 1379577572260890105 -0.19794963 -0.09578053 0.04407614 
313064537291671 1379577572324915984 -0.20317364 -0.09904796 0.048248272 
313064555603894 1379577572387904266 -0.2082618 -0.10056302 0.04505427 
313064619299911 1379577572452815154 -0.20900609 -0.1096646 0.031938683 
313064680554300 1379577572514887908 -0.20081896 -0.10789404 0.0103108995 
313064744982807 1379577572579585174 -0.18468793 -0.097739644 -7.2073995E-4 
313064825342946 1379577572642054656 -0.16677107 -0.09222122 0.03436442 
313064883362173 1379577572705988982 -0.1569059 -0.08465613 0.097575136 
313064957221474 1379577572769465545 -0.15470643 -0.08321477 0.120709926 
313065019574594 1379577572833613494 -0.15082087 -0.09401305 0.09735147 
313065065873999 1379577572896296600 -0.14763953 -0.10132844 0.085064195 
313065126609540 1379577572960322479 -0.14886352 -0.100403555 0.087410815 
313065188779538 1379577573023402313 -0.15075397 -0.09628492 0.08325175 
313065295173555 1379577573087794402 -0.15162115 -0.09599421 0.0753366 
313065323710103 1379577573150752166 -0.15643391 -0.08575471 0.07275026 
313065383468993 1379577573214472869 -0.16205771 -0.07000648 0.051625732 
313065446432520 1379577573278346160 -0.16785158 -0.07237539 0.022971613 
313065506069328 1379577573341822723 -0.16822009 -0.08398205 0.014367122 
313065598210333 1379577573404933074 -0.1617696 -0.086107634 0.017039947 
313065648599467 1379577573469111541 -0.16045164 -0.09008217 0.025267145 
313065714584512 1379577573532191375 -0.16632086 -0.09573011 0.026242172 
313065777517520 1379577573596369842 -0.17507511 -0.102544546 0.017369427 
313065839504396 1379577573659327605 -0.1803076 -0.10752733 0.009498201 
313065915011798 1379577573723445037 -0.17884922 -0.1076946 0.002823793 
313065974618084 1379577573786645355 -0.15987705 -0.102521226 0.0010810524 
313066058762751 1379577573850884856 -0.13491754 -0.101055846 0.0034314136 
313066076586648 1379577573913567962 -0.12733388 -0.108931325 -0.0030676953 
313066144189273 1379577573977807464 -0.12645738 -0.11055754 -0.02696286 
313066208648300 1379577574041192474 -0.121831946 -0.10600397 -0.053255342 
313066274236582 1379577574104974212 -0.120556176 -0.10522312 -0.078651436 
313066331492799 1379577574167779388 -0.12524597 -0.10356824 -0.13369006 
313066394151123 1379577574231835784 -0.12775119 -0.10021839 -0.18518732 
313066458762751 1379577574294915618 -0.13380904 -0.10549159 -0.1628223 
313066533476623 1379577574358880462 -0.15298781 -0.11451252 -0.08712281 
313066585971663 1379577574422143401 -0.17730336 -0.10394809 -0.015128632 
313066649484557 1379577574486047210 -0.2054497 -0.088880375 0.023590097 
313066715072837 1379577574549385206 -0.22805576 -0.09084174 0.028827697 
313066778250008 1379577574613258497 -0.23747806 -0.08832161 0.028412808 
313066841549262 1379577574676429884 -0.2406075 -0.08640971 0.043425553 
313066904390707 1379577574740486280 -0.24195464 -0.09151063 0.067396104 
313066966957472 1379577574803596632 -0.24301572 -0.093871534 0.07571202 
313067036147155 1379577574867653028 -0.24280164 -0.0927362 0.05450415 
313067096180727 1379577574930763380 -0.24008426 -0.09608523 0.027415965 
313067160181949 1379577574994738463 -0.24043833 -0.09630348 0.030887682 
313067223206517 1379577575058031920 -0.23978677 -0.08942956 0.06241854 
313067285620678 1379577575121874694 -0.23276763 -0.07962433 0.065441415 
313067351269999 1379577575185107116 -0.21437663 -0.08454711 0.031545624 
313067414996536 1379577575249010924 -0.18761666 -0.09968919 0.019015238 
313067477288617 1379577575312182311 -0.16460136 -0.09436964 0.025093405 
313067539977461 1379577575376177672 -0.14725806 -0.09046044 0.031112285 
313067604528050 1379577575439349059 -0.14040981 -0.099192366 0.055237282 
313067668864994 1379577575503405455 -0.14103884 -0.10953143 0.07377018 
313067731553839 1379577575566424254 -0.14527167 -0.099507265 0.06504855 
313067796318068 1379577575630419616 -0.16010025 -0.087780796 0.061549447 
313067857297772 1379577575693682555 -0.17221127 -0.08619098 0.08900998 
313067921054830 1379577575757555846 -0.18056689 -0.07946451 0.11788522 
313067986368427 1379577575820802900 -0.19265226 -0.07979733 0.122127175 
313068046859805 1379577575884676191 -0.20344414 -0.07814885 0.10544984 
313068129112209 1379577575947878095 -0.2118043 -0.07454496 0.088185325 
313068193906960 1379577576011903974 -0.21769294 -0.08670587 0.08724172 
313068259769922 1379577576075014326 -0.2198647 -0.09926786 0.09462567 
313068324412072 1379577576138979170 -0.22099039 -0.10060205 0.09670749 
313068385422296 1379577576202181074 -0.22210778 -0.10391091 0.09371824 
313068430561927 1379577576266115400 -0.22057933 -0.09781612 0.09390157 
313068496302808 1379577576329378339 -0.21141383 -0.09445716 0.08389886 
313068556916268 1379577576393251630 -0.19559903 -0.09760753 0.06785236 
313068621405816 1379577576456423017 -0.17990275 -0.079388976 0.067840695 
313068684369343 1379577576520509931 -0.16885519 -0.065686084 0.08308685 
313068748797849 1379577576583589765 -0.16735199 -0.07154626 0.10690048 
313068818628460 1379577576647676679 -0.17237397 -0.07677639 0.1226471 
313068884705066 1379577576710695478 -0.17925347 -0.082027406 0.13819034 
313068961219641 1379577576774660322 -0.19157857 -0.08237785 0.14908348 
313069022412987 1379577576837923261 -0.20536277 -0.0800237 0.14139673 
313069067491577 1379577576901796552 -0.2168899 -0.06720061 0.13059825 
313069132072685 1379577576965090009 -0.22670527 -0.06380526 0.1393965 
313069195555059 1379577577028993818 -0.23542668 -0.07070919 0.15227355 
313069257938701 1379577577092134687 -0.2428708 -0.05746514 0.1297191 
313069319834015 1379577577156191084 -0.24271996 -0.043174848 0.09458421 
313069384262522 1379577577219270918 -0.24349664 -0.03671401 0.08238285 
313069448355304 1379577577283327314 -0.25417444 -0.043472942 0.08865812 
313069512112361 1379577577346468183 -0.26188672 -0.05282718 0.09660065 
313069576418786 1379577577410371992 -0.26230666 -0.050475422 0.09905995 
313069638375141 1379577577473816758 -0.2632525 -0.05202792 0.097033046 
313069701765955 1379577577535889512 -0.2590956 -0.045678955 0.09519443 
313069764851565 1379577577600891953 -0.24678503 -0.04694955 0.07763606 
313069838344620 1379577577664826279 -0.23495108 -0.06168873 0.06073211 
313069892304640 1379577577728028183 -0.22698756 -0.064270586 0.06418874 
313069960792355 1379577577792176133 -0.22160146 -0.07006501 0.06684386 
313070018994705 1379577577855133896 -0.22132412 -0.075821765 0.069614105 
313070082538120 1379577577919068222 -0.22768906 -0.08329093 0.080223955 
313070148156920 1379577577982361680 -0.23624203 -0.09015082 0.088411525 
313070225709187 1379577578046234971 -0.24419332 -0.080102794 0.09197529 
313070273229406 1379577578109467392 -0.25136283 -0.072406724 0.09445965 
313070341167755 1379577578173401719 -0.25933918 -0.05570833 0.10045315 
313070399705830 1379577578236542588 -0.27403453 -0.050407458 0.10270618 
313070467522097 1379577578300613687 -0.28518754 -0.06474521 0.090755 
313070536742302 1379577578363693521 -0.28584328 -0.06466068 0.08206493 
313070591801054 1379577578427780435 -0.28682247 -0.069457546 0.082335055 
313070657694537 1379577578490860269 -0.2910199 -0.081393786 0.07365517 
313070719437250 1379577578554764078 -0.29108644 -0.0890908 0.07262515 
313070782156617 1379577578618027017 -0.28645897 -0.09013773 0.08118291 
313070847226050 1379577578681991861 -0.27854735 -0.084817365 0.09383109 
313070922519808 1379577578744064615 -0.27018678 -0.081204735 0.094384655 
313070975991500 1379577578809189127 -0.2612875 -0.08728192 0.06629281 
313071038222540 1379577578872238443 -0.25104502 -0.08457114 0.059179746 
313071099385366 1379577578936294840 -0.24166246 -0.076092064 0.07974944 
313071164821044 1379577578999374674 -0.24084508 -0.078895815 0.086354196 
313071228944347 1379577579063339517 -0.24643925 -0.08190099 0.086580016 
313071291816313 1379577579126541422 -0.25260106 -0.086345874 0.084647715 
313071355054526 1379577579190475748 -0.2607223 -0.086961105 0.07914403 
313071417438166 1379577579253738687 -0.27088547 -0.0822391 0.06002854 
313071481256265 1379577579317611978 -0.27054223 -0.07702762 0.03565218 
313071545989973 1379577579380783365 -0.2637478 -0.062391005 0.024284508 
313071611456174 1379577579444931314 -0.26675013 -0.063752756 0.01183672 
313071673168366 1379577579507919595 -0.2730077 -0.075142436 0.0058258027 
313071737200107 1379577579572006509 -0.27659687 -0.07380207 0.0071434504 
313071799278544 1379577579635086343 -0.28645816 -0.07389064 0.007347639 
313071862913522 1379577579699020670 -0.3017387 -0.07367657 0.022431578 
313071926029651 1379577579762283609 -0.31380817 -0.07884245 0.038679846 
313071993143949 1379577579826187418 -0.31511304 -0.08494765 0.040365763 
313072055680192 1379577579889419840 -0.30791688 -0.07047995 0.039139647 
313072117056662 1379577579953106175 -0.29800218 -0.06302897 0.0364862 
313072180050711 1379577580016643773 -0.29237297 -0.06420778 0.025142876 
313072245791592 1379577580080730687 -0.28302884 -0.06975661 0.005062914 
313072308877201 1379577580143841038 -0.26294395 -0.09416182 -0.0032766378 
313072372023851 1379577580207775365 -0.23883975 -0.10724506 0.008058044 
313072434834780 1379577580271038304 -0.22381446 -0.11791725 0.021881696 
313072499782131 1379577580334911595 -0.21687865 -0.13687877 0.026414933 
313072563356066 1379577580398174534 -0.21103257 -0.15279213 0.0152385635 
313072627418327 1379577580462078343 -0.20912725 -0.16600235 -0.007176622 
313072688672714 1379577580525219212 -0.21353517 -0.1626009 -0.023160825 
313072758320206 1379577580589275609 -0.22283256 -0.16042784 -0.021305582 
313072816095270 1379577580652355443 -0.23443851 -0.1617091 -0.01684757 
313072887085655 1379577580716320286 -0.25189272 -0.16634479 -0.016269159 
313072944006149 1379577580779503950 -0.27215812 -0.17026454 -0.016567463 
313073007274881 1379577580843468794 -0.29033807 -0.16502361 -0.012958044 
313073072008592 1379577580906640181 -0.30737725 -0.16553532 -0.005526304 
313073133507142 1379577580970605024 -0.32078817 -0.16690822 -0.0024430254 
313073197783046 1379577581033776411 -0.33111325 -0.16441621 0.0046667666 
313073269414360 1379577581097710737 -0.3394441 -0.16303074 0.013281852 
313073325358202 1379577581160912642 -0.33941203 -0.15523764 0.015208299 
313073391404288 1379577581224908003 -0.33330327 -0.15174785 0.013990919 
313073454459377 1379577581288048872 -0.32193595 -0.1603952 0.006356587 
313073517148223 1379577581352013716 -0.30476123 -0.17023066 0.0053587197 
313073577364917 1379577581415185102 -0.29298925 -0.17750283 0.015260405 
313073643868808 1379577581479180464 -0.29088122 -0.18092313 0.021959268 
313073707992110 1379577581542321333 -0.29525062 -0.17645486 0.038774837 
313073772634260 1379577581606316694 -0.3060425 -0.16690539 0.06462251 
313073835048420 1379577581669457563 -0.3211176 -0.15620756 0.07183847 
313073898286633 1379577581733422407 -0.33293188 -0.1370509 0.056990623 
313073962104731 1379577581796593794 -0.3349085 -0.11480707 0.04656346 
313074024610454 1379577581860558638 -0.33222714 -0.10973598 0.053510983 
313074088733756 1379577581923730024 -0.33067796 -0.1202812 0.065724544 
313074155512330 1379577581987816938 -0.31845382 -0.124124736 0.07380726 
313074216827758 1379577582050896772 -0.29448554 -0.10924251 0.07287259 
313074280127010 1379577582114831099 -0.27367213 -0.097769305 0.06985058 
313074348431604 1379577582178063520 -0.26468116 -0.10382129 0.064292185 
313074407763208 1379577582241967329 -0.26189885 -0.11415285 0.045682434 
313074468346146 1379577582305199751 -0.2588494 -0.12490266 0.031797905 
313074535765650 1379577582369281943 -0.2543332 -0.12745264 0.020582221 
313074597844086 1379577582432453330 -0.24202707 -0.12190539 -2.6723038E-4 
313074660288769 1379577582496540244 -0.22842266 -0.11671816 -0.014060914 
313074724747795 1379577582559620078 -0.21756122 -0.12426907 -0.017548174 
313074786032702 1379577582623676474 -0.20805542 -0.14016785 -0.020668264 
313074849392995 1379577582686756308 -0.20275876 -0.1441287 -0.014206064 
313074914706592 1379577582750721152 -0.20404324 -0.14537145 -6.0364767E-4 
313074978616253 1379577582813953574 -0.21712892 -0.1445282 0.016003277 
313075054245734 1379577582877918418 -0.23381664 -0.14058566 0.034733966 
313075106893378 1379577582941211875 -0.24834217 -0.14172187 0.04958738 
313075168727652 1379577583005115683 -0.26012284 -0.13710436 0.05223899 
313075232789912 1379577583068165000 -0.26769143 -0.13143416 0.05072908 
313075295326157 1379577583132221396 -0.26736188 -0.13193582 0.048067674 
313075361402762 1379577583195313518 -0.26967221 -0.14547068 0.03992917 
313075422687670 1379577583259278362 -0.28086656 -0.15931685 0.031337734 
313075487787623 1379577583322541301 -0.28334886 -0.15674965 0.018074425 
313075550720631 1379577583386414592 -0.27936992 -0.1507514 0.004086951 
313075613897803 1379577583449677532 -0.28049186 -0.15133731 -0.0053072907 
313075677044453 1379577583513581340 -0.28671733 -0.15581158 -0.019500852 
313075741015154 1379577583576722209 -0.2895303 -0.161001 -0.037581146 
313075805046894 1379577583640748088 -0.28697932 -0.17249067 -0.04954671 
313075878082146 1379577583703888957 -0.28433642 -0.1704926 -0.051127728 
313075934056509 1379577583767914836 -0.28338686 -0.16385971 -0.03842855 
313075997233679 1379577583830994670 -0.28193423 -0.16570145 -0.018828373 
313076060532931 1379577583894959514 -0.28405836 -0.16935045 2.236812E-4 
313076123649061 1379577583958222454 -0.28472224 -0.17103443 0.01133065 
313076185574896 1379577584022095745 -0.2768054 -0.18140809 0.012002555 
313076249087792 1379577584085358684 -0.26512527 -0.19747156 0.018874267 
313076315805325 1379577584149231975 -0.25539267 -0.21146554 0.035410613 
313076376723989 1379577584212433879 -0.2572491 -0.21640106 0.04338562 
313076442037585 1379577584276368206 -0.27493095 -0.19979136 0.0369552 
313076504940073 1379577584339539592 -0.29806668 -0.16902995 0.05028243 
313076568514008 1379577584403473918 -0.31838503 -0.14479591 0.068612605 
313076632179505 1379577584466767375 -0.33189413 -0.13574526 0.065467454 
313076695265115 1379577584530640666 -0.3364213 -0.12304097 0.058617856 
313076757770838 1379577584593903606 -0.33317935 -0.11266866 0.05102274 
313076823359118 1379577584657960002 -0.32714728 -0.1097603 0.044831716 
313076884857669 1379577584721070354 -0.32134366 -0.104130924 0.045054823 
313076950903754 1379577584785216111 -0.31604588 -0.10272199 0.044220243 
313077014080924 1379577584848295945 -0.31021637 -0.106851175 0.03365437 
313077077715901 1379577584912382859 -0.30513176 -0.09885988 0.0340634 
313077140343705 1379577584975432176 -0.3016915 -0.08839943 0.0454214 
313077203032550 1379577585039427537 -0.29658103 -0.08687859 0.049016245 
313077266148679 1379577585102659959 -0.2877041 -0.093458295 0.042015642 
313077329936257 1379577585166563767 -0.2789144 -0.099166796 0.049585212 
313077394181642 1379577585229796189 -0.27748817 -0.0937661 0.07666334 
313077457633496 1379577585293699998 -0.2831478 -0.08868288 0.09018132 
313077520291820 1379577585356840867 -0.29275575 -0.08485133 0.08727425 
313077585696978 1379577585420805711 -0.30113953 -0.081184395 0.08528772 
313077649118311 1379577585483977097 -0.3069796 -0.07755905 0.08690381 
313077712692248 1379577585548064012 -0.31437805 -0.056295846 0.09121205 
313077776846070 1379577585611097389 -0.31726414 -0.03249415 0.11351264 
313077838863467 1379577585675092750 -0.31751364 -0.020885369 0.1317616 
313077902254280 1379577585738233619 -0.33156765 -0.024576155 0.1294741 
313077965889256 1379577585802198463 -0.35236114 -0.03191403 0.12640983 
313078028761224 1379577585865369850 -0.3625639 -0.033430718 0.11716694 
313078095478757 1379577585929334694 -0.36990905 -0.039402064 0.09027921 
313078155085044 1379577585992506080 -0.38327706 -0.048988678 0.06374354 
313078218750541 1379577586056440406 -0.40324527 -0.06280457 0.05789886 
313078282141354 1379577586119642311 -0.42413846 -0.07843074 0.06256978 
313078348675767 1379577586183637672 -0.44710085 -0.081962 0.069167644 
313078412005538 1379577586246778541 -0.46862298 -0.06896614 0.05959919 
313078475548954 1379577586310743385 -0.488802 -0.05719378 0.06505409 
313078538970288 1379577586373914772 -0.524767 -0.060142566 0.06602415 
313078603307233 1379577586437971168 -0.58763444 -0.057108834 0.045457862 
313078666606485 1379577586500989967 -0.66879404 -0.037962116 0.033048805 
313078728349198 1379577586565015846 -0.75862366 -0.021333976 0.019676087 
313078794517365 1379577586628187233 -0.84961444 -0.013027989 0.010446565 
313078905550479 1379577586692152076 -0.9421787 -0.018405238 0.005383979 
313078918674240 1379577586755323463 -1.0341951 -0.016022593 -0.005731746 
313078986337906 1379577586819562965 -1.1261071 0.0028792568 -0.0127495425 
313079046096795 1379577586882520729 -1.2092409 0.018792916 0.0048969635 
313079119406729 1379577586946424537 -1.2961088 0.022288613 0.01414057 
313079199370105 1379577587009717994 -1.3937446 0.02613888 0.0075909 
313079237276407 1379577587073560768 -1.4864361 0.037514117 -0.0022986408 
313079299965252 1379577587136732155 -1.5602711 0.044875104 -0.014565184 
313079364119075 1379577587200696998 -1.62209 0.046351846 -0.021289272 
313079435414664 1379577587263868385 -1.6735936 0.043663513 -0.01853353 
313079492457241 1379577587328076376 -1.7160748 0.031431314 -0.0028166675 
313079554871402 1379577587391217245 -1.7453182 0.015499196 0.015011761 
313079618811582 1379577587455182089 -1.7530351 0.01151017 0.016715933 
313079683606332 1379577587518414511 -1.7464106 0.0027416514 0.026378931 
313079745745810 1379577587582348837 -1.743671 -0.025155298 0.037277512 
313079810387960 1379577587645520223 -1.7410996 -0.058707003 0.022067532 
313079874816465 1379577587709851278 -1.7319558 -0.07357584 0.0061743357 
313079937413749 1379577587772656454 -1.7167314 -0.0723313 -0.006835494 
313080001903296 1379577587836651815 -1.6984855 -0.08487116 -0.015840359 
313080065263588 1379577587899762167 -1.6823407 -0.10286213 -0.018465975 
313080126853700 1379577587963757528 -1.6626158 -0.123186685 -0.016596647 
313080188901616 1379577588026928915 -1.6529657 -0.13592975 -0.0010482958 
313080258152341 1379577588090847133 -1.6593511 -0.1292512 0.0011170929 
313080324808835 1379577588154049037 -1.6679285 -0.11760735 -0.010542891 
313080394792050 1379577588218013881 -1.6808087 -0.09695075 -0.014326422 
313080464042774 1379577588281185268 -1.7037276 -0.09572483 -0.011909369 
313080532805173 1379577588345119594 -1.7310659 -0.10762483 -0.012606933 
313080598393452 1379577588408290981 -1.752515 -0.09686007 -0.017866286 
313080637001723 1379577588472255824 -1.7703897 -0.09543783 -0.02397245 
313080698103509 1379577588535457729 -1.7892636 -0.10704382 -0.02357942 
313080761982649 1379577588599422572 -1.809801 -0.11627807 -0.011644474 
313080827693010 1379577588662593959 -1.827418 -0.12115187 0.0010196129 
313080892884525 1379577588726558803 -1.8385667 -0.110677026 5.127945E-5 
313080994578407 1379577588789730190 -1.8371028 -0.09826912 -4.516427E-4 
313081018201175 1379577588853725551 -1.8327996 -0.08833948 0.015628472 
313081083972577 1379577588917934535 -1.826676 -0.10048783 0.014019326 
313081144891239 1379577588980861781 -1.8123459 -0.11762256 -2.0415957E-4 
313081211700336 1379577589044033168 -1.7951287 -0.117706634 -0.0034676746 
313081274541782 1379577589107967494 -1.7858278 -0.121184446 -0.0019151443 
313081335674087 1379577589171169399 -1.7867887 -0.12420388 -0.0021817798 
313081400316236 1379577589235134242 -1.7932522 -0.11893238 -0.005495621 
313081463493406 1379577589298275112 -1.8032869 -0.1078452 -0.01252551 
313081525938090 1379577589362239955 -1.8177559 -0.09832082 -0.0080419555 
313081589054219 1379577589425411342 -1.8403449 -0.096566275 0.0053157946 
313081654764580 1379577589489406703 -1.8625917 -0.107484005 -0.0033052631 
313081717606027 1379577589552578090 -1.8765984 -0.11202684 -0.019345935 
313081779928626 1379577589616512416 -1.8866645 -0.11408496 -0.024995675 
313081845394827 1379577589679683803 -1.8900766 -0.1271987 -0.033577602 
313081908724599 1379577589743861010 -1.8847598 -0.14128488 -0.032267556 
313081972542697 1379577589807062914 -1.881276 -0.16171712 -0.012283951 
313082036513398 1379577589870997240 -1.8854342 -0.16751981 0.004654334 
313082109579170 1379577589934168627 -1.8859127 -0.15295021 -0.0028898309 
313082163386585 1379577589998133471 -1.8807981 -0.1266591 -0.012693715 
313082226166991 1379577590061304857 -1.8716297 -0.103951916 -0.02604564 
313082288672713 1379577590125330736 -1.8575827 -0.09975721 -0.057455916 
313082355054524 1379577590188471605 -1.8411411 -0.09808531 -0.06338948 
313082416125789 1379577590252436449 -1.8257301 -0.09594322 -0.0435685 
313082480615336 1379577590315607836 -1.8187889 -0.10195914 -0.029219333 
313082543487302 1379577590379572680 -1.8195292 -0.111445606 -0.01396039 
313082606206667 1379577590442744066 -1.8255166 -0.12268235 -0.0030843322 
313082672954723 1379577590506708910 -1.8394029 -0.12591745 -0.009360303 
313082735735129 1379577590569894890 -1.85152 -0.121291734 -0.010883447 
313082797172637 1379577590633859734 -1.8585093 -0.10564679 0.007612987 
313082862119989 1379577590697031120 -1.8653959 -0.10343855 0.010608255 
313082926121211 1379577590760995964 -1.8715018 -0.11383528 -0.007858671 
313082987802883 1379577590824167351 -1.8777348 -0.117052 -0.018816091 
313083052414512 1379577590888132194 -1.8852572 -0.123216 -0.01550192 
313083116263130 1379577590951303581 -1.8889104 -0.13215284 -0.010586025 
313083180172790 1379577591015268425 -1.8877497 -0.14060195 -0.016007556 
313083243563604 1379577591078439812 -1.8844444 -0.14544477 -0.032069765 
313083307900548 1379577591142404655 -1.8920833 -0.14169505 -0.04044115 
313083371138759 1379577591205576042 -1.9070134 -0.13018447 -0.035285816 
313083434804257 1379577591269540886 -1.9130856 -0.11888241 -0.030944629 
313083498103509 1379577591332712273 -1.906337 -0.11585203 -0.042057127 
313083560456631 1379577591396677116 -1.8921858 -0.123152785 -0.044578485 
313083625190339 1379577591459848503 -1.8816708 -0.12717456 -0.022235278 
313083689557804 1379577591523813347 -1.8792564 -0.12592804 -0.012051152 
313083753314863 1379577591586954216 -1.8810819 -0.1264693 -0.007907877 
313083824305248 1379577591650919060 -1.8783132 -0.12669942 0.013209199 
313083887299297 1379577591714273552 -1.8762274 -0.12238237 0.015928742 
313083984323560 1379577591778329948 -1.880479 -0.10958096 -0.015449595 
313084012768547 1379577591841409782 -1.8835607 -0.09929824 -0.05059476 
313084076159361 1379577591905191521 -1.8839959 -0.097504415 -0.067335226 
313084135887729 1379577591968546013 -1.8841854 -0.10513342 -0.053384487 
313084196684312 1379577592032510857 -1.8837142 -0.11584174 -0.05307235 
313084275152189 1379577592095529655 -1.8891519 -0.11767556 -0.101666324 
313084345562688 1379577592159708122 -1.8993092 -0.11995603 -0.14415197 
313084403093590 1379577592223117778 -1.907774 -0.12328379 -0.1363892 
313084476739248 1379577592287113140 -1.9160513 -0.119444475 -0.1153244 
313084539855379 1379577592350192974 -1.9227391 -0.110334925 -0.12384798 
313084597599923 1379577592414249370 -1.9268987 -0.09521026 -0.12860821 
313084662974560 1379577592477298687 -1.9324913 -0.07503725 -0.1058382 
313084723893224 1379577592541416118 -1.9344621 -0.058110747 -0.07818064 
313084788413291 1379577592604465435 -1.9286356 -0.04746891 -0.06560438 
313084861936868 1379577592668460796 -1.9207668 -0.05993745 -0.049201813 
313084919925575 1379577592731601665 -1.9124646 -0.07041372 -0.018769989 
313084977609078 1379577592795627544 -1.9053409 -0.065263115 0.0072231293 
313085024854615 1379577592858707378 -1.904462 -0.06784247 0.027411642 
313085085803799 1379577592922550152 -1.9094795 -0.07723467 0.03356626 
313085154413596 1379577592985660503 -1.918662 -0.08257081 0.020317866 
313085235567265 1379577593049913770 -1.932283 -0.07778935 -2.614193E-4 
313085296333328 1379577593112993604 -1.9451102 -0.06556524 -0.026425892 
313085363478146 1379577593177019483 -1.9493521 -0.051731583 -0.03972723 
313085424366290 1379577593240160352 -1.9487562 -0.04197562 -0.035935033 
313085485315474 1379577593304186231 -1.95089 -0.04943876 -0.013976109 
313085555359727 1379577593367266065 -1.9568771 -0.061793763 -0.002605017 
313085616400472 1379577593431322461 -1.9704401 -0.062272947 -0.014660215 
313085680828977 1379577593494432813 -1.9851677 -0.06808832 -0.02352572 
313085738970286 1379577593558458692 -1.9931049 -0.08175644 -0.034946688 
313085801323409 1379577593621569043 -1.9947805 -0.09433763 -0.05160931 
313085868285106 1379577593685594922 -1.9917547 -0.107946955 -0.05940348 
313085939244972 1379577593748735792 -1.988723 -0.10596321 -0.032819964 
313086002818907 1379577593812731153 -1.9830194 -0.10482829 -0.0040655914 
313086063310284 1379577593875810987 -1.977787 -0.10250701 -0.004055749 
313086120627544 1379577593939867383 -1.9718845 -0.10952265 -0.007858147 
313086187802884 1379577594002947217 -1.9627864 -0.12360233 6.2574627E-4 
313086256382161 1379577594067003614 -1.9507248 -0.12225329 -6.2698935E-5 
313086310799984 1379577594130113965 -1.936839 -0.12421266 -0.011502203 
313086396958994 1379577594194109327 -1.9217256 -0.13268095 -0.014140173 
313086447439691 1379577594257250196 -1.9087645 -0.13533589 -0.0094115855 
313086484125178 1379577594321031934 -1.9068074 -0.12488178 -0.014826503 
313086547088706 1379577594384142286 -1.9094892 -0.11351237 -0.022728715 
313086617407644 1379577594448198682 -1.9075696 -0.10356068 -0.0153630525 
313086683484250 1379577594511309034 -1.9101468 -0.103921086 -0.0021307736 
313086758991652 1379577594575670606 -1.9215395 -0.11783007 -1.7770291E-4 
313086828394978 1379577594638689405 -1.938052 -0.12498901 -0.015563823 
313086865385669 1379577594702653189 -1.9541098 -0.1293715 -0.028451279 
313086930455104 1379577594765763540 -1.9634043 -0.13562486 -0.04569296 
313086996287546 1379577594829728384 -1.9662244 -0.13469763 -0.07351495 
313087060288768 1379577594892930288 -1.9611617 -0.12249187 -0.10389393 
313087120047656 1379577594956864614 -1.9467909 -0.106950894 -0.13078897 
313087182553378 1379577595020066519 -1.9309607 -0.08973636 -0.13134483 
313087249209871 1379577595084031362 -1.9153111 -0.078523494 -0.095363066 
313087313027971 1379577595147233267 -1.8994936 -0.07155274 -0.06561928 
313087376846069 1379577595211198110 -1.8878373 -0.0756614 -0.06296685 
313087437825773 1379577595274338980 -1.884379 -0.09208597 -0.037560005 
313087503169890 1379577595338334341 -1.8816621 -0.09375116 0.011586815 
313087566560703 1379577595401475210 -1.8724287 -0.09321568 0.04075721 
313087628822264 1379577595463470389 -1.8592472 -0.10350318 0.059214976 
313087693403371 1379577595528594901 -1.8516545 -0.11485758 0.07910956 
313087757190949 1379577595592620780 -1.857406 -0.121497735 0.09047067 
313087820948007 1379577595655853202 -1.8714256 -0.11091455 0.08118461 
313087881866669 1379577595719726493 -1.8789243 -0.09751836 0.06708578 
313087953528505 1379577595782867362 -1.8851063 -0.09084337 0.062439118 
313088026014388 1379577595846801688 -1.8972871 -0.100523025 0.06678129 
313088095692398 1379577595910034110 -1.9130949 -0.114667885 0.0638711 
313088160120905 1379577595973998954 -1.9334676 -0.11226446 0.05080279 
313088231569097 1379577596037139823 -1.9487088 -0.11069451 0.04341882 
313088276464564 1379577596101135184 -1.9542927 -0.11523789 0.04247032 
313088326945260 1379577596164306571 -1.9531704 -0.117921 0.041298363 
313088390824399 1379577596228240897 -1.9480922 -0.12027499 0.036488205 
313088455893833 1379577596291412284 -1.9458768 -0.113575615 0.03750662 
313088520413900 1379577596355407645 -1.9447902 -0.1075172 0.03999435 
313088597264198 1379577596418579032 -1.9430305 -0.098677285 0.031910084 
313088679974407 1379577596482574393 -1.935746 -0.1004168 0.025418395 
313088720932746 1379577596545715262 -1.9203947 -0.11721259 0.042563953 
313088787986004 1379577596609710624 -1.90611 -0.113251895 0.0706165 
313088839718036 1379577596671569754 -1.8957431 -0.1090032 0.07834001 
313088902620523 1379577596736785819 -1.8905587 -0.11450432 0.07712006 
313088965248328 1379577596799987723 -1.8899074 -0.12177402 0.07671349 
313089029066425 1379577596863952567 -1.8921825 -0.12915377 0.077014945 
313089095967082 1379577596927154471 -1.8983706 -0.12359374 0.06955548 
313089157160429 1379577596991088797 -1.9070622 -0.10189225 0.060218956 
313089220123957 1379577597054290702 -1.9222262 -0.09490949 0.074489586 
313089283545291 1379577597118402102 -1.9387438 -0.100536734 0.091812484 
313089354810359 1379577597181604007 -1.9539167 -0.09603435 0.077684 
313089410601600 1379577597245599368 -1.9672939 -0.09346335 0.057907455 
313089474572302 1379577597308740237 -1.9743432 -0.09889751 0.051332045 
313089535826688 1379577597372735598 -1.9764413 -0.10839664 0.050192405 
313089597966167 1379577597435876468 -1.9711539 -0.11830791 0.049706347 
313089665294107 1379577597499871829 -1.9608288 -0.12100432 0.056761492 
313089726426413 1379577597563043216 -1.9521319 -0.12447096 0.07532169 
313089793082907 1379577597627008059 -1.9576037 -0.12040241 0.07061491 
313089856107476 1379577597690148928 -1.9577255 -0.1102421 0.047265742 
313089917728107 1379577597754144290 -1.9348832 -0.11993978 0.05556318 
313089982492337 1379577597817285159 -1.9166974 -0.120563164 0.07256634 
313090050980053 1379577597880683960 -1.9142185 -0.108261384 0.06358104 
313090108297312 1379577597944496216 -1.91279 -0.104701966 0.055836376 
313090175014846 1379577598008430542 -1.9016961 -0.106153555 0.06251144 
313090236299754 1379577598071662964 -1.8886461 -0.10781726 0.05983768 
313090300606179 1379577598135566772 -1.8804759 -0.09899158 0.040646434 
313090364058033 1379577598198707641 -1.873678 -0.085586466 0.027387155 
313090426380632 1379577598262764038 -1.8725494 -0.05979433 0.023346363 
313090489374682 1379577598325874389 -1.8802499 -0.050444793 0.022407254 
313090555085043 1379577598389930786 -1.8937949 -0.05951506 0.022006756 
313090616492031 1379577598452980102 -1.9053288 -0.058986288 0.018805759 
313090682171873 1379577598516944946 -1.9129963 -0.06421705 0.020021202 
313090744830197 1379577598580177368 -1.9179963 -0.07964825 0.030019037 
313090809075583 1379577598644111694 -1.922558 -0.09189786 0.035173245 
313090873259926 1379577598707344116 -1.929838 -0.098533675 0.019288339 
313090935887729 1379577598771217407 -1.951535 -0.09066321 0.03490308 
313090999553225 1379577598834388794 -1.9749311 -0.080005586 0.08094217 
313091062181029 1379577598898475708 -1.9777428 -0.07487001 0.07502021 
313091126609537 1379577598961525024 -1.9648298 -0.08685338 0.03712352 
313091189573064 1379577599025611938 -1.9479641 -0.12118942 0.031122293 
313091255558109 1379577599088661255 -1.9234443 -0.12857445 0.04621347 
313091327036821 1379577599152961792 -1.8969176 -0.12067822 0.04646048 
313091400560398 1379577599216041626 -1.8873881 -0.12325529 0.038870852 
313091463005081 1379577599280189575 -1.8916517 -0.12257266 0.0510524 
313091523404897 1379577599343147339 -1.8992345 -0.12030975 0.049817115 
313091598393451 1379577599407386841 -1.906344 -0.10327533 0.026813528 
313091661540101 1379577599470344604 -1.9132673 -0.08990388 0.013855515 
313091718246953 1379577599534486533 -1.9374074 -0.10555633 0.0052936967 
313091762562534 1379577599597688438 -1.9793055 -0.13530986 -1.7755348E-4 
313091829096945 1379577599661348106 -2.0116363 -0.1588421 0.017274844 
313091893067647 1379577599724550010 -2.0169609 -0.16643055 0.04969432 
313091958991650 1379577599788514854 -2.0122988 -0.16161282 0.07370114 
313092043411000 1379577599851960899 -1.9995853 -0.16010143 0.072371185 
313092099110681 1379577599915956260 -1.9806792 -0.16153196 0.05466337 
313092208037888 1379577599979127647 -1.9794731 -0.15101492 0.057245098 
313092233095115 1379577600043367149 -1.9849123 -0.14894032 0.05627027 
313092269078633 1379577600105958701 -1.9800603 -0.1429343 0.04267951 
313092341381397 1379577600170533897 -1.9682394 -0.1530085 0.057262294 
313092396775873 1379577600233186485 -1.9556506 -0.1720156 0.091960065 
313092468590308 1379577600297090293 -1.9374238 -0.1588071 0.10916129 
313092528074513 1379577600360458493 -1.9142711 -0.14822598 0.114734225 
313092590397114 1379577600424209714 -1.8953931 -0.1534074 0.12455137 
313092655558110 1379577600487625241 -1.8904074 -0.156122 0.12126104 
313092739306013 1379577600551437497 -1.8958058 -0.13772321 0.102519155 
313092786704151 1379577600614791989 -1.8975163 -0.11920355 0.088774726 
313092846157835 1379577600679550290 -1.900748 -0.10441399 0.083781146 
313092904848512 1379577600741653562 -1.9136505 -0.11134998 0.09028642 
313092968361406 1379577600805618405 -1.932764 -0.1292764 0.10153394 
313093055466550 1379577600868911862 -1.9493245 -0.12714882 0.09842427 
313093121726279 1379577600933090329 -1.9578786 -0.12460494 0.08728936 
313093181668290 1379577600996170163 -1.9555908 -0.12872851 0.07257377 
313093245394828 1379577601060287595 -1.9484315 -0.1326553 0.05900894 
313093337047506 1379577601123336911 -1.9428486 -0.13832651 0.056365013 
313093355939616 1379577601187118650 -1.9451244 -0.13087326 0.06714928 
313093418079093 1379577601250412107 -1.9493356 -0.12369225 0.09034898 
313093478021105 1379577601314163327 -1.9500234 -0.116969496 0.09797079 
313093549682939 1379577601377304196 -1.9492741 -0.11893159 0.088358425 
313093603642957 1379577601441238523 -1.9488606 -0.13899322 0.10224921 
313093667216891 1379577601504531980 -1.9459698 -0.14340876 0.12918036 
313093755909092 1379577601568435788 -1.9401554 -0.13945803 0.14166288 
313093824579931 1379577601631668210 -1.934447 -0.14129984 0.14073125 
313093860838133 1379577601695572019 -1.9309046 -0.14202362 0.1255209 
313093930119378 1379577601758743405 -1.9333934 -0.14291757 0.11731665 
313093997874605 1379577601822799802 -1.9492271 -0.13038258 0.1272535 
313094067247411 1379577601885879636 -1.9676976 -0.10892563 0.14335842 
313094114553988 1379577601950239774 -1.9802617 -0.09397061 0.153679 
313094176205140 1379577602013258572 -1.9901448 -0.09726104 0.15515143 
313094239565433 1379577602077223416 -2.0030656 -0.105745696 0.13970315 
313094303322492 1379577602140455838 -2.0179877 -0.10022175 0.09958435 
313094390366593 1379577602204359647 -2.0282536 -0.102893665 0.08442749 
313094443441521 1379577602267531033 -2.0295198 -0.12131332 0.100200936 
313094499476924 1379577602331465359 -2.022573 -0.13359496 0.11416102 
313094556977306 1379577602394667264 -2.0170102 -0.1211885 0.12957819 
313094620886966 1379577602458632108 -2.011997 -0.10714711 0.14434351 
313094713211092 1379577602521803494 -2.0123749 -0.09961584 0.16147472 
313094748919927 1379577602585768338 -2.0149581 -0.112299554 0.1617069 
313094816247869 1379577602648939725 -2.0154145 -0.12392313 0.1505346 
313094885193390 1379577602712874051 -2.0171123 -0.11047028 0.14506643 
313094960304026 1379577602776212593 -2.018344 -0.104306765 0.13764344 
313095025281900 1379577602840116402 -2.0165687 -0.11291339 0.1363887 
313095088367509 1379577602903257271 -2.0109103 -0.122279674 0.14701764 
313095157007825 1379577602967374703 -2.0067823 -0.12624119 0.16035831 
313095221863618 1379577603030424019 -2.007482 -0.11880133 0.16377756 
313095258823788 1379577603094449898 -2.0062735 -0.10991664 0.17880349 
313095328288155 1379577603157560250 -2.0053315 -0.10492864 0.19702984 
313095397355758 1379577603221494576 -2.0058055 -0.112580426 0.19094548 
313095448263740 1379577603284788033 -2.0058923 -0.11925338 0.16890045 
313095511166227 1379577603348661324 -2.005808 -0.11164305 0.1472478 
313095575472652 1379577603411893746 -2.0050442 -0.10385075 0.13073541 
313095638344619 1379577603475767037 -2.0016563 -0.10617704 0.115424365 
313095714340346 1379577603538968941 -1.9955908 -0.11456604 0.10918428 
313095776723987 1379577603603055855 -1.987036 -0.12277447 0.10404323 
313095842617470 1379577603666105171 -1.9843123 -0.114232786 0.10381392 
313095897859344 1379577603730192086 -1.9780107 -0.10792331 0.11652876 
313095961982647 1379577603793332955 -1.9638726 -0.09181108 0.110254474 
313096020886965 1379577603857206246 -1.9454226 -0.070927 0.086071745 
313096086047961 1379577603920469185 -1.9335035 -0.08159677 0.08591791 
313096147943275 1379577603984403511 -1.9332498 -0.083731964 0.10446475 
313096211150966 1379577604047513863 -1.933893 -0.072899915 0.10913545 
313096276617165 1379577604111600777 -1.9319894 -0.07173712 0.108663075 
313096338237796 1379577604174680611 -1.9320372 -0.060603537 0.11581442 
313096409563907 1379577604238737007 -1.9380872 -0.04345419 0.11731223 
313096465538270 1379577604301816841 -1.9588276 -0.018847222 0.115752265 
313096531065509 1379577604365751168 -1.9806112 -0.0070668003 0.11623431 
313096594212160 1379577604429043371 -1.9971169 -0.010728815 0.11135814 
313096658243900 1379577604493130285 -2.0126112 -0.024775201 0.10146647 
313096719498289 1379577604556271154 -2.0215793 -0.037664242 0.09362951 
313096782583897 1379577604620174963 -2.0220926 -0.03979275 0.08682457 
313096845913670 1379577604683498937 -2.018657 -0.04263563 0.07673269 
313096911379869 1379577604747311193 -2.020595 -0.054329284 0.07542922 
313096983591071 1379577604810452062 -2.0219154 -0.06788258 0.07170089 
313097036665998 1379577604874538976 -2.0209734 -0.07629615 0.0652195 
313097105428397 1379577604937618810 -2.0186281 -0.07759931 0.06419295 
313097166041856 1379577605001583654 -2.0140789 -0.0745061 0.075232126 
313097226991039 1379577605064785558 -2.0101361 -0.08544509 0.089148015 
313097293769615 1379577605128719884 -2.0016613 -0.09945798 0.09929624 
313097357953957 1379577605191891271 -1.9948211 -0.10472025 0.11407166 
313097444723376 1379577605256023420 -1.9895884 -0.10504548 0.11079565 
313097485742756 1379577605319133771 -1.9835682 -0.10105724 0.10598862 
313097546478297 1379577605383159650 -1.9822413 -0.104171045 0.121319205 
313097612402302 1379577605446239484 -1.9865081 -0.105859056 0.13500987 
313097681500424 1379577605510204328 -1.9976317 -0.10456547 0.13233678 
313097738939765 1379577605573375715 -2.0116963 -0.096228205 0.10821392 
313097801445487 1379577605637554181 -2.0143502 -0.08140693 0.077483 
313097866301279 1379577605700603498 -2.014437 -0.07618063 0.06445176 
313097929447930 1379577605764507306 -2.0240886 -0.08250045 0.066496 
313097993388109 1379577605827648175 -2.0339139 -0.089108005 0.065516815 
313098056168516 1379577605891704572 -2.0384972 -0.09040639 0.06337624 
313098119864532 1379577605954814923 -2.047948 -0.088356204 0.059833035 
313098182461817 1379577606018871320 -2.065179 -0.08962651 0.05587283 
313098247195526 1379577606081920636 -2.0790122 -0.09515467 0.05780485 
313098308358352 1379577606145885480 -2.0852258 -0.101329334 0.047739565 
313098371321880 1379577606209087384 -2.0838447 -0.11255693 0.03502513 
313098436574436 1379577606273021711 -2.0771124 -0.10900926 0.027426487 
313098498897037 1379577606336223615 -2.060927 -0.10972092 0.033742763 
313098563905429 1379577606400157941 -2.0433545 -0.11693357 0.040939596 
313098628150813 1379577606463359845 -2.031469 -0.13317256 0.031321548 
313098691114342 1379577606527416242 -2.027369 -0.15019846 0.029826438 
313098756153255 1379577606590465558 -2.0309558 -0.14797357 0.04614014 
313098818292733 1379577606654582990 -2.0392716 -0.14564714 0.06947085 
313098883606330 1379577606717632306 -2.0486457 -0.15181586 0.07683812 
313098946630899 1379577606781566632 -2.0538707 -0.15341957 0.06735628 
313099012219179 1379577606845653547 -2.0589387 -0.15350269 0.062184058 
313099070787775 1379577606908823591 -2.068034 -0.15522459 0.05344263 
313099135674085 1379577606971994978 -2.0789807 -0.15009384 0.047233988 
313099198607093 1379577607036051374 -2.0884087 -0.13740839 0.045892503 
313099264225893 1379577607099131208 -2.0954058 -0.12865862 0.040230963 
313099326670575 1379577607163218122 -2.1129372 -0.13099195 0.03944075 
313099391740010 1379577607226267439 -2.1366398 -0.13172923 0.03736962 
313099455985393 1379577607290232282 -2.1495166 -0.13101187 0.025939973 
313099518582677 1379577607353495222 -2.1545298 -0.1305363 0.017405022 
313099579684462 1379577607417368513 -2.1628046 -0.1328411 0.007573454 
313099644814936 1379577607480631452 -2.1772645 -0.13304108 0.0036544015 
313099710006453 1379577607544535261 -2.1942549 -0.14216313 0.029565066 
313099773366745 1379577607607676130 -2.2110362 -0.15558976 0.06413497 
313099836543915 1379577607671763044 -2.2249722 -0.1582589 0.0830441 
313099896699570 1379577607734887992 -2.2381938 -0.1616701 0.09340595 
313099962898257 1379577607798944389 -2.2491977 -0.17528708 0.09849604 
313100027693007 1379577607862085258 -2.2483401 -0.18558133 0.08834549 
313100090107169 1379577607925989067 -2.2458415 -0.18964998 0.084985934 
313100153803185 1379577607989160453 -2.2575476 -0.1896962 0.08886336 
313100220093436 1379577608053308403 -2.2810137 -0.18497023 0.09175063 
313100283148525 1379577608116327201 -2.3070965 -0.1819476 0.09369847 
313100346814021 1379577608180353080 -2.3381183 -0.17508078 0.090262584 
313100408770377 1379577608243432914 -2.3782837 -0.17353886 0.09089056 
313100474053453 1379577608307550346 -2.421168 -0.18188004 0.088710286 
313100539794336 1379577608370569145 -2.458497 -0.17658228 0.07013045 
313100596653789 1379577608434533989 -2.4937732 -0.17636803 0.049427245 
313100662028426 1379577608497705375 -2.52943 -0.1778792 0.03719487 
313100726762136 1379577608561670219 -2.5674944 -0.1766907 0.034873955 
313100790427634 1379577608624841606 -2.6046398 -0.18145934 0.04767843 
313100853604805 1379577608688928520 -2.6384795 -0.18235332 0.053065505 
313100918216432 1379577608751977836 -2.6693976 -0.18245316 0.04298229 
313100979867584 1379577608816034233 -2.7028716 -0.1884363 0.032581322 
313101045211701 1379577608879083549 -2.7411535 -0.19607773 0.018470101 
313101119071003 1379577608943048393 -2.7796082 -0.20426777 0.013448741 
313101172786858 1379577609006311332 -2.816118 -0.21807627 0.03170599 
313101236940681 1379577609070215141 -2.8548336 -0.2309114 0.056584574 
313101298988597 1379577609133478080 -2.887903 -0.22879429 0.066263996 
313101362532013 1379577609197351371 -2.918243 -0.22351047 0.07448367 
313101422992870 1379577609260614311 -2.9493651 -0.22714989 0.08404809 
313101511562991 1379577609324487602 -2.9790688 -0.23419222 0.08681189 
313101571077717 1379577609387810337 -3.0129523 -0.23546574 0.0921798 
313101630745045 1379577609451836215 -3.0555766 -0.2326483 0.09270336 
313101704116020 1379577609514946567 -3.1006894 -0.23550583 0.08829339 
313101761402758 1379577609578911411 -3.1390142 -0.24020581 0.07957656 
313101823328595 1379577609642082798 3.1143353 -0.24288344 0.07584871 
313101891907871 1379577609706139194 3.084392 -0.24424301 0.08378171 
313101955787011 1379577609769280063 3.0562453 -0.25079495 0.109648615 
313102027448844 1379577609833183872 3.0313559 -0.25026682 0.14009121 
313102074602820 1379577609896355258 3.0050495 -0.23970267 0.1504991 
313102162715135 1379577609960320102 2.9864013 -0.21539718 0.13938943 
313102214294564 1379577610023522006 2.9728396 -0.19331418 0.11560534 
313102263279761 1379577610087456333 2.9394717 -0.19133951 0.13146095 
313102316476771 1379577610150627719 2.9013314 -0.18879871 0.16170406 
313102399125938 1379577610214668283 2.8773632 -0.17700288 0.15769604 
313102443563602 1379577610277931223 2.8565657 -0.17604874 0.15191111 
313102511105185 1379577610341804514 2.8265975 -0.17686473 0.14437616 
313102567262671 1379577610405036935 2.796213 -0.17554747 0.12083382 
313102634193847 1379577610468940744 2.7795312 -0.18036442 0.09459242 
313102700667219 1379577610532112131 2.7752936 -0.19256188 0.061222415 
313102770528350 1379577610596138010 2.7733564 -0.20160067 0.04051877 
313102836421833 1379577610659248361 2.7731001 -0.20100518 0.03699759 
313102905458916 1379577610723304758 2.7691324 -0.19702186 0.034159385 
313102954138910 1379577610786384592 2.759508 -0.1991213 0.042719785 
313103013348432 1379577610850349435 2.7558925 -0.2051475 0.059763417 
313103076159359 1379577610913490305 2.7606678 -0.2050249 0.065434724 
313103139855375 1379577610977485666 2.7662997 -0.19101375 0.06705712 
313103203612434 1379577611040687570 2.761189 -0.17130995 0.075501174 
313103268498745 1379577611104621896 2.7468295 -0.15902695 0.08841741 
313103331096030 1379577611167793283 2.7373226 -0.15441716 0.10123426 
313103396623269 1379577611231880197 2.7355669 -0.15321024 0.1141171 
313103461204376 1379577611294929514 2.7338617 -0.15034819 0.122519225 
313103523282813 1379577611358894357 2.727027 -0.15328807 0.12309765 
313103587467157 1379577611422157297 2.7186422 -0.15344453 0.11974966 
313103649515074 1379577611486030588 2.7054005 -0.14861892 0.11865583 
313103713974101 1379577611549293527 2.6946976 -0.13905022 0.12228398 
313103784293038 1379577611613166818 2.6866052 -0.13816278 0.12313588 
313103840603124 1379577611676368723 2.6718454 -0.1432965 0.12405322 
313103904482265 1379577611740425119 2.6587226 -0.13867706 0.12507239 
313103967110068 1379577611803443918 2.6610425 -0.12617606 0.12583168 
313104031752217 1379577611867712686 2.6726832 -0.11584839 0.1309771 
313104096699569 1379577611930762002 2.6823914 -0.111656696 0.13981284 
313104158137078 1379577611994757363 2.694712 -0.10378943 0.14277206 
313104221466852 1379577612057989785 2.7117403 -0.09082276 0.13946211 
313104287482416 1379577612121863076 2.724147 -0.08549553 0.13986425 
313104350537507 1379577612185126016 2.7269502 -0.08879959 0.14164518 
313104413317912 1379577612248999307 2.7260911 -0.08775976 0.14604543 
313104477654857 1379577612312170693 2.7302713 -0.084819525 0.14782417 
313104540069019 1379577612376257607 2.7370718 -0.08460829 0.14214359 
313104603124107 1379577612439337441 2.7395833 -0.08413433 0.13835844 
313104666972726 1379577612503271768 2.7408793 -0.083742924 0.14050826 
313104730149897 1379577612566504189 2.743325 -0.083785675 0.14278647 
313104795463493 1379577612630499551 2.7443073 -0.08268366 0.14300199 
