#SysTm EventTmStmp Acc:x Acc:y Acc:z
42639383342997 42638859782000 -0.62249243 0.29688102 9.586384 
42639407998497 42638926356000 -0.50757074 0.22984336 9.423578 
42639416840706 42638993085000 -0.545878 0.12449849 9.32781 
42639424504206 42639059945000 -0.60333884 0.12449849 9.346964 
42639431554414 42639126844000 -0.6991069 0.1340753 9.404425 
42639439453081 42639193827000 -0.7565677 0.20111294 9.414001 
42639447924622 42639261424000 -0.7374141 0.19153613 9.414001 
42639455588581 42639328746000 -0.7182605 0.23942018 9.375694 
42639464992997 42639395458000 -0.6799533 0.30645782 9.394848 
42639500990581 42639462320000 -0.60333884 0.34476504 9.356541 
42639569501747 42639528955000 -0.5363012 0.5746084 9.634268 
42639598147039 42639595721000 -0.45010993 0.61291564 9.605537 
42639668255664 42639662546000 -0.1436521 0.7086837 9.576807 
42639731348122 42639729325000 -0.06703765 0.5746084 9.375694 
42639796338622 42639796077000 -0.095768064 0.545878 9.3661175 
42639863332498 42639862857000 -0.009576807 0.5363012 9.461885 
42639944349956 42639931002000 -0.19153613 0.60333884 9.988609 
42639998223040 42639997806000 -0.32561144 0.4213795 10.630256 
42640065610331 42640065182000 -0.545878 0.12449849 9.797073 
42640132837665 42640132235000 -0.61291564 0.11492168 9.548077 
42640199299540 42640198796000 -0.6799533 -0.047884032 9.528923 
42640265547790 42640265141000 -0.6895301 0.08619126 9.050082 
42640332083790 42640331686000 -0.94810385 0.34476504 8.714894 
42640398481165 42640398198000 -1.0630256 0.45968673 9.165004 
42640465274790 42640464978000 -0.94810385 0.46926352 9.021352 
42640532057123 42640531750000 -0.8331822 0.8523358 8.63828 
42640599372707 42640599078000 -0.62249243 1.0342951 9.002198 
42640665541957 42640665282000 -0.8523358 0.91937345 9.32781 
42640732253457 42640732020000 -0.7469909 0.842759 9.040505 
42640799240165 42640798882000 -0.8331822 0.93852705 9.452309 
42640866041374 42640865681000 -0.8331822 0.59376204 10.419566 
42640953626082 42640932558000 -0.25857377 0.047884032 10.67814 
42640999619873 42640999234000 -0.39264908 0.16280572 9.481039 
42641066379707 42641066024000 -0.1436521 0.02873042 10.007763 
42641133694749 42641133341000 0.038307227 0.2681506 9.040505 
42641199905832 42641199551000 0.009576807 0.45968673 8.322245 
42641266647332 42641266295000 -0.51714754 1.3694834 8.868123 
42641333432457 42641333085000 -0.45968673 0.9576807 9.136273 
42641400277374 42641399854000 -1.1683705 0.90021986 8.925584 
42641468018540 42641467677000 -1.6376339 0.8810662 9.557653 
42641533945665 42641533629000 -1.7908629 0.6799533 10.04607 
42641601029166 42641600711000 -2.327164 -0.21068975 11.022904 
42641668158249 42641667811000 -1.9249382 0.19153613 9.011775 
42641734280957 42641733954000 -2.078167 0.06703765 8.42759 
42641801144333 42641800785000 -2.183512 -0.095768064 8.829816 
42641868433958 42641868081000 -1.982399 0.038307227 8.772355 
42641945352416 42641934348000 -1.8291701 0.46926352 8.504205 
42642001824833 42642001336000 -1.5035586 0.90979666 8.781932 
42642077502166 42642068002000 -1.5610195 1.091756 8.973468 
42642135140791 42642134724000 -1.4556746 0.82360536 9.701305 
42642202779874 42642202463000 -0.90021986 0.24899697 9.643845 
42642268618999 42642268250000 -1.0151415 0.22026655 10.208876 
42642335266875 42642334943000 -1.0342951 0.2777274 10.247183 
42642416190333 42642401840000 -0.79487497 0.12449849 10.180145 
42642469041124 42642468653000 -0.49799395 -0.047884032 9.576807 
42642535778625 42642535380000 -0.4213795 0.4405331 8.39886 
42642602843416 42642602460000 -0.29688102 0.7278373 7.967903 
42642669727166 42642669110000 -0.24899697 0.8619126 8.485051 
42642737717791 42642737147000 -0.38307226 0.8619126 9.097966 
42642803358291 42642802768000 -0.49799395 0.78529817 9.720459 
42642869699374 42642869293000 -0.8714894 0.34476504 10.879252 
42642955719458 42642937509000 -1.0342951 0.10534488 10.94629 
42643003121750 42643002831000 -1.5801731 0.36391866 9.136273 
42643069941458 42643069588000 -1.4077905 0.11492168 9.308656 
42643136761208 42643136419000 -1.283292 0.19153613 8.983045 
42643203497208 42643203118000 -1.2066777 0.545878 8.121132 
42643270797708 42643270301000 -1.1300632 0.58418524 8.303091 
42643336918041 42643336573000 -1.2258313 0.6703765 9.165004 
42643403609666 42643403363000 -1.2162545 0.45010993 10.381259 
42643470297458 42643470083000 -1.1875241 0.05746084 11.252748 
42643537062292 42643536870000 -0.6703765 -0.50757074 9.605537 
42643604017708 42643603748000 0.17238252 -0.40222588 8.791509 
42643672378417 42643671135000 0.20111294 -0.34476504 9.576807 
42643738087083 42643737780000 0.06703765 0.30645782 8.485051 
42643805101042 42643804690000 0.1436521 0.5746084 8.073248 
42643874070417 42643871712000 0.22984336 0.842759 8.494628 
42643943266917 42643938121000 -0.11492168 0.93852705 9.691729 
42644005289917 42644004806000 -0.37349546 0.9672575 10.247183 
42644071948292 42644071573000 -0.7757214 0.62249243 11.415554 
42644138634500 42644138306000 -0.78529817 0.23942018 10.658986 
42644205566626 42644205136000 -1.4077905 0.58418524 8.810662 
42644272130292 42644271826000 -1.13964 0.33518824 8.676587 
42644338930042 42644338601000 -0.90021986 0.36391866 8.360553 
42644405868292 42644405454000 -1.1013328 0.8523358 8.39886 
42644472445917 42644472149000 -0.8714894 1.1779473 8.034941 
42644539218000 42644538923000 -1.2641385 1.7142484 8.274361 
42644606365709 42644605892000 -1.5705963 1.9919758 10.141838 
42644672950042 42644672585000 -1.5705963 1.7142484 9.586384 
42644739594250 42644739260000 -1.2066777 0.9864111 10.448297 
42644806923376 42644806309000 -1.0821792 0.7469909 9.260772 
42644873035501 42644872757000 -0.82360536 0.45968673 9.959879 
42644944006625 42644939596000 -0.4405331 0.6799533 9.251195 
42645007045584 42645006507000 -0.5363012 0.89064306 8.63828 
42645073349459 42645073112000 -0.25857377 1.1109096 8.532935 
42645140187501 42645139871000 -0.25857377 1.283292 9.3661175 
42645207316958 42645206772000 -0.5746084 1.1779473 9.768343 
42645273737583 42645273427000 -1.1683705 0.6703765 10.802638 
42645340488750 42645340174000 -1.3599066 0.19153613 10.208876 
42645407613084 42645407147000 -1.5514427 0.2777274 9.481039 
42645473971834 42645473709000 -1.5705963 0.36391866 9.232041 
42645540753626 42645540508000 -1.4269443 0.48841715 8.983045 
42645607971001 42645607437000 -1.1492168 0.81402856 8.42759 
42645674316167 42645674032000 -1.0534488 1.091756 8.274361 
42645741155459 42645740869000 -1.1204864 1.13964 8.734048 
42645808162209 42645807739000 -1.292869 0.9864111 10.084377 
42645874597042 42645874336000 -0.9864111 0.6607997 10.6398325 
42645953864417 42645941735000 -1.1204864 0.7086837 11.386824 
42646008344376 42646007997000 -0.78529817 0.5267244 9.11712 
42646075199876 42646074758000 -0.62249243 0.2777274 9.643845 
42646141958209 42646141613000 -0.25857377 0.58418524 9.184157 
42646208705668 42646208286000 -0.22984336 0.61291564 7.9870567 
42646275587834 42646275166000 -0.22026655 0.82360536 8.0924015 
42646342264793 42646341909000 -0.25857377 0.9576807 8.963891 
42646408953209 42646408673000 -0.32561144 1.043872 9.481039 
42646475771210 42646475493000 -0.81402856 0.842759 10.524911 
42646543597876 42646543328000 -1.1013328 0.58418524 10.840945 
42646609209918 42646608912000 -0.9959879 0.45010993 9.931149 
42646676235168 42646675874000 -1.3215994 0.60333884 8.743625 
42646742875168 42646742576000 -1.292869 0.58418524 8.973468 
42646809648585 42646809342000 -1.2449849 0.78529817 8.647857 
42646877274502 42646876906000 -1.043872 0.9768343 8.24563 
42646954194460 42646943438000 -0.9864111 1.0151415 8.341399 
42647010405669 42647009764000 -1.0247183 1.0342951 9.193734 
42647076610543 42647076346000 -0.9672575 1.0821792 9.998186 
42647143465460 42647143141000 -0.9576807 0.90021986 10.180145 
42647210433752 42647210069000 -0.60333884 0.20111294 10.266336 
42647277050085 42647276721000 -0.46926352 0.22026655 9.193734 
42647344029876 42647343646000 -0.22026655 0.22984336 9.797073 
42647411123043 42647410802000 -0.10534488 0.6607997 8.734048 
42647477342376 42647477046000 -0.20111294 0.94810385 8.331821 
42647544190127 42647543803000 -0.19153613 1.1683705 8.159439 
42647610902669 42647610600000 -0.36391866 1.340753 8.762778 
42647677802127 42647677444000 -0.5363012 1.3599066 9.299079 
42647744940294 42647744381000 -0.8331822 1.0534488 11.176133 
42647811618835 42647811221000 -0.7469909 0.60333884 11.520899 
42647878077876 42647877801000 -1.1013328 0.38307226 9.519346 
42647954760251 42647944592000 -1.3694834 0.11492168 9.682152 
42648013894210 42648011509000 -1.4460979 0.1340753 9.241618 
42648078235793 42648077959000 -1.5131354 0.60333884 8.283937 
42648147383251 42648145534000 -1.5610195 0.7565677 8.207323 
42648211863335 42648211548000 -1.6567876 0.94810385 8.418014 
42648278705918 42648278394000 -1.7525556 0.7469909 9.404425 
42648345332085 42648345085000 -1.6280571 0.6607997 9.835381 
42648412254002 42648411911000 -1.4173675 -0.038307227 11.176133 
42648479408544 42648479132000 -1.0630256 0.11492168 9.3661175 
42648546188753 42648545925000 -0.91937345 -0.10534488 9.212888 
42648680281253 42648679986000 -0.5363012 0.60333884 8.437167 
42648746482961 42648746199000 -0.36391866 0.7661445 8.283937 
42648814034586 42648813411000 -0.45968673 0.92895025 8.887277 
42648879920419 42648879690000 -0.60333884 1.091756 8.6095495 
42648946739253 42648946486000 -0.89064306 0.8810662 10.093954 
42649013536044 42649013249000 -1.2258313 0.18195933 11.549629 
42649089638294 42649079991000 -1.5035586 0.05746084 11.434708 
42649146969086 42649146731000 -1.9057846 0.46926352 9.653421 
42649215122628 42649214432000 -1.9057846 0.7469909 10.783484 
42649280581503 42649280369000 -0.6703765 0.05746084 8.916007 
42649347379336 42649347159000 -0.7757214 0.49799395 8.101978 
42649414125752 42649413932000 -0.8523358 0.78529817 8.561666 
42649482135502 42649480898000 -0.48841715 0.49799395 8.858546 
42649547705877 42649547416000 -0.6512229 0.6512229 9.576807 
42649615604461 42649614965000 -0.40222588 0.63206923 9.835381 
42649686505961 42649680985000 -0.24899697 0.545878 10.237606 
42649758882002 42649748536000 -0.21068975 0.37349546 9.3182335 
42649815940669 42649814931000 -0.095768064 0.05746084 9.442732 
42649882465920 42649881896000 -0.25857377 0.38307226 8.973468 
42649949085211 42649948025000 -0.48841715 0.5554548 8.925584 
42650031069753 42650014785000 0.2873042 0.93852705 8.90643 
42650092329878 42650081588000 0.19153613 0.9768343 9.32781 
42650149009503 42650148703000 0.62249243 1.1204864 9.576807 
42650215412296 42650215152000 0.22984336 1.2449849 9.481039 
42650283005586 42650282665000 -0.40222588 0.7182605 10.67814 
42650348806336 42650348574000 -0.36391866 0.5363012 9.126697 
42650478312336 42650415765000 -0.6607997 0.22026655 8.935161 
42650526991378 42650482102000 -0.92895025 0.29688102 9.165004 
42650563550544 42650550300000 -0.60333884 1.2162545 8.6574335 
42650631589003 42650616357000 -0.78529817 1.1300632 8.887277 
42650683530336 42650683203000 -0.23942018 0.21068975 7.9870567 
42650749309961 42650749051000 0.23942018 1.2449849 10.323798 
42650817016961 42650816699000 -0.62249243 0.545878 9.423578 
42650882988461 42650882705000 0.48841715 0.89064306 10.151415 
42650949720211 42650949402000 0.10534488 0.038307227 10.927136 
42651083399128 42651083028000 -0.05746084 0.038307227 9.5385 
42651150070420 42651149720000 -0.22026655 0.10534488 9.605537 
42651216860045 42651216557000 0.12449849 0.7565677 8.418014 
42651287891545 42651283255000 0.05746084 0.8619126 9.11712 
42651351567961 42651351224000 0.38307226 0.9959879 8.868123 
42651417130461 42651416782000 0.019153614 0.92895025 10.151415 
42651484458628 42651484022000 -0.2681506 0.4405331 10.25676 
42651551253545 42651550816000 -0.641646 -0.46926352 10.754754 
42651619306753 42651617281000 -0.4309563 0.25857377 9.662998 
42651685982253 42651685607000 -0.4405331 0.1340753 9.155427 
42651751521920 42651751259000 -0.6512229 0.24899697 9.959879 
42651818426628 42651818042000 -0.19153613 0.81402856 8.226477 
42651885082004 42651884790000 -0.33518824 1.0534488 8.628703 
42651951790004 42651951518000 -0.6799533 1.2066777 8.954314 
42652018526338 42652018258000 -0.7278373 1.1875241 9.308656 
42652098309045 42652085142000 -0.6703765 0.80445176 10.524911 
42652152031837 42652151806000 -0.34476504 0.16280572 11.501745 
42652218905254 42652218658000 -0.21068975 0.19153613 9.768343 
42652285999255 42652285599000 -0.06703765 0.20111294 9.251195 
42652352455588 42652352252000 -0.32561144 0.02873042 9.414001 
42652419359629 42652419046000 -0.02873042 0.7086837 8.42759 
42652486272005 42652485907000 0.2777274 1.13964 8.149862 
42652552954796 42652552688000 0.047884032 1.0342951 8.772355 
42652619542213 42652619268000 0.24899697 0.9768343 9.586384 
42652690545296 42652689999000 -0.545878 0.7374141 10.065224 
42652753164213 42652752864000 -0.6607997 0.6991069 10.7356 
42652819914504 42652819625000 -0.8619126 -0.10534488 10.132261 
42652887015420 42652886524000 -0.7182605 0.41180268 9.107543 
42652955537046 42652955248000 -1.5610195 0.1340753 9.126697 
42653020195754 42653019865000 -1.3311762 0.5554548 8.734048 
42653088145670 42653086911000 -1.1587936 0.8619126 8.676587 
42653153769629 42653153472000 -0.9864111 1.3599066 8.169016 
42653220395671 42653220161000 -0.6607997 1.6567876 9.069236 
42653288101671 42653287835000 -0.62249243 1.6950948 9.519346 
42653354880670 42653354599000 -0.6512229 1.3215994 10.295067 
42653421583754 42653421343000 -0.2681506 0.5650316 11.137826 
42653488354587 42653488115000 -0.019153614 0.5554548 9.471462 
42653555235005 42653554913000 0.047884032 0.37349546 9.184157 
42653689140005 42653688874000 -0.05746084 0.63206923 8.599973 
42653755449671 42653755178000 0.095768064 1.043872 8.504205 
42653822144296 42653821915000 0.11492168 1.2449849 9.069236 
42653957004380 42653956647000 -0.047884032 1.2354081 9.739613 
42654023272588 42654022891000 -0.41180268 0.8523358 10.496181 
42654090179088 42654089845000 -1.3694834 -0.47884035 12.018892 
42654140733088 42654140066000 0.038307227 0.38307226 7.240066 
42654197566463 42654191134000 -1.3215994 0.40222588 8.513782 
42654241851505 42654241495000 -1.541866 0.009576807 9.270349 
42654292128171 42654291897000 -0.7182605 0.50757074 8.916007 
42654342923171 42654342723000 -0.8810662 0.8714894 8.331821 
42654397640088 42654393564000 -0.90979666 1.2066777 8.676587 
42654444075671 42654443743000 -0.842759 1.2162545 8.973468 
42654495316213 42654494680000 -0.9768343 1.3311762 9.3182335 
42654556414129 42654555119000 -0.81402856 0.8523358 9.892841 
42654605478338 42654605204000 -0.2873042 1.0247183 10.218452 
42654656026421 42654655733000 -1.0151415 0.08619126 10.888829 
42654706433421 42654706192000 -0.39264908 -0.32561144 11.080365 
42654757063296 42654756791000 -0.78529817 -0.16280572 9.701305 
42654807451713 42654807217000 -0.076614454 0.2873042 7.8912888 
42654863585339 42654858614000 -0.1436521 -0.17238252 9.490616 
42654909005422 42654908735000 0.1340753 -0.05746084 9.136273 
42654964010630 42654958913000 0.2777274 0.6607997 8.073248 
42655009734922 42655009493000 -0.48841715 0.81402856 8.571242 
42655063466339 42655059976000 -0.02873042 1.1013328 8.485051 
42655110976297 42655110665000 -0.19153613 1.1204864 9.174581 
42655161505214 42655161146000 0.15322891 1.5514427 9.174581 
42655213057256 42655212822000 0.038307227 1.4556746 9.394848 
42655263787172 42655263439000 -0.36391866 1.0821792 10.304645 
42655314095339 42655313840000 -0.92895025 1.3694834 10.25676 
42655364557630 42655364317000 -0.94810385 0.8714894 10.869676 
42655415238631 42655414936000 -1.4173675 -0.39264908 11.281479 
42655465902923 42655465528000 -0.8810662 0.6895301 9.078813 
42655516184339 42655515875000 -1.484405 0.5267244 9.136273 
42655566586756 42655566321000 -1.4748282 0.51714754 9.251195 
42655618175964 42655617792000 -0.7182605 1.1683705 8.590396 
42655669705255 42655669318000 -0.2681506 1.7717092 7.7189064 
42655729697005 42655729441000 -0.35434186 1.9632454 8.073248 
42655780506464 42655780206000 -0.5267244 1.9440918 8.781932 
42655831583547 42655831299000 -0.7374141 1.934515 8.801085 
42655882727005 42655882317000 -0.33518824 2.183512 9.040505 
42655933209547 42655932897000 -0.32561144 2.030283 9.56723 
42655984586505 42655984280000 -0.6895301 2.2218192 10.04607 
42656034817213 42656034517000 -0.7278373 1.484405 11.262324 
42656089925631 42656085562000 -0.6703765 0.41180268 11.310209 
42656137149173 42656136922000 -0.39264908 0.5650316 9.356541 
42656190420173 42656190141000 0.1340753 1.1875241 7.795521 
42656241753756 42656241455000 0.45968673 0.8331822 9.030929 
42656302733340 42656302122000 0.24899697 0.6512229 9.643845 
42656353638256 42656353430000 0.34476504 1.0342951 7.422025 
42656404166631 42656403947000 0.12449849 2.1260512 7.9104424 
42656456466632 42656456204000 -0.41180268 2.0111294 9.078813 
42656508626715 42656508112000 -0.12449849 1.9632454 9.002198 
42656560873173 42656560607000 -0.41180268 2.1547816 10.295067 
42656611536590 42656611225000 -0.5650316 1.6280571 10.668563 
42656662212673 42656661663000 -1.2258313 1.2258313 10.812215 
42656712910465 42656712504000 -1.6376339 0.6703765 10.745177 
42656765848465 42656763706000 -1.2162545 0.19153613 10.658986 
42656814116631 42656813893000 -1.043872 0.641646 7.7189064 
42656864659173 42656864359000 -1.9919758 0.6991069 8.628703 
42656915191049 42656914849000 -1.9249382 0.6512229 9.586384 
42656967166632 42656966868000 -1.2641385 1.0055647 8.2169 
42657018335340 42657018064000 -1.0151415 1.3215994 8.437167 
42657068553756 42657068324000 -1.0247183 1.7429788 7.9391727 
42657118988798 42657118767000 -0.9959879 1.7525556 9.050082 
42657169718548 42657169380000 -1.3790601 1.8387469 9.193734 
42657219997840 42657219764000 -1.0247183 1.8866309 9.500193 
42657271329382 42657270974000 -0.93852705 1.6567876 9.931149 
42657323219923 42657321469000 -1.4173675 1.283292 10.419566 
42657373927839 42657373489000 -0.90021986 0.21068975 12.813767 
42657424573548 42657424205000 -1.1779473 -0.019153614 9.739613 
42657477988631 42657477700000 -0.47884035 0.39264908 7.8912888 
42657530525548 42657529152000 -0.10534488 0.31603462 9.662998 
42657598598090 42657580076000 0.17238252 -0.038307227 9.797073 
42657631390007 42657631028000 0.08619126 0.63206923 8.7532015 
42657684082298 42657683793000 0.019153614 1.340753 7.6231384 
42657734345048 42657734109000 -0.12449849 1.5035586 8.762778 
42657784832631 42657784576000 0.02873042 1.2354081 8.868123 
42657835510506 42657835130000 0.50757074 1.6567876 9.097966 
42657886968715 42657886413000 0.35434186 1.8387469 9.346964 
42657937089923 42657936829000 -0.095768064 1.7429788 10.065224 
42657988574965 42657988295000 0.05746084 1.6950948 10.160992 
42658041021381 42658040531000 -0.24899697 0.51714754 11.243171 
42658100514881 42658100265000 -0.02873042 -0.08619126 11.300632 
42658152272881 42658151945000 -0.47884035 0.7661445 7.824251 
42658203832173 42658203419000 -1.3120226 0.38307226 8.293514 
42658256112673 42658254758000 -0.79487497 0.20111294 9.921572 
42658305869715 42658305217000 0.12449849 0.641646 8.820239 
42658356189548 42658355860000 -0.35434186 0.9576807 8.523358 
42658407820923 42658407549000 -0.31603462 1.2258313 8.599973 
42658463086006 42658458672000 -0.038307227 1.3024458 9.040505 
42658518758881 42658518535000 -0.61291564 1.3694834 8.916007 
42658570336006 42658570085000 -0.4309563 1.1683705 9.375694 
42658621280256 42658621018000 -0.59376204 1.3694834 9.902418 
42658672127881 42658671681000 -0.6607997 1.0055647 10.496181 
42658722982465 42658722736000 0.15322891 0.2873042 12.765883 
42658773326298 42658773093000 0.50757074 -0.08619126 10.362105 
42658825094423 42658824839000 -0.095768064 0.21068975 8.983045 
42658878811840 42658878302000 -0.019153614 0.047884032 9.174581 
42658946814673 42658946384000 0.2777274 0.02873042 9.232041 
42659010162756 42659009910000 0.22984336 0.31603462 8.647857 
42659102287298 42659077068000 0.1340753 0.93852705 8.0445175 
42659144169715 42659143722000 0.08619126 0.94810385 8.379706 
42659210528341 42659210239000 0.019153614 1.0055647 9.299079 
42659280454633 42659279855000 0.009576807 0.91937345 10.036493 
42659346874258 42659346496000 -0.30645782 0.7182605 10.189722 
42659413479674 42659413169000 -0.61291564 0.29688102 10.295067 
42659481401924 42659480885000 -0.46926352 -0.1340753 9.768343 
42659549304507 42659548934000 -0.8810662 0.019153614 9.11712 
42659613887757 42659613585000 -0.91937345 0.05746084 9.557653 
42659680888341 42659680507000 -0.9959879 0.076614454 9.471462 
42659748145424 42659747586000 -1.1204864 0.45968673 8.743625 
42659814273715 42659813983000 -1.091756 0.78529817 8.542512 
42659881064007 42659880803000 -1.0247183 0.641646 9.155427 
42659947645507 42659947392000 -0.6991069 0.60333884 9.835381 
42660019611757 42660014187000 -0.82360536 0.8714894 9.940725 
42660090575132 42660081273000 -0.32561144 0.10534488 11.032481 
42660148130799 42660147780000 -0.22984336 -0.06703765 9.279925 
42660214810466 42660214497000 -0.58418524 0.19153613 8.590396 
42660281726382 42660281319000 0.1436521 -0.20111294 9.528923 
42660348407466 42660348080000 0.047884032 0.1340753 8.954314 
42660415215257 42660414854000 0.019153614 0.47884035 8.7053175 
42660482397632 42660481948000 0.16280572 0.63206923 9.155427 
42660550978466 42660548847000 0.1436521 0.6895301 9.222465 
42660615783382 42660615475000 0.18195933 0.78529817 9.299079 
42660682537049 42660682185000 -0.076614454 0.62249243 9.615114 
42660749224466 42660748881000 -0.32561144 0.51714754 9.950302 
42660815995549 42660815661000 1.3599066 -0.6895301 10.850522 
42660882774342 42660882412000 -0.25857377 0.31603462 8.8777 
42660949495467 42660949196000 -0.6703765 0.33518824 8.983045 
42661016405009 42661016086000 -1.0151415 0.35434186 9.107543 
42661095953550 42661082856000 -1.1587936 0.60333884 8.724471 
42661150052926 42661149688000 -1.0534488 0.81402856 8.992621 
42661216429217 42661216160000 -0.6703765 -0.22026655 9.050082 
42661283852217 42661283241000 -0.30645782 -0.02873042 9.509769 
42661350356717 42661349853000 0.25857377 0.7086837 9.959879 
42661416819009 42661416495000 -0.22984336 0.20111294 11.262324 
42661483921925 42661483447000 -0.1340753 -0.4213795 10.840945 
42661550909217 42661550363000 0.11492168 0.16280572 8.887277 
42661617087591 42661616795000 -0.20111294 0.009576807 8.676587 
42661684109341 42661683714000 -0.32561144 0.08619126 9.557653 
42661751904550 42661751538000 0.16280572 0.48841715 8.465898 
42661817313633 42661817106000 -0.095768064 0.61291564 6.8761473 
42661884203716 42661883959000 -0.1340753 1.1779473 8.935161 
42661951462217 42661950930000 -0.05746084 1.2737153 8.868123 
42662017732133 42662017490000 -0.16280572 1.388637 10.43872 
42662084615216 42662084252000 -0.6512229 1.0821792 10.563218 
42662151398301 42662151069000 -0.6703765 0.19153613 10.831368 
42662228005425 42662217746000 -0.545878 0.7086837 9.346964 
42662285275051 42662284915000 -0.6703765 0.5746084 9.308656 
42662351579426 42662351304000 -0.6607997 0.39264908 9.414001 
42662431522885 42662418171000 -0.5267244 1.2354081 8.66701 
42662485653426 42662485292000 -0.62249243 1.3311762 8.437167 
42662553207592 42662552882000 -0.90021986 1.2066777 8.734048 
42662618840759 42662618572000 -0.5363012 1.5227122 9.002198 
42662685374009 42662685127000 -0.38307226 1.6376339 9.787497 
42662756437467 42662753357000 -0.545878 1.4939818 10.333375 
42662819127759 42662818821000 -0.38307226 0.7086837 10.745177 
42662885735135 42662885480000 -0.019153614 0.81402856 9.3182335 
42662952746426 42662952442000 -0.076614454 0.7661445 9.509769 
42663022327634 42663019832000 -0.05746084 0.40222588 9.078813 
42663085952384 42663085706000 0.009576807 1.1779473 8.264784 
42663152682134 42663152434000 -0.12449849 1.4460979 8.801085 
42663219481467 42663219191000 -0.06703765 1.4652514 9.279925 
42663286376551 42663286068000 0.009576807 1.283292 10.103531 
42663353905009 42663353643000 -0.23942018 1.4173675 10.477027 
42663419901467 42663419572000 -0.6895301 0.8619126 11.032481 
42663486516259 42663486257000 -0.7086837 0.50757074 9.548077 
42663553409051 42663553073000 -0.94810385 0.9576807 8.647857 
42663620252676 42663619889000 -1.1109096 0.61291564 9.174581 
42663686912842 42663686603000 -0.8523358 0.7278373 8.571242 
42663753745092 42663753425000 -0.641646 1.0151415 8.226477 
42663820517384 42663820151000 -0.8523358 1.6280571 8.647857 
42663887393635 42663887022000 -0.89064306 1.7621324 9.184157 
42663954152093 42663953828000 -0.8714894 1.7717092 9.835381 
42664020775468 42664020492000 -0.90021986 1.340753 11.128249 
42664087808051 42664087426000 -0.62249243 0.7182605 11.549629 
42664154263926 42664153965000 -0.11492168 0.9576807 9.040505 
42664221081510 42664220800000 -0.20111294 1.0151415 9.241618 
42664287794343 42664287472000 0.038307227 0.50757074 9.279925 
42664354678176 42664354259000 0.15322891 1.1587936 8.42759 
42664421359551 42664421027000 0.19153613 1.6089035 8.532935 
42664487988884 42664487724000 0.24899697 1.7717092 8.810662 
42664555111344 42664554625000 0.18195933 1.9057846 9.203311 
42664621607636 42664621293000 0.038307227 1.9249382 9.442732 
42664688771802 42664688507000 -1.043872 1.4173675 10.888829 
42664755472760 42664755234000 -1.0342951 0.7757214 11.061212 
42664822244301 42664822012000 -0.7757214 1.0151415 8.7053175 
42664896822385 42664893478000 -1.1204864 0.90979666 9.595961 
42664960919718 42664960309000 -1.0726024 0.81402856 9.165004 
42665027837760 42665027465000 -0.40222588 1.3790601 7.7093296 
42665094258426 42665093933000 -0.89064306 1.6280571 8.504205 
42665160980385 42665160652000 -0.81402856 1.7525556 8.7532015 
42665227693093 42665227380000 -0.91937345 1.7238252 9.787497 
42665294483010 42665294150000 -0.80445176 2.0015526 9.931149 
42665362251635 42665361919000 -0.6607997 1.3120226 11.118672 
42665428041635 42665427716000 -0.41180268 1.292869 9.203311 
42665496450802 42665494536000 -0.33518824 1.7046716 8.772355 
42665561832010 42665561489000 -0.45010993 1.0247183 9.375694 
42665628397301 42665628022000 -0.22984336 1.7429788 8.456321 
42665695236718 42665694856000 -0.37349546 1.8483237 8.034941 
42665761839802 42665761545000 -0.46926352 2.1547816 8.887277 
42665828676260 42665828328000 -0.18195933 2.0015526 8.724471 
42665895317468 42665895065000 -0.47884035 1.934515 9.605537 
42665962108843 42665961830000 -0.90979666 1.4652514 10.553641 
42666028978802 42666028750000 -1.0055647 0.80445176 10.840945 
42666095801135 42666095501000 -1.1109096 0.80445176 9.260772 
42666162398093 42666162111000 -1.3311762 0.7565677 9.203311 
42666229092218 42666228844000 -0.78529817 0.5746084 9.088389 
42666295869510 42666295622000 -0.16280572 1.1300632 8.341399 
42666362729427 42666362491000 -0.2873042 1.3024458 8.207323 
42666429523010 42666429195000 -0.36391866 1.5610195 8.848969 
42666496329052 42666496006000 -0.24899697 1.9536686 9.040505 
42666563122678 42666562749000 -0.22026655 1.7238252 9.107543 
42666632114220 42666629677000 -0.89064306 1.685518 10.496181 
42666696646178 42666696308000 -0.7086837 0.7757214 11.21444 
42666763505845 42666763120000 0.047884032 1.2162545 9.11712 
42666830035428 42666829771000 -0.9672575 1.340753 9.9790325 
42666896852470 42666896578000 -0.78529817 1.0342951 8.858546 
42666964590469 42666964181000 -0.5363012 1.685518 8.781932 
42667030356178 42667030088000 -0.9576807 1.7142484 9.203311 
42667097123220 42667096860000 -0.49799395 1.4652514 8.829816 
42667163963845 42667163662000 -0.095768064 1.7908629 9.595961 
42667230950053 42667230618000 0.31603462 1.8004397 9.844957 
42667297565552 42667297244000 -0.1436521 1.9153614 10.362105 
42667364257927 42667363935000 -0.06703765 0.8810662 10.01734 
42667431105177 42667430717000 -0.47884035 1.3790601 9.097966 
42667498240677 42667497932000 -0.40222588 0.6895301 9.021352 
42667564515720 42667564209000 -0.40222588 0.93852705 9.193734 
42667631527344 42667631161000 -0.6895301 1.2737153 8.781932 
42667698551094 42667697794000 -1.2354081 1.8962077 8.360553 
42667765370011 42667764978000 -0.92895025 2.0207062 9.241618 
42667834874302 42667833634000 -0.5363012 2.0015526 9.232041 
42667898528177 42667898210000 -0.33518824 2.4612393 9.586384 
42667965460136 42667965002000 -0.20111294 2.2601264 9.844957 
42668032885594 42668032406000 -0.11492168 1.2737153 11.109096 
42668098803261 42668098497000 -0.2777274 1.043872 9.088389 
42668165814969 42668165366000 0.30645782 1.0055647 9.241618 
42668233206553 42668232721000 0.32561144 1.1492168 9.040505 
42668299131344 42668298836000 0.19153613 1.4269443 8.504205 
42668366180094 42668365735000 0.59376204 1.7812861 8.283937 
42668432983971 42668432485000 0.46926352 1.8866309 8.791509 
42668499509345 42668499205000 0.6607997 1.7717092 9.576807 
42668566901554 42668566356000 1.0342951 1.733402 9.739613 
42668633762179 42668633213000 0.9959879 1.6759412 10.103531 
42668700049763 42668699754000 0.2777274 0.047884032 11.386824 
42668767981928 42668767273000 0.31603462 0.4405331 8.437167 
42668833798303 42668833467000 0.17238252 0.41180268 8.925584 
42668900405512 42668900109000 0.10534488 0.2681506 9.232041 
42668967652179 42668967052000 0.019153614 0.46926352 8.954314 
42669034289095 42669033910000 -0.047884032 1.0726024 8.494628 
42669100774429 42669100491000 -0.15322891 1.3982137 9.069236 
42669168470637 42669167968000 -0.2873042 1.4556746 9.212888 
42669234425054 42669234139000 -0.21068975 1.5227122 9.797073 
42669302103304 42669301358000 0.02873042 0.82360536 11.463438 
42669368057554 42669367640000 0.33518824 0.5363012 10.400413 
42669434957595 42669434459000 -0.23942018 0.61291564 8.504205 
42669501630762 42669501292000 0.038307227 0.4405331 9.126697 
42669568446095 42669568025000 0.41180268 0.23942018 9.260772 
42669635458554 42669635192000 0.62249243 0.6991069 8.418014 
42669702260804 42669701976000 0.82360536 1.1109096 8.389283 
42669768407845 42669768129000 1.0342951 1.2737153 9.136273 
42669835220888 42669834892000 1.0630256 1.4652514 9.040505 
42669903628221 42669903125000 0.641646 1.1013328 10.477027 
42669979426387 42669968624000 0.10534488 0.47884035 10.295067 
42670037522096 42670037169000 -0.22026655 0.15322891 10.67814 
42670103393554 42670102968000 -0.46926352 0.25857377 9.653421 
42670169071054 42670168818000 -1.2258313 0.12449849 8.791509 
42670236467054 42670236207000 -1.340753 0.12449849 9.126697 
42670303324970 42670303009000 -0.842759 0.11492168 8.561666 
42670370211221 42670369897000 -0.5554548 0.641646 8.303091 
42670437417679 42670437157000 -0.35434186 0.91937345 8.734048 
42670504100429 42670503573000 -0.545878 0.6607997 9.3661175 
42670570290262 42670570067000 -0.2873042 0.7757214 9.471462 
42670637267512 42670636914000 -0.33518824 0.45010993 10.237606 
42670704210638 42670703835000 -0.545878 -0.41180268 10.668563 
42670770860763 42670770469000 -0.34476504 -0.06703765 9.490616 
42670837546763 42670837215000 0.019153614 0.06703765 9.528923 
42670904745763 42670904250000 0.05746084 -0.10534488 9.385271 
42670972179513 42670971746000 0.009576807 0.29688102 8.916007 
42671038005971 42671037625000 0.076614454 0.80445176 8.647857 
42671104856929 42671104430000 0.05746084 0.7565677 8.810662 
42671171472347 42671171095000 0.22984336 0.9959879 9.299079 
42671238183472 42671237860000 0.1340753 0.8523358 9.739613 
42671305185514 42671304740000 -0.35434186 0.7757214 9.921572 
42671371940889 42671371521000 -0.7086837 -0.02873042 10.91756 
42671438465972 42671438159000 -0.40222588 0.23942018 9.701305 
42671506273222 42671505815000 -0.7565677 0.31603462 8.963891 
42671572099763 42671571732000 -0.6703765 0.4213795 8.973468 
42671638861846 42671638532000 -0.6607997 0.45010993 8.571242 
42671705690221 42671705329000 -0.33518824 1.0821792 8.513782 
42671772284389 42671771971000 -0.33518824 1.4173675 8.322245 
42671839028263 42671838728000 -0.60333884 1.5131354 9.519346 
42671906059764 42671905660000 -0.39264908 1.1109096 10.189722 
42671972636889 42671972349000 -0.06703765 1.1875241 9.988609 
42672039862513 42672039641000 -0.6991069 0.009576807 10.553641 
42672107581722 42672106046000 -0.5746084 0.16280572 9.270349 
42672172931139 42672172605000 -0.50757074 0.12449849 9.375694 
42672239626555 42672239345000 0.23942018 0.12449849 9.749189 
42672306635055 42672306259000 0.08619126 0.21068975 9.136273 
42672373476013 42672373038000 -0.12449849 0.6991069 8.513782 
42672440237847 42672439819000 -0.047884032 0.842759 9.002198 
42672506982597 42672506599000 -0.009576807 0.92895025 9.222465 
42672575721388 42672575155000 -0.23942018 0.8714894 9.710882 
42672641370680 42672640652000 -0.39264908 0.6991069 10.0748005 
42672707209597 42672706857000 -0.35434186 -0.02873042 10.534488 
42672774396347 42672773832000 -1.1587936 0.34476504 8.992621 
42672841044680 42672840570000 -1.1779473 0.11492168 9.11712 
42672907623638 42672907206000 -1.3982137 0.7278373 8.868123 
42672974351638 42672973949000 -1.6280571 1.1013328 8.90643 
42673041091305 42673040771000 -1.484405 1.0247183 8.647857 
42673108323680 42673107999000 -1.8674773 1.5131354 9.002198 
42673174646388 42673174329000 -1.8387469 1.5131354 9.385271 
42673241346014 42673241087000 -2.1547816 1.3311762 9.959879 
42673308010930 42673307776000 -1.9728222 0.7182605 10.572795 
42673374765932 42673374500000 -1.8962077 0.7374141 9.605537 
42673448869472 42673441306000 -1.5897499 0.5650316 9.289502 
42673508233264 42673508027000 -1.4939818 -0.16280572 9.969456 
42673576587597 42673575084000 -1.1109096 0.51714754 8.762778 
42673644119513 42673642718000 -0.92895025 1.2641385 8.073248 
42673708812930 42673708497000 -0.78529817 1.436521 8.475474 
42673775954222 42673775386000 -0.93852705 1.5801731 9.078813 
42673843240056 42673842718000 -1.1971009 1.5705963 9.730036 
42673909480473 42673909219000 -1.4269443 1.4460979 10.189722 
42673976550931 42673976154000 -1.532289 0.45010993 11.166556 
42674043384847 42674042920000 -1.3694834 0.36391866 9.500193 
42674109846973 42674109542000 -2.0494366 0.6512229 8.360553 
42674176887598 42674176472000 -1.7046716 0.23942018 8.868123 
42674243723931 42674243257000 -1.8100165 0.39264908 8.446744 
42674310200098 42674309896000 -1.9536686 0.81402856 8.197746 
42674377563848 42674376925000 -1.8291701 1.2545617 8.513782 
42674443679848 42674443428000 -1.7812861 1.340753 8.896853 
42674514981431 42674510259000 -1.8195933 1.4556746 9.548077 
42674577227055 42674576972000 -1.7046716 1.3790601 9.739613 
42674644137181 42674643731000 -1.8195933 0.23942018 10.869676 
42674710856223 42674710544000 -1.5801731 0.45968673 8.916007 
42674777736474 42674777326000 -1.4652514 0.2681506 9.375694 
42674844520182 42674844174000 -1.1779473 0.4309563 9.059659 
42674911110724 42674910840000 -1.0630256 0.78529817 8.207323 
42674977859265 42674977619000 -1.1875241 1.2545617 8.504205 
42675044537140 42675044258000 -1.1875241 1.3024458 9.222465 
42675111327599 42675111061000 -1.388637 1.388637 9.414001 
42675178119807 42675177826000 -1.733402 1.1492168 9.854534 
42675244859181 42675244539000 -2.2984335 0.19153613 11.300632 
42675311670140 42675311323000 -2.2218192 0.095768064 10.390836 
42675378643056 42675378193000 -2.4516625 0.45968673 8.39886 
42675445496932 42675444963000 -2.5474305 0.24899697 8.810662 
42675511940598 42675511620000 -2.5091233 0.50757074 8.504205 
42675579220556 42675578648000 -2.3750482 0.93852705 8.178593 
42675646323223 42675645640000 -2.1930888 1.1109096 8.236053 
42675712167140 42675711929000 -2.0015526 1.292869 8.896853 
42675779584973 42675778975000 -2.087744 1.2354081 9.490616 
42675846114515 42675845726000 -2.1739352 1.1204864 9.481039 
42675912584765 42675912310000 -1.5897499 0.25857377 9.931149 
42675980131723 42675979395000 -1.484405 0.39264908 8.963891 
42676049085640 42676048415000 -1.1204864 0.19153613 9.624691 
42676112857641 42676112609000 -0.90979666 0.22026655 9.375694 
42676179886849 42676179531000 -0.8331822 0.4309563 8.762778 
42676247052932 42676246448000 -0.7661445 0.94810385 8.542512 
42676313556391 42676313149000 -0.7182605 1.091756 9.136273 
42676380240058 42676379891000 -0.7086837 1.0821792 9.442732 
42676447803181 42676446935000 -1.13964 0.7182605 10.007763 
42676514036890 42676513556000 -1.3982137 0.58418524 10.314221 
42676580723057 42676580270000 -1.5227122 -0.047884032 10.697293 
42676647747849 42676647184000 -1.7238252 0.49799395 8.887277 
42676714763765 42676714420000 -1.6950948 0.36391866 9.069236 
42676781201474 42676780702000 -1.5227122 0.34476504 8.925584 
42676848138557 42676847467000 -1.6759412 0.641646 8.475474 
42676914671765 42676914202000 -1.2449849 0.81402856 8.37013 
42676981409765 42676980973000 -1.13964 1.1875241 9.040505 
42677048247515 42677047737000 -1.0726024 1.2258313 9.404425 
42677114958682 42677114511000 -1.2354081 0.9864111 10.28549 
42677181502640 42677181164000 -1.1492168 0.545878 10.783484 
42677315370766 42677314908000 -0.6607997 -0.24899697 9.337387 
42677382011599 42677381618000 -0.33518824 -0.37349546 9.595961 
42677449666182 42677449078000 -0.32561144 0.16280572 8.437167 
42677515633099 42677515217000 -0.18195933 0.63206923 8.465898 
42677582324057 42677581950000 -0.19153613 0.6703765 8.801085 
42677650083390 42677649193000 -0.45010993 0.8523358 9.452309 
42677716103807 42677715738000 -0.58418524 0.91937345 9.682152 
42677782899099 42677782598000 -0.8331822 0.8619126 10.802638 
42677849715890 42677849399000 -1.2641385 0.06703765 10.524911 
42677917769558 42677916291000 -1.3982137 0.2681506 9.548077 
42677983826016 42677983483000 -1.6759412 0.15322891 9.356541 
42678050633683 42678049648000 -1.733402 0.33518824 8.983045 
42678116953017 42678116484000 -1.6280571 0.5650316 8.465898 
42678183505933 42678183166000 -1.3503298 1.0247183 8.590396 
42678250242350 42678249864000 -1.283292 1.1875241 8.695741 
42678317853308 42678317214000 -1.2066777 1.1779473 9.394848 
42678384016683 42678383701000 -1.2641385 0.9959879 9.682152 
42678451264683 42678450758000 -1.2545617 0.94810385 9.528923 
42678519027308 42678518353000 -0.9768343 0.2777274 10.362105 
42678584295475 42678583985000 -0.94810385 0.31603462 9.289502 
42678651472225 42678650957000 -0.8714894 0.17238252 9.662998 
42678718219725 42678717698000 -0.62249243 0.33518824 9.279925 
42678784612266 42678784306000 -0.6607997 0.61291564 8.571242 
42678852177725 42678851645000 -0.5267244 0.9959879 8.619126 
42678918724184 42678918178000 -0.35434186 1.0630256 9.14585 
42678985186893 42678984797000 -0.5267244 1.1204864 9.595961 
42679054281642 42679052088000 -0.8714894 0.8523358 10.28549 
42679118463767 42679118180000 -1.13964 0.46926352 11.243171 
42679185381059 42679184990000 -1.0342951 0.076614454 9.816227 
42679252375851 42679252028000 -1.4269443 0.37349546 8.39886 
42679318962184 42679318660000 -1.4077905 0.33518824 8.887277 
42679386227143 42679385625000 -1.3790601 0.36391866 9.107543 
42679452640476 42679452192000 -1.388637 0.80445176 8.331821 
42679519431600 42679518993000 -1.2737153 0.90021986 8.389283 
42679587382101 42679586724000 -1.3120226 0.9864111 9.165004 
42679653234475 42679652740000 -1.2258313 0.93852705 9.519346 
42679719505725 42679719166000 -1.292869 0.79487497 9.576807 
42679789352601 42679787644000 -1.2545617 0.29688102 11.15698 
42679855824393 42679854292000 -1.1779473 0.20111294 9.576807 
42679920116935 42679919683000 -0.9959879 0.2873042 8.695741 
42679986964143 42679986456000 -0.92895025 0.08619126 9.969456 
42680053443142 42680053136000 -0.82360536 0.24899697 9.078813 
42680121308518 42680120463000 -0.7757214 1.0151415 8.504205 
42680187433100 42680186874000 -0.61291564 1.0534488 8.887277 
42680254013350 42680253604000 -0.89064306 1.2449849 9.509769 
42680320736351 42680320352000 -0.9768343 1.1109096 9.921572 
42680387832934 42680387230000 -1.2641385 0.8810662 10.67814 
42680454160059 42680453834000 -1.1875241 0.2873042 9.682152 
42680520923434 42680520584000 -1.3790601 0.4213795 8.858546 
42680589068850 42680587523000 -1.283292 0.10534488 9.586384 
42680656402976 42680654595000 -1.1683705 0.10534488 9.155427 
42680723168559 42680721387000 -1.0821792 0.38307226 8.494628 
42680789540184 42680787850000 -0.90979666 0.82360536 8.408437 
42680855951851 42680855187000 -0.90979666 0.9672575 8.935161 
42680922009143 42680921248000 -0.9864111 1.0342951 9.404425 
42680990592768 42680988625000 -1.0630256 1.1492168 9.461885 
42681056632518 42681055002000 -1.2641385 1.340753 9.931149 
42681144935934 42681122169000 -1.0342951 0.7757214 10.70687 
42681189638143 42681188748000 -0.9672575 0.6991069 8.935161 
42681257162269 42681255547000 -0.60333884 0.4213795 9.337387 
42681323515185 42681322233000 -0.22984336 0.38307226 9.126697 
42681389118435 42681388818000 -0.22984336 0.6703765 8.532935 
42681456286269 42681455638000 -0.076614454 1.1109096 8.532935 
42681522900143 42681522396000 -0.12449849 1.4269443 9.203311 
42681589211268 42681589000000 -0.22026655 1.4556746 9.557653 
42681656271185 42681655990000 -0.48841715 1.1971009 10.237606 
42681723496810 42681723120000 -0.92895025 0.62249243 10.984597 
42681789511518 42681789297000 -1.1013328 0.34476504 10.362105 
42681856441769 42681856168000 -1.436521 0.32561144 8.925584 
42681923354977 42681923066000 -1.541866 0.34476504 9.385271 
42681989853060 42681989639000 -1.0151415 0.32561144 9.433155 
42682056839894 42682056514000 -0.8331822 0.7374141 8.590396 
42682123789060 42682123414000 -0.6895301 0.90979666 8.465898 
42682190304601 42682190078000 -0.842759 1.1013328 8.7532015 
42682257430726 42682256989000 -0.6703765 1.0630256 8.983045 
42682330955144 42682324373000 -0.842759 0.9959879 9.605537 
42682395876477 42682391084000 -1.2641385 0.78529817 10.97502 
42682463116435 42682458011000 -1.13964 0.15322891 11.425131 
42682529515726 42682524838000 -0.37349546 -0.19153613 8.983045 
42682595512143 42682591372000 -0.32561144 -0.047884032 9.423578 
42682658090476 42682657762000 0.08619126 -0.047884032 9.394848 
42682730826227 42682725133000 0.08619126 0.15322891 8.590396 
42682796336185 42682791348000 0.095768064 0.40222588 8.418014 
42682867681935 42682858450000 0.23942018 0.6799533 9.241618 
42682931110977 42682925380000 0.16280572 0.7661445 9.442732 
42682995524352 42682991733000 0.009576807 0.92895025 9.490616 
42683071331893 42683058526000 -0.25857377 0.90979666 11.21444 
42683144343685 42683125228000 -0.63206923 -0.076614454 9.509769 
42683214606601 42683191808000 -1.091756 0.076614454 8.236053 
42683288103602 42683258749000 -1.3982137 0.05746084 9.5385 
42683354485685 42683325587000 -1.283292 -0.019153614 9.730036 
42683436573686 42683392575000 -1.3311762 0.40222588 8.599973 
42683482005519 42683458887000 -1.292869 0.8331822 8.408437 
42683568157144 42683525791000 -1.2354081 1.043872 8.465898 
42683623514394 42683592684000 -1.0534488 1.0247183 9.471462 
42683690343102 42683659695000 -0.9959879 1.0151415 9.787497 
42683748800435 42683726919000 -0.8331822 0.7565677 10.208876 
42683821908269 42683793612000 -0.34476504 0.047884032 10.716447 
42683886983394 42683860518000 -0.5363012 0.23942018 9.165004 
42683954673144 42683928951000 -0.7278373 0.019153614 9.414001 
42684022674686 42683993871000 -0.5363012 0.019153614 9.442732 
42684088394061 42684060736000 -0.5363012 0.20111294 8.839393 
42684157158978 42684127509000 -0.7469909 0.39264908 8.379706 
42684221275936 42684194341000 -0.5650316 0.35434186 8.963891 
42684289157561 42684261105000 -0.20111294 0.45010993 9.337387 
42684356808811 42684327812000 -0.2681506 0.40222588 9.931149 
42684395714020 42684394532000 -0.39264908 0.24899697 9.940725 
42684465002769 42684463185000 -0.80445176 -0.02873042 10.5440645 
42684530178603 42684529893000 -0.50757074 -0.18195933 9.787497 
42684664226603 42684663985000 -1.0726024 0.38307226 9.050082 
42684730486020 42684730248000 -1.0247183 0.38307226 9.873688 
42684799741394 42684797297000 -0.8331822 0.5746084 9.11712 
42684864107269 42684863820000 -0.7565677 0.79487497 8.829816 
42684931019062 42684930718000 -0.6799533 0.79487497 9.088389 
42685000455145 42684997631000 -0.63206923 0.93852705 9.346964 
42685064386020 42685064098000 -0.6799533 1.0247183 9.3182335 
42685131167603 42685130894000 -0.7757214 1.2449849 9.375694 
42685201211895 42685198596000 -0.7757214 0.23942018 11.243171 
42685264669186 42685264444000 -0.33518824 0.10534488 10.189722 
42685331445312 42685331200000 -0.46926352 0.22026655 8.8777 
42685399319811 42685398850000 0.06703765 -0.4213795 9.998186 
42685465161853 42685464867000 0.23942018 -0.33518824 9.126697 
42685531793812 42685531520000 0.23942018 0.31603462 8.418014 
42685599951145 42685599534000 0.23942018 0.46926352 8.494628 
42685665411937 42685665173000 0.076614454 0.58418524 9.184157 
42685732677437 42685732417000 -0.08619126 0.641646 9.892841 
42685799234353 42685798899000 -0.17238252 0.58418524 10.01734 
42685865858562 42685865596000 -0.6607997 0.076614454 11.530476 
42685933275645 42685933030000 -0.48841715 -0.24899697 8.8777 
42686000620270 42686000238000 -0.9864111 0.076614454 8.408437 
42686067144603 42686066876000 -1.283292 0.06703765 9.385271 
42686208434895 42686201157000 -1.0630256 0.36391866 9.050082 
42686267472853 42686267227000 -0.6703765 0.4213795 8.916007 
42686334221228 42686333981000 -0.5746084 0.5650316 9.308656 
42686401644979 42686401055000 -0.60333884 0.641646 9.864111 
42686467834604 42686467575000 -0.8619126 0.80445176 9.624691 
42686534600937 42686534340000 -0.92895025 0.5267244 11.061212 
42686601555396 42686601246000 -0.2777274 -0.1340753 8.676587 
42686668496187 42686668288000 -0.63206923 0.15322891 8.552089 
42686734944020 42686734696000 -0.60333884 -0.17238252 9.643845 
42686801877937 42686801555000 0.05746084 -0.21068975 8.896853 
42686868663395 42686868339000 -0.009576807 0.16280572 8.513782 
42686935730145 42686935256000 0.08619126 0.59376204 8.743625 
42687002108145 42687001826000 0.11492168 0.5554548 9.078813 
42687069080687 42687068716000 -0.4405331 0.20111294 10.457873 
42687136180354 42687135649000 -0.7086837 0.10534488 10.831368 
42687202867937 42687202495000 -1.0821792 -0.047884032 11.128249 
42687269452228 42687269075000 -1.043872 -0.34476504 9.452309 
42687336400645 42687335973000 -1.5993267 -0.009576807 8.6574335 
42687402923979 42687402597000 -1.484405 -0.11492168 8.724471 
42687469830604 42687469439000 -1.4460979 -0.05746084 8.513782 
42687536770979 42687536360000 -1.4652514 0.17238252 8.37013 
42687603873437 42687603477000 -1.1683705 0.7278373 8.389283 
42687670305354 42687669836000 -1.1875241 0.7182605 9.509769 
42687737477229 42687736931000 -1.2258313 0.61291564 10.007763 
42687803563854 42687803264000 -1.091756 0.58418524 9.854534 
42687870564813 42687870163000 -1.4939818 0.45968673 10.67814 
42687937471563 42687937013000 -0.8714894 -0.51714754 9.730036 
42688003935813 42688003668000 -0.50757074 -0.5363012 8.475474 
42688076092730 42688070827000 -0.545878 -0.36391866 9.356541 
42688138868146 42688137429000 -0.4213795 -0.18195933 9.212888 
42688204242438 42688203958000 -0.34476504 0.41180268 8.7532015 
42688271072813 42688270762000 -0.25857377 0.5363012 9.078813 
42688337907187 42688337538000 -0.45968673 0.48841715 9.605537 
42688404730188 42688404351000 -0.48841715 0.48841715 9.998186 
42688471597396 42688471202000 -0.90021986 0.18195933 10.620679 
42688538291521 42688537911000 -0.842759 -0.4405331 11.080365 
42688605450272 42688604989000 -0.6799533 -0.4213795 9.557653 
42688672160313 42688671745000 -0.93852705 -0.1340753 8.973468 
42688805911146 42688805421000 -0.7661445 0.19153613 8.762778 
42688872230146 42688871934000 -0.81402856 0.49799395 8.686164 
42688938976396 42688938680000 -0.8331822 0.60333884 8.590396 
42689006260147 42689005773000 -0.91937345 0.7374141 9.251195 
42689072531813 42689072267000 -0.8523358 0.7182605 9.222465 
42689139181980 42689138985000 -1.3599066 0.7757214 10.745177 
42689210395855 42689206425000 -0.80445176 0.22984336 10.812215 
42689273017188 42689272705000 -0.51714754 0.047884032 9.835381 
42689339683855 42689339368000 -0.2777274 -0.076614454 9.442732 
42689406580147 42689406231000 -0.39264908 0.1340753 8.820239 
42689473754896 42689473321000 -0.4309563 0.32561144 8.37013 
42689540535230 42689540195000 -0.06703765 0.48841715 8.714894 
42689607340521 42689606768000 0.009576807 0.58418524 9.500193 
42689674453521 42689674053000 -0.11492168 0.6991069 9.950302 
42689744619772 42689744212000 -0.45010993 0.20111294 11.722012 
42689808158855 42689807915000 -0.5363012 -0.22984336 11.204864 
42689875301855 42689875034000 -0.6703765 -0.076614454 8.619126 
42689944040647 42689943692000 -1.0342951 -0.076614454 8.810662 
42690008574189 42690008257000 -1.0342951 -0.047884032 9.5385 
42690076792189 42690076348000 -0.8523358 0.29688102 8.8777 
42690142417981 42690141992000 -0.82360536 0.7374141 8.801085 
42690209036314 42690208713000 -0.78529817 0.93852705 8.954314 
42690276991231 42690276612000 -0.7278373 0.8523358 9.481039 
42690343829022 42690343476000 -0.6703765 0.7469909 9.423578 
42690410438731 42690410174000 -1.0534488 0.842759 9.969456 
42690477301355 42690476976000 -0.45968673 0.45010993 9.844957 
42690544106189 42690543756000 -0.50757074 0.5267244 8.992621 
42690610703147 42690610414000 -0.24899697 0.39264908 9.442732 
42690678504731 42690677374000 -0.15322891 0.48841715 8.762778 
42690744147981 42690743909000 -0.23942018 0.545878 8.42759 
42690816583106 42690810659000 -0.22026655 0.79487497 8.801085 
42690880534190 42690877491000 -0.12449849 0.8714894 9.097966 
42690954083356 42690944222000 -0.17238252 1.0055647 9.931149 
42691023749356 42691012823000 -0.45010993 0.7565677 10.773908 
42691084492647 42691078319000 -0.6895301 0.4213795 11.3964 
42691144742480 42691144494000 -0.81402856 0.17238252 9.260772 
42691211572272 42691211284000 -1.091756 0.22026655 8.695741 
42691278537105 42691278152000 -0.93852705 0.08619126 9.078813 
42691345143897 42691344846000 -0.7278373 0.40222588 8.743625 
42691439189064 42691411905000 -0.7086837 0.58418524 8.887277 
42691500203439 42691478708000 -0.45010993 1.1492168 8.858546 
42691555971522 42691545982000 -0.23942018 0.9959879 9.394848 
42691624660855 42691612081000 -0.1436521 1.0726024 9.500193 
42691679165022 42691678833000 -0.047884032 1.0151415 10.132261 
42691745853522 42691745597000 -0.41180268 0.50757074 11.329363 
42691812590189 42691812351000 0.10534488 0.30645782 10.132261 
42691886903315 42691880530000 0.30645782 0.30645782 7.9583263 
42691946496065 42691946236000 0.46926352 0.5267244 8.858546 
42692013149982 42692012926000 0.1436521 0.49799395 8.944737 
42692080214691 42692079814000 0.4405331 0.79487497 8.350976 
42692146777982 42692146508000 0.7661445 1.3982137 8.580819 
42692214551815 42692213347000 0.37349546 1.3120226 9.442732 
42692280552648 42692280176000 0.2873042 1.3024458 10.113108 
42692347231398 42692346948000 -0.05746084 0.47884035 10.821792 
42692413881190 42692413646000 -0.5267244 0.1436521 10.295067 
42692484272732 42692483746000 -0.2873042 0.34476504 9.222465 
42692548190607 42692547927000 -0.842759 0.39264908 8.829816 
42692615390815 42692615064000 -1.1204864 0.4405331 9.519346 
42692682298315 42692681960000 -0.80445176 0.7182605 8.647857 
42692748751731 42692748328000 -0.22984336 1.292869 8.552089 
42692815189482 42692814903000 -0.32561144 1.3790601 8.887277 
42692882558274 42692881993000 -0.60333884 1.2737153 9.337387 
42692948990065 42692948709000 0.009576807 1.2545617 9.088389 
42693015529232 42693015249000 -0.21068975 0.60333884 10.821792 
42693132452524 42693082022000 0.10534488 -0.12449849 11.702858 
42693149096232 42693148799000 0.2873042 0.05746084 9.797073 
42693216834315 42693216516000 0.7374141 0.15322891 8.283937 
42693282538149 42693282298000 0.5267244 0.29688102 9.299079 
42693349244773 42693348999000 0.45968673 0.50757074 8.781932 
42693416042274 42693415791000 0.5746084 0.9959879 8.801085 
42693482967523 42693482611000 0.59376204 1.1683705 9.078813 
42693550834691 42693550514000 0.40222588 1.4269443 9.643845 
42693617427191 42693617104000 -0.05746084 0.79487497 10.400413 
42693684414316 42693684024000 -0.22026655 0.4213795 11.18571 
42693752826024 42693752568000 -0.6799533 0.02873042 10.170568 
42693817596649 42693817363000 -1.1013328 0.17238252 9.251195 
42693888232024 42693884163000 -1.1300632 0.23942018 9.5385 
42693956905066 42693951073000 -0.90021986 0.49799395 8.944737 
42694017879899 42694017694000 -0.842759 0.6512229 8.590396 
42694087473274 42694084465000 -0.5650316 1.0055647 8.619126 
42694171594275 42694151306000 -0.63206923 1.1109096 9.11712 
42694241323233 42694218020000 -0.61291564 1.0342951 9.519346 
42694285079608 42694284755000 -0.6799533 0.7661445 10.371682 
42694352095440 42694351720000 -0.24899697 -0.25857377 11.233594 
42694418805690 42694418481000 -0.06703765 -0.1436521 9.548077 
42694485432816 42694485115000 0.047884032 -0.06703765 9.002198 
42694644648565 42694618892000 0.25857377 0.45968673 8.599973 
42694697674899 42694685508000 0.2681506 1.091756 8.379706 
42694770728899 42694752243000 0.41180268 1.091756 8.762778 
42694819292524 42694818989000 0.06703765 1.0247183 9.710882 
42694886024316 42694885739000 -0.25857377 0.82360536 10.0269165 
42694953128649 42694952719000 -0.8619126 0.545878 11.597513 
42695019687065 42695019349000 -0.32561144 -0.34476504 9.615114 
42695086678483 42695086287000 -0.6703765 -0.19153613 9.165004 
42695153135316 42695152878000 -1.6950948 0.06703765 9.174581 
42695220090441 42695219709000 -0.9959879 0.047884032 8.341399 
42695286673024 42695286412000 -0.6895301 0.21068975 8.829816 
42695353626732 42695353228000 -0.047884032 0.36391866 8.485051 
42695420670358 42695420191000 0.047884032 0.047884032 8.801085 
42695487025525 42695486659000 0.59376204 0.11492168 9.548077 
42695553916191 42695553509000 0.33518824 0.45968673 9.892841 
42695620856733 42695620377000 -0.59376204 0.20111294 11.070788 
42695687360900 42695687000000 0.6607997 -0.37349546 9.940725 
42695754850108 42695753971000 0.58418524 0.25857377 8.6095495 
42695821368608 42695820814000 0.48841715 0.1340753 9.021352 
42695887888108 42695887408000 0.5267244 0.076614454 9.394848 
42695954409233 42695954111000 0.50757074 0.37349546 8.561666 
42696021211650 42696020888000 0.16280572 1.0151415 9.155427 
42696087947400 42696087635000 0.10534488 1.1971009 9.490616 
42696154598650 42696154352000 0.009576807 1.091756 9.548077 
42696222701358 42696221312000 -0.2873042 0.90021986 10.371682 
42696288308775 42696287987000 -0.4213795 0.5650316 10.371682 
42696355429275 42696355125000 -0.58418524 -0.22026655 10.505757 
42696423488442 42696421517000 -1.0055647 0.20111294 8.810662 
42696488543858 42696488260000 -0.90021986 0.05746084 9.040505 
42696555315275 42696555038000 -0.7086837 -0.02873042 9.414001 
42696622489442 42696622137000 -0.59376204 0.50757074 8.437167 
42696688766733 42696688544000 -0.4213795 0.63206923 8.073248 
42696755618317 42696755351000 -0.40222588 0.9864111 9.595961 
42696822289650 42696822028000 -0.29688102 0.78529817 9.404425 
42696889031608 42696888796000 -0.19153613 0.8714894 9.873688 
42696955861942 42696955570000 -0.45010993 -0.05746084 11.501745 
42697022595233 42697022321000 0.05746084 -0.78529817 10.869676 
42697089303483 42697089063000 0.24899697 0.08619126 8.619126 
42697156183526 42697155878000 0.34476504 0.076614454 8.925584 
42697222977776 42697222641000 0.61291564 -0.33518824 9.442732 
42697291384067 42697289987000 0.22984336 0.34476504 8.571242 
42697358173651 42697357764000 0.38307226 0.45010993 8.523358 
42697424220359 42697423932000 0.18195933 0.7469909 8.954314 
42697491165026 42697490746000 -0.05746084 0.6895301 9.816227 
42697558457192 42697558101000 -0.25857377 0.5554548 9.854534 
42697624693567 42697624314000 -0.81402856 -0.12449849 11.099519 
42697694792900 42697691075000 -0.58418524 -0.41180268 11.36767 
42697757979317 42697757672000 -0.58418524 0.33518824 8.734048 
42697824720317 42697824429000 -0.63206923 -0.20111294 9.701305 
42697893816609 42697893400000 -0.5267244 -0.038307227 9.672575 
42697958456484 42697958139000 -0.21068975 0.5267244 8.494628 
42698025126235 42698024801000 -0.19153613 0.7278373 8.8777 
42698093345651 42698092751000 -0.095768064 0.8523358 8.983045 
42698159111526 42698158814000 -0.17238252 0.90979666 9.605537 
42698225940818 42698225660000 -0.009576807 0.8331822 9.77792 
42698292575317 42698292107000 -0.4213795 0.21068975 10.97502 
42698359324859 42698359104000 0.5746084 -0.095768064 9.5385 
42698427148692 42698426697000 0.22984336 0.23942018 7.6231384 
42698493287359 42698493001000 0.21068975 -0.05746084 9.394848 
42698560192775 42698559792000 0.02873042 0.7469909 9.701305 
42698628876484 42698628605000 -0.22984336 0.8619126 8.8777 
42698694256818 42698693538000 0.12449849 1.3790601 8.935161 
42698827109902 42698826829000 0.11492168 1.4556746 10.304645 
42698894001943 42698893632000 0.41180268 1.4652514 9.701305 
42698960892527 42698960541000 -0.047884032 0.7757214 11.137826 
42699027472110 42699027164000 -0.18195933 0.24899697 10.01734 
42699094163360 42699093861000 -0.32561144 0.34476504 8.8777 
42699163478068 42699163141000 -0.90979666 0.30645782 9.528923 
42699227652360 42699227381000 -0.7374141 0.39264908 8.714894 
42699294904526 42699294355000 -0.90021986 0.63206923 8.590396 
42699361205027 42699360923000 -0.5363012 1.2641385 8.475474 
42699427944818 42699427694000 -1.1587936 1.2258313 9.232041 
42699494822860 42699494483000 -1.0821792 1.3790601 9.404425 
42699561732985 42699561262000 -1.1204864 1.2354081 10.620679 
42699628260693 42699627967000 -0.9768343 0.7661445 10.611102 
42699695083610 42699694772000 -0.1340753 -0.22984336 10.43872 
42699761666027 42699761454000 0.5363012 0.4405331 7.747637 
42699828411777 42699828208000 0.2873042 0.39264908 9.069236 
42699895306860 42699894966000 0.41180268 0.58418524 9.002198 
42699962003568 42699961719000 0.60333884 0.7661445 8.408437 
42700029495860 42700028730000 0.4309563 0.9864111 8.580819 
42700095891069 42700095531000 0.22984336 1.3024458 8.963891 
42700231291569 42700230973000 -0.24899697 1.0342951 10.323798 
42700301837944 42700295857000 -0.50757074 0.05746084 11.176133 
42700362718277 42700362454000 -0.36391866 -0.47884035 11.281479 
42700429459527 42700429201000 0.23942018 0.35434186 8.226477 
42700496511985 42700496119000 -0.36391866 0.1340753 8.714894 
42700563032069 42700562748000 -0.2777274 0.038307227 9.308656 
42700629795235 42700629500000 -0.076614454 0.63206923 8.628703 
42700697799944 42700696352000 -0.2873042 0.8810662 8.724471 
42700765274569 42700764962000 -0.36391866 1.1109096 8.983045 
42700834717318 42700829846000 -0.5267244 1.2066777 9.911995 
42700897228110 42700896916000 -0.50757074 1.388637 9.011775 
42700963618444 42700963329000 -0.78529817 0.5267244 11.224017 
42701030442152 42701030142000 -0.34476504 0.08619126 11.15698 
42701097895277 42701097614000 -0.02873042 0.8810662 8.1881695 
42701165285403 42701165055000 -0.2681506 0.32561144 9.251195 
42701231345069 42701231127000 -0.18195933 0.30645782 9.461885 
42701298851777 42701298591000 -0.40222588 0.8619126 8.303091 
42701364987027 42701364670000 -0.6703765 0.9959879 8.839393 
42701441059569 42701431525000 -0.60333884 1.1683705 9.241618 
42701501359277 42701498232000 -0.59376204 0.91937345 10.170568 
42701565435569 42701565100000 -0.47884035 0.78529817 10.333375 
42701632000694 42701631691000 -0.23942018 0.49799395 10.1226845 
42701701016111 42701699379000 0.047884032 -0.17238252 10.141838 
42701766640861 42701766230000 0.12449849 0.34476504 8.954314 
42701833146903 42701832799000 -0.5650316 0.48841715 8.944737 
42701900739653 42701900307000 -0.8331822 0.40222588 9.605537 
42701966678403 42701966333000 -0.4405331 0.7565677 8.686164 
42702033837153 42702033539000 -1.043872 1.1204864 8.408437 
42702100779195 42702100203000 -0.82360536 1.3503298 8.647857 
42702166895945 42702166630000 -0.5746084 1.484405 9.059659 
42702233711569 42702233427000 -0.7086837 1.4077905 9.241618 
42702301253029 42702300722000 -0.8714894 1.3311762 9.32781 
42702367330361 42702367024000 -0.5267244 0.6512229 10.5919485 
42702446748028 42702434673000 0.009576807 0.15322891 10.955867 
42702501302403 42702500879000 -0.51714754 0.076614454 9.80665 
42702568036069 42702567741000 0.009576807 -0.10534488 10.132261 
42702634304069 42702634017000 0.02873042 0.038307227 9.615114 
42702701614611 42702701062000 -0.038307227 0.47884035 8.456321 
42702767938361 42702767639000 -0.1340753 0.5746084 8.580819 
42702834789403 42702834437000 -0.009576807 0.91937345 8.820239 
42702901949279 42702901294000 -0.06703765 1.13964 9.605537 
42702969038153 42702968661000 0.22026655 1.0151415 9.883265 
42703034947237 42703034647000 -0.15322891 0.25857377 11.118672 
42703102803195 42703102231000 -0.076614454 -0.50757074 10.0269165 
42703168510278 42703168177000 -0.58418524 -0.21068975 9.059659 
42703235269654 42703234935000 -0.41180268 -0.36391866 9.844957 
42703302397529 42703301883000 -0.4405331 -0.30645782 9.720459 
42703368907195 42703368616000 -0.7278373 0.22026655 8.418014 
42703446958279 42703435328000 -0.61291564 0.7374141 8.418014 
42703503498945 42703502959000 -0.59376204 0.81402856 8.839393 
42703569145195 42703568881000 -0.4405331 0.6607997 9.586384 
42703636357904 42703636072000 -0.32561144 0.11492168 10.831368 
42703703004778 42703702556000 0.19153613 -0.18195933 10.850522 
42703769383112 42703769134000 -0.038307227 0.11492168 8.801085 
42703903227029 42703902887000 0.48841715 -0.038307227 9.519346 
42703969723945 42703969439000 0.37349546 0.35434186 8.829816 
42704037430237 42704037054000 0.45968673 0.59376204 8.571242 
42704103503154 42704103204000 0.58418524 0.7469909 9.030929 
42704171097778 42704170644000 0.40222588 0.8619126 9.289502 
42704237478445 42704236717000 0.2777274 0.58418524 9.883265 
42704303622528 42704303332000 -0.095768064 -0.095768064 11.137826 
42704370764238 42704370317000 -0.18195933 -0.4309563 11.434708 
42704454023321 42704437123000 -0.7661445 0.095768064 9.241618 
42704503983821 42704503668000 -0.79487497 -0.17238252 9.615114 
42704572018529 42704571426000 -0.6512229 -0.21068975 9.682152 
42704637920445 42704637438000 -0.90021986 0.22984336 8.264784 
42704704327903 42704704059000 -0.8810662 0.40222588 8.264784 
42704771306153 42704770892000 -0.7565677 0.6991069 8.724471 
42704838110612 42704837659000 -0.5267244 0.78529817 9.442732 
42704904576153 42704904311000 -0.5267244 0.8619126 9.634268 
42704971714029 42704971252000 -0.46926352 0.39264908 10.745177 
42705038496279 42705038039000 -0.15322891 -0.047884032 10.955867 
42705107387112 42705107089000 -0.2777274 -0.02873042 9.232041 
42705171940112 42705171582000 0.2777274 -0.076614454 9.394848 
42705238726362 42705238342000 0.38307226 0.009576807 9.490616 
42705305210863 42705304925000 0.16280572 0.6512229 8.762778 
42705372086363 42705371760000 0.1436521 0.90021986 8.810662 
42705455279321 42705440688000 0.12449849 0.8619126 8.935161 
42705506268987 42705505929000 0.009576807 0.61291564 9.749189 
42705639616404 42705639374000 -0.24899697 -0.06703765 10.840945 
42705707548363 42705706552000 -0.5363012 -0.16280572 9.998186 
42705773518196 42705773075000 -0.78529817 0.06703765 9.289502 
42705840445655 42705839885000 -0.6799533 -0.2873042 9.873688 
42705907373905 42705906846000 -0.7278373 -0.18195933 9.050082 
42705974103196 42705973534000 -0.7086837 0.095768064 8.532935 
42706044812571 42706040372000 -0.51714754 0.7182605 8.283937 
42706107175904 42706106859000 -0.4309563 0.82360536 8.6095495 
42706174002279 42706173661000 -0.48841715 0.92895025 9.222465 
42706240815196 42706240485000 -0.5746084 1.1875241 9.643845 
42706308400737 42706307660000 -0.49799395 1.091756 9.892841 
42706374607112 42706374171000 0.05746084 -0.038307227 11.473015 
42706449593654 42706440863000 0.009576807 0.05746084 9.749189 
42706508045571 42706507627000 0.06703765 -0.05746084 8.781932 
42706574667863 42706574301000 0.2681506 -0.2681506 9.643845 
42706641329488 42706641028000 0.1436521 0.038307227 8.887277 
42706708392447 42706707919000 -0.22984336 0.8331822 8.025364 
42706774835322 42706774561000 -0.15322891 0.7661445 9.528923 
42706841581656 42706841314000 0.009576807 0.89064306 9.854534 
42706908871029 42706908292000 0.37349546 0.7374141 10.189722 
42706975265572 42706974947000 0.35434186 0.6703765 10.180145 
42707042125280 42707041835000 0.038307227 0.29688102 10.46745 
42707108960738 42707108673000 -0.05746084 -0.30645782 10.065224 
42707175980697 42707175314000 -0.45968673 -0.16280572 9.002198 
42707242303821 42707241999000 -0.5746084 -0.22984336 9.126697 
42707309564030 42707308980000 -0.4405331 -0.16280572 9.097966 
42707375936030 42707375585000 -0.6895301 0.02873042 8.619126 
42707450667488 42707442369000 -0.78529817 0.47884035 8.513782 
42707509891948 42707509284000 -0.6895301 0.63206923 8.820239 
42707576259530 42707575896000 -0.49799395 0.641646 9.433155 
42707642933405 42707642597000 -0.4405331 0.60333884 9.548077 
42707710178614 42707709631000 -0.41180268 0.39264908 10.103531 
42707776502364 42707776152000 0.17238252 -0.29688102 10.70687 
42707843213738 42707842918000 -0.076614454 -0.1436521 9.3661175 
42707910543864 42707909889000 -0.15322891 -0.545878 9.471462 
42707976972239 42707976618000 0.15322891 -0.7278373 9.768343 
42708043456655 42708043179000 0.12449849 -0.51714754 9.050082 
42708113592614 42708113029000 0.02873042 -0.038307227 8.944737 
42708177488156 42708177235000 0.038307227 0.17238252 9.165004 
42708243891614 42708243633000 0.11492168 0.22984336 9.279925 
42708310961948 42708310547000 0.08619126 0.20111294 9.739613 
42708378104864 42708377125000 0.17238252 0.16280572 9.864111 
42708455494406 42708443897000 -0.24899697 0.06703765 10.448297 
42708511455323 42708510989000 -0.50757074 -0.16280572 10.400413 
42708577602864 42708577390000 -0.81402856 -0.02873042 9.260772 
42708644501031 42708644207000 -1.0342951 0.46926352 8.868123 
42708712574906 42708712105000 -1.1587936 0.41180268 9.251195 
42708778014948 42708777711000 -1.1109096 0.46926352 8.90643 
42708844746781 42708844467000 -1.0726024 0.8619126 8.542512 
42708911513697 42708911216000 -0.9864111 0.90979666 8.829816 
42708978220197 42708977977000 -0.7565677 0.91937345 9.346964 
42709048183781 42709044744000 -0.46926352 0.9864111 9.548077 
42709125920906 42709111539000 -0.59376204 0.50757074 10.783484 
42709188102239 42709178422000 0.19153613 -0.45010993 10.6877165 
42709245455031 42709245117000 -0.23942018 -0.12449849 8.992621 
42709312078656 42709311796000 0.11492168 -0.46926352 9.500193 
42709379104489 42709378694000 0.45968673 -0.48841715 9.749189 
42709453053656 42709446069000 0.24899697 -0.11492168 8.839393 
42709512429489 42709512147000 0.33518824 0.38307226 8.39886 
42709579180989 42709578913000 0.18195933 0.90979666 8.992621 
42709646202239 42709645774000 0.22026655 0.90021986 9.165004 
42709747033906 42709712525000 0.038307227 0.9672575 9.835381 
42709806200406 42709779527000 -0.21068975 0.9576807 9.883265 
42709862861489 42709846278000 -0.8619126 0.23942018 10.572795 
42709937918781 42709913088000 -1.1587936 0.24899697 9.222465 
42709980582823 42709980331000 -1.2737153 0.35434186 9.299079 
42710047594114 42710046653000 -1.3694834 0.18195933 9.481039 
42710113797239 42710113467000 -1.2066777 0.45968673 9.069236 
42710180319198 42710180075000 -1.043872 0.80445176 8.561666 
42710247092823 42710246808000 -0.58418524 1.0342951 8.743625 
42710314539156 42710314232000 -0.4213795 0.9768343 9.002198 
42710380745865 42710380435000 -0.39264908 0.9672575 9.509769 
42710467236073 42710447272000 -0.60333884 0.7757214 9.864111 
42710515969781 42710515226000 -0.51714754 0.2777274 11.645397 
42710581008448 42710580724000 -0.009576807 -0.11492168 9.423578 
42710647665281 42710647402000 -0.06703765 -0.019153614 8.801085 
42710714973448 42710714686000 0.46926352 -0.10534488 9.643845 
42710781396573 42710781068000 0.2681506 0.25857377 9.011775 
42710848312156 42710848008000 0.25857377 0.545878 8.839393 
42710915165531 42710914814000 0.29688102 0.8810662 8.925584 
42710981984574 42710981630000 0.545878 1.0247183 9.346964 
42711049166948 42711048907000 0.18195933 1.1013328 9.892841 
42711115550740 42711115213000 -0.46926352 0.7086837 10.869676 
42711182529907 42711182092000 -0.5746084 0.2873042 11.195287 
42711249534324 42711249200000 -0.48841715 0.47884035 9.069236 
42711316501699 42711316136000 -1.292869 0.6703765 8.963891 
42711383175657 42711382837000 -0.78529817 0.48841715 9.423578 
42711471111408 42711449668000 -0.06703765 0.5746084 8.887277 
42711517717574 42711516416000 -0.21068975 0.6799533 8.360553 
42711583825532 42711583441000 -0.08619126 0.8619126 8.676587 
42711651092574 42711650754000 0.25857377 0.61291564 9.174581 
42711717512908 42711717206000 0.41180268 0.6895301 9.500193 
42711784327282 42711783981000 -0.5267244 0.48841715 11.137826 
42711851325616 42711850933000 0.48841715 -0.48841715 10.323798 
42711919205240 42711918676000 0.15322891 -0.4213795 9.030929 
42711986168324 42711985766000 -0.047884032 -0.02873042 8.6574335 
42712052931782 42712052513000 0.2777274 -0.095768064 9.615114 
42712121540116 42712120948000 0.19153613 0.22026655 8.025364 
42712188860615 42712188009000 -0.29688102 0.7661445 8.724471 
42712254494115 42712252886000 -0.10534488 0.7661445 8.724471 
42712321337324 42712319765000 0.15322891 0.8714894 9.481039 
42712387767491 42712386510000 -0.51714754 0.30645782 11.051635 
42712485864824 42712453331000 -0.23942018 -0.047884032 11.032481 
42712522397366 42712521777000 -0.22026655 -0.076614454 10.113108 
42712588620657 42712587622000 -0.58418524 0.038307227 9.337387 
42712655290699 42712655093000 -0.78529817 -0.038307227 9.509769 
42712723898866 42712723589000 -0.48841715 0.10534488 8.647857 
42712789164532 42712788376000 -0.45010993 0.45010993 8.66701 
42712855257866 42712854723000 -0.5554548 0.7565677 8.485051 
42712921912699 42712921530000 -0.6895301 1.0247183 9.442732 
42712988590532 42712988413000 -0.545878 1.13964 9.442732 
42713056044241 42713055081000 -0.41180268 1.2162545 9.289502 
42713125911199 42713121962000 -0.50757074 1.3120226 10.208876 
42713189058782 42713188819000 -0.33518824 0.2681506 10.70687 
42713255796782 42713255548000 -0.24899697 0.12449849 8.293514 
42713342921116 42713322332000 -0.17238252 0.2777274 8.887277 
42713411072951 42713389228000 -0.08619126 0.02873042 9.682152 
42713473710325 42713455958000 -0.05746084 0.16280572 9.212888 
42713539982200 42713522691000 -0.10534488 0.7757214 8.90643 
42713589644283 42713589451000 -0.05746084 0.9864111 8.580819 
42713656552534 42713656225000 -0.2777274 1.2449849 9.193734 
42713723199742 42713722963000 -0.33518824 0.9672575 9.634268 
42713790891992 42713790629000 -0.23942018 0.8523358 9.892841 
42713857016284 42713856691000 -0.5267244 0.59376204 9.940725 
42713925377242 42713925141000 -0.7565677 -0.1340753 10.630256 
42713990439326 42713990099000 -0.4405331 -0.05746084 10.170568 
42714057610700 42714056946000 -1.283292 0.009576807 9.078813 
42714109703408 42714109486000 -1.0151415 0.038307227 9.873688 
42714161993909 42714161706000 -0.5746084 0.23942018 8.887277 
42714221130450 42714220851000 -0.58418524 0.80445176 7.73806 
42714272303867 42714271903000 -0.7086837 0.9959879 8.7532015 
42714329774033 42714324520000 -0.7086837 1.0630256 9.337387 
42714383836366 42714383586000 -0.60333884 0.9768343 9.040505 
42714435418408 42714435171000 -0.48841715 0.93852705 9.643845 
42714486365659 42714485949000 -0.61291564 1.388637 10.362105 
42714537047409 42714536757000 -0.6607997 0.29688102 10.323798 
42714588714367 42714587876000 -0.89064306 -0.5650316 13.426683 
42714640782784 42714640544000 -0.4405331 -0.1436521 9.768343 
42714694569700 42714694028000 -0.34476504 0.7565677 7.3645644 
42714754182325 42714753954000 -0.48841715 0.1340753 9.375694 
42714804440159 42714804178000 -0.05746084 0.02873042 9.299079 
42714855419159 42714855198000 0.16280572 0.4213795 8.676587 
42714906247868 42714905711000 0.22026655 1.0821792 8.207323 
42714965871785 42714963695000 -0.009576807 0.93852705 8.772355 
42715014761242 42715014500000 0.019153614 1.1779473 9.241618 
42715065331410 42715065067000 0.02873042 1.0342951 9.471462 
42715115929284 42715115710000 -0.1436521 0.8810662 10.25676 
42715166518117 42715166236000 -0.5746084 0.641646 10.505757 
42715219610242 42715219054000 -1.0247183 0.39264908 10.189722 
42715269872867 42715269642000 -1.5227122 -0.2681506 11.654974 
42715320292701 42715320082000 -0.1340753 0.32561144 8.734048 
42715371145034 42715370851000 -1.5993267 0.50757074 8.523358 
42715421530950 42715421252000 -1.4077905 0.22026655 8.973468 
42715472054659 42715471769000 -1.091756 0.21068975 9.595961 
42715522420575 42715522204000 -0.7278373 0.545878 8.695741 
42715573588867 42715573276000 -0.47884035 1.0151415 8.628703 
42715624206076 42715623816000 -0.6512229 1.3024458 8.437167 
42715674861576 42715674533000 -0.6512229 1.3503298 9.375694 
42715729496951 42715725063000 -0.5746084 1.292869 9.375694 
42715776341826 42715775844000 -0.89064306 1.0821792 10.247183 
42715828055284 42715827399000 -0.89064306 1.5514427 10.333375 
42715887483743 42715887194000 -1.2354081 0.6799533 10.773908 
42715937863910 42715937554000 -0.50757074 -0.10534488 11.329363 
42715989920368 42715989696000 -0.08619126 0.63206923 8.963891 
42716041018118 42716040657000 -0.18195933 1.0821792 7.335834 
42716101033951 42716100774000 -0.19153613 0.7374141 8.772355 
42716151479992 42716151236000 0.08619126 0.6895301 9.758766 
42716202112951 42716201675000 0.02873042 1.1779473 8.7053175 
42716252719117 42716252299000 -0.17238252 1.7621324 8.236053 
42716304928076 42716304525000 -0.4309563 2.0207062 9.892841 
42716355382493 42716355109000 -0.46926352 2.135628 8.992621 
42716406202034 42716405743000 -0.08619126 2.0015526 9.260772 
42716469399909 42716465139000 0.05746084 1.1300632 9.720459 
42716515811243 42716515509000 0.59376204 1.2354081 10.103531 
42716566300076 42716565978000 0.1340753 1.1683705 9.595961 
42716617130160 42716616692000 -0.19153613 0.37349546 11.741165 
42716669036785 42716668705000 0.019153614 -0.038307227 11.21444 
42716729779868 42716727863000 0.16280572 0.46926352 8.236053 
42716779131993 42716778878000 -0.8619126 0.63206923 7.632715 
42716829767243 42716829397000 -0.35434186 0.842759 10.457873 
42716880328702 42716880095000 -0.7565677 0.6991069 10.141838 
42716931185785 42716930665000 -0.6895301 0.9576807 8.456321 
42716981313493 42716981059000 -0.2873042 1.2737153 8.676587 
42717033168660 42717032793000 -0.2777274 1.3024458 8.542512 
42717083717785 42717083348000 -0.29688102 1.388637 9.136273 
42717135277702 42717134763000 -0.25857377 1.6567876 8.963891 
42717185372077 42717185078000 -0.32561144 1.7621324 9.844957 
42717235971744 42717235671000 0.30645782 1.6759412 9.346964 
42717287181160 42717286970000 -0.40222588 1.6376339 9.854534 
42717337736244 42717337534000 -0.047884032 0.8331822 12.823344 
42717388670785 42717388255000 0.37349546 0.18195933 11.415554 
42717441206286 42717440755000 0.009576807 -0.009576807 7.4507556 
42717500867577 42717500600000 -0.25857377 0.38307226 7.469909 
42717551380327 42717551128000 0.62249243 0.20111294 10.151415 
42717602184911 42717601892000 0.7374141 0.6799533 9.969456 
42717653472327 42717652902000 0.7757214 0.8714894 8.207323 
42717703595160 42717703350000 -0.095768064 0.93852705 8.963891 
42717755563369 42717755314000 -0.32561144 0.82360536 9.32781 
42717807438119 42717807187000 -0.45010993 0.4309563 9.299079 
42717866616077 42717866306000 -0.60333884 0.41180268 8.801085 
42717918070369 42717917841000 -0.58418524 0.25857377 10.716447 
42717971899702 42717971578000 -0.095768064 0.15322891 9.998186 
42718030940327 42718030719000 -0.18195933 0.25857377 10.888829 
42718081836868 42718081355000 0.24899697 -1.1779473 11.60709 
42718134684785 42718134298000 0.16280572 -0.2681506 8.724471 
42718195913202 42718193437000 0.20111294 0.38307226 8.2169 
42718245855536 42718245489000 -0.62249243 -0.58418524 9.854534 
42718296938869 42718296578000 -0.08619126 -0.23942018 9.270349 
42718357135411 42718356815000 -0.45010993 0.23942018 8.111555 
42718408001619 42718407694000 -0.6512229 0.38307226 8.801085 
42718476396577 42718460828000 -0.047884032 0.59376204 8.236053 
42718511984036 42718511733000 -0.30645782 0.91937345 9.279925 
42718562440911 42718562179000 -0.545878 1.1492168 10.084377 
42718613343327 42718613103000 -0.48841715 0.545878 10.658986 
42718664801035 42718663318000 -0.1340753 1.1587936 9.825804 
42718714934869 42718714638000 -0.7374141 0.7757214 9.797073 
42718774890410 42718774645000 -0.7757214 -0.25857377 12.047623 
42718824962286 42718824707000 -0.7469909 -0.5267244 8.7053175 
42718877328661 42718876979000 -0.15322891 0.37349546 7.2113357 
42718937447952 42718937237000 -0.5554548 -0.16280572 9.959879 
42718987642994 42718987329000 -0.6703765 -0.10534488 10.630256 
42719039193536 42719038819000 -0.076614454 -0.05746084 7.747637 
42719089503369 42719089057000 0.1436521 0.78529817 7.9583263 
42719139933494 42719139080000 0.32561144 1.3311762 8.686164 
42719189688369 42719189450000 -0.02873042 0.8523358 9.404425 
42719240602786 42719240337000 0.1436521 1.1492168 9.232041 
42719291992911 42719291575000 -0.12449849 1.091756 10.113108 
42719342310869 42719341624000 -0.41180268 0.81402856 9.854534 
42719395909119 42719392517000 -0.58418524 0.81402856 10.668563 
42719443248994 42719442966000 -1.0534488 -0.30645782 11.262324 
42719493928369 42719493532000 -0.61291564 -0.37349546 10.266336 
42719544699411 42719544499000 -0.8810662 0.34476504 8.197746 
42719596412661 42719595071000 -1.6184803 0.11492168 8.7053175 
42719651350453 42719645709000 -1.3694834 -0.30645782 10.716447 
42719697185203 42719696880000 -1.0821792 -0.06703765 9.222465 
42719756943287 42719756699000 -0.019153614 0.6991069 7.067683 
42719807215828 42719806989000 0.25857377 1.2354081 7.920019 
42719862335037 42719857569000 -0.38307226 1.3790601 9.3661175 
42719908547286 42719908300000 -0.7182605 1.13964 9.787497 
42719959141536 42719958857000 -0.23942018 1.2354081 9.404425 
42720009645120 42720009324000 -0.095768064 0.8810662 10.1226845 
42720063604911 42720060247000 -0.038307227 1.5705963 10.419566 
42720111569245 42720110991000 -0.41180268 0.94810385 10.199299 
42720161969870 42720161646000 -1.043872 -0.45010993 12.469003 
42720212618078 42720212423000 -0.06703765 0.06703765 7.9583263 
42720263270037 42720263043000 -0.009576807 0.61291564 7.603985 
42720315292995 42720314138000 0.5267244 0.45010993 9.595961 
42720374677120 42720374205000 0.08619126 0.038307227 8.37013 
42720424959745 42720424657000 -0.10534488 0.80445176 9.394848 
42720476871203 42720475713000 0.009576807 1.1875241 8.494628 
42720543348662 42720535843000 0.076614454 1.3982137 9.030929 
42720587160537 42720586812000 -0.038307227 1.3694834 9.011775 
42720647220620 42720646857000 0.19153613 1.7046716 9.720459 
42720698079370 42720697691000 0.019153614 1.5514427 10.007763 
42720748179703 42720747898000 0.038307227 1.2545617 10.419566 
42720845663537 42720845361000 -0.2777274 0.5554548 10.409989 
42720912257578 42720912049000 -0.39264908 0.095768064 10.620679 
42720979382995 42720979065000 -0.6895301 0.2873042 8.590396 
42721045975745 42721045648000 -0.91937345 0.49799395 8.714894 
42721112742078 42721112417000 -0.91937345 0.4309563 8.66701 
42721179555203 42721179223000 -0.5746084 0.59376204 8.619126 
42721247022870 42721246118000 -0.62249243 1.1683705 8.801085 
42721315938037 42721312740000 -0.6512229 1.4556746 9.251195 
42721379803037 42721379492000 -0.63206923 1.5035586 8.963891 
42721447103579 42721446313000 -0.61291564 1.532289 9.3661175 
42721513270412 42721513012000 -1.0055647 1.2066777 10.7356 
42721580740954 42721580456000 -0.59376204 0.842759 11.769896 
42721646870079 42721646529000 -0.019153614 0.33518824 9.346964 
42721713587746 42721713286000 -0.05746084 0.545878 8.465898 
42721780630038 42721780166000 0.2681506 0.2681506 9.097966 
42721847209663 42721846879000 0.2681506 0.29688102 9.356541 
42721918579454 42721913659000 0.61291564 0.6799533 8.647857 
42721980704329 42721980409000 0.29688102 1.1013328 9.11712 
42722047389371 42722047111000 -0.095768064 1.0534488 10.228029 
42722114129454 42722113864000 0.06703765 0.91937345 10.553641 
42722181021163 42722180716000 -0.22026655 0.20111294 10.295067 
42722247765579 42722247490000 -0.7086837 -0.47884035 11.195287 
42722314734079 42722314391000 -0.7469909 -0.11492168 8.734048 
42722381210954 42722380972000 -1.5131354 -0.05746084 8.973468 
42722447964288 42722447715000 -1.5035586 -0.17238252 9.270349 
42722515002871 42722514641000 -1.0342951 0.2873042 8.542512 
42722582033829 42722581583000 -0.8714894 0.6703765 8.485051 
42722648561454 42722648226000 -0.81402856 0.9959879 8.801085 
42722718364663 42722715775000 -0.7757214 1.0247183 9.797073 
42722781970329 42722781624000 -0.40222588 1.0247183 9.720459 
42722859471413 42722848360000 -0.46926352 1.1109096 10.419566 
42722915470080 42722915143000 -0.45010993 0.095768064 11.348516 
42722982127371 42722981838000 -0.16280572 0.009576807 9.672575 
42723048820288 42723048569000 -0.29688102 0.45010993 9.011775 
42723115804871 42723115485000 -0.35434186 0.17238252 9.461885 
42723182474620 42723182177000 -0.16280572 0.32561144 8.887277 
42723249932704 42723249371000 -0.30645782 0.8810662 8.418014 
42723320326996 42723315831000 -0.2777274 0.8810662 8.6574335 
42723383330579 42723382530000 -0.12449849 1.0055647 9.595961 
42723449484954 42723449196000 0.15322891 1.043872 10.170568 
42723516264162 42723516000000 0.05746084 1.2258313 9.940725 
42723583067954 42723582767000 -0.36391866 0.08619126 11.051635 
42723650299162 42723649569000 -0.58418524 -0.33518824 10.783484 
42723716535329 42723716247000 -1.1204864 0.019153614 9.126697 
42723783460121 42723783139000 -0.82360536 0.019153614 9.14585 
42723851270371 42723850946000 -0.6703765 0.30645782 8.90643 
42723916776412 42723916559000 -0.37349546 0.842759 8.475474 
42723984043496 42723983661000 -0.35434186 1.0247183 8.494628 
42724050876830 42724050475000 -0.30645782 1.3790601 8.963891 
42724117680788 42724117026000 -0.12449849 1.5897499 9.251195 
42724184071371 42724183734000 -0.23942018 1.3790601 9.548077 
42724250806246 42724250548000 -0.25857377 1.5131354 10.084377 
42724317520996 42724317217000 -0.20111294 1.1971009 10.362105 
42724451150205 42724450809000 -0.11492168 0.32561144 9.299079 
42724584586830 42724584290000 0.2777274 0.17238252 8.63828 
42724651428872 42724651063000 -0.1340753 0.8523358 8.446744 
42724718090039 42724717779000 -0.22026655 1.2258313 8.465898 
42724784908997 42724784530000 -0.24899697 1.4269443 8.858546 
42724851648914 42724851320000 -0.22984336 1.3694834 9.394848 
42724918359872 42724918071000 -0.076614454 1.4269443 9.346964 
42724985362372 42724985038000 0.08619126 1.1875241 10.275913 
42725062209830 42725051586000 -0.16280572 0.49799395 10.888829 
42725119603539 42725118408000 -0.45968673 0.5746084 9.270349 
42725185412164 42725185125000 -1.3599066 0.59376204 8.599973 
42725252479164 42725252068000 -1.5227122 0.2873042 8.8777 
42725318884914 42725318619000 -1.3694834 0.2681506 8.820239 
42725385934581 42725385628000 -0.8810662 1.0151415 8.408437 
42725452427539 42725452217000 -1.0821792 1.6663644 8.676587 
42725519464956 42725519158000 -0.7469909 1.7621324 8.676587 
42725587917873 42725585828000 -0.80445176 1.8291701 9.404425 
42725654171247 42725652875000 -1.1204864 1.7046716 10.0748005 
42725720997415 42725719564000 -1.4556746 1.7812861 10.764331 
42725787541081 42725786327000 -0.9576807 1.3024458 10.716447 
42725854158539 42725853116000 -0.02873042 0.47884035 9.662998 
42725920925706 42725919998000 0.22984336 0.45968673 8.0924015 
42725987646539 42725987335000 0.02873042 0.63206923 9.241618 
42726055550665 42726054218000 -0.08619126 0.94810385 8.887277 
42726122361165 42726120867000 -0.30645782 0.8714894 8.322245 
42726188869206 42726188155000 -0.45010993 1.1971009 8.561666 
42726270214457 42726255274000 -0.038307227 1.4556746 9.5385 
42726322112872 42726321674000 -0.22984336 1.5131354 9.662998 
42726388828830 42726387892000 -1.1204864 0.8619126 11.530476 
42726455644956 42726454625000 -1.4173675 -0.10534488 11.204864 
42726522971539 42726522062000 -0.49799395 0.45968673 8.7532015 
42726589364789 42726589080000 -1.2162545 0.59376204 8.829816 
42726656165247 42726655172000 -1.13964 0.545878 9.203311 
42726722858122 42726722586000 -0.8810662 0.81402856 9.126697 
42726788790331 42726788553000 -0.6512229 1.1204864 8.025364 
42726857417456 42726856324000 -0.8331822 1.5801731 8.839393 
42726923241581 42726922335000 -0.5363012 1.7142484 9.241618 
42726990139957 42726989026000 -0.7757214 1.5993267 9.643845 
42727056419373 42727055601000 -0.45968673 1.388637 9.80665 
42727123293790 42727122445000 -0.095768064 0.5363012 11.061212 
42727189864706 42727189108000 -0.33518824 0.30645782 11.233594 
42727257503831 42727256671000 -0.24899697 0.90021986 9.021352 
42727341594749 42727323137000 -0.2681506 0.7374141 9.758766 
42727389704457 42727389480000 -0.047884032 1.0055647 9.787497 
42727457172624 42727456257000 -0.6607997 1.3024458 8.149862 
42727524888998 42727523140000 -0.61291564 1.4939818 8.360553 
42727590048374 42727589755000 -0.47884035 1.5897499 8.916007 
42727657611165 42727656770000 -0.45968673 1.4269443 9.56723 
42727723978124 42727723712000 -0.6607997 1.4269443 10.0748005 
42727795875374 42727790957000 -0.5363012 0.38307226 10.802638 
42727857120249 42727856824000 -0.5267244 0.18195933 9.691729 
42727929534498 42727924359000 -1.6280571 0.2777274 8.350976 
42727990610416 42727990342000 -1.2162545 -0.047884032 9.758766 
42728057562748 42728057216000 -0.9959879 0.095768064 9.634268 
42728124290581 42728124051000 -0.91937345 0.8810662 8.743625 
42728191027373 42728190797000 -0.9672575 1.1109096 8.686164 
42728264332831 42728257726000 -0.8714894 1.1492168 8.954314 
42728346686623 42728325810000 -0.6703765 1.0630256 9.634268 
42728391375582 42728391112000 -0.40222588 1.436521 9.615114 
42728467688749 42728459176000 0.1436521 0.6703765 10.927136 
42728530907791 42728524878000 0.40222588 -0.047884032 10.773908 
42728596714541 42728591512000 -0.2873042 0.5267244 8.590396 
42728658969499 42728658263000 0.59376204 0.24899697 9.940725 
42728730966166 42728725157000 0.63206923 0.4405331 9.662998 
42728797577291 42728791589000 0.39264908 1.1971009 8.255207 
42728868934791 42728859452000 0.23942018 1.2641385 8.724471 
42728932553916 42728925304000 0.21068975 1.3215994 8.935161 
42728996127333 42728992322000 -0.2873042 1.1779473 9.404425 
42729063462416 42729058735000 -0.39264908 1.2258313 9.481039 
42729131037624 42729125626000 -0.37349546 1.1300632 10.582372 
42729196047249 42729192150000 -0.89064306 0.5746084 9.758766 
42729265489916 42729259210000 -1.1492168 0.60333884 9.107543 
42729341841375 42729325760000 -1.8962077 0.92895025 9.528923 
42729405214542 42729393172000 -1.8770541 0.89064306 8.676587 
42729468863041 42729459220000 -2.0015526 1.2354081 8.24563 
42729536198125 42729526549000 -1.8483237 1.5035586 8.379706 
42729597933291 42729592941000 -1.6280571 1.5705963 8.437167 
42729668744416 42729660248000 -1.5131354 1.6472107 9.136273 
42729729628582 42729726962000 -1.5131354 1.484405 9.730036 
42729796398791 42729793722000 -1.5514427 0.9672575 11.176133 
42729862988082 42729860705000 -0.61291564 -0.02873042 10.266336 
42729930359833 42729927341000 -0.7086837 0.19153613 8.66701 
42730025121124 42729994203000 -0.5746084 0.21068975 8.954314 
42730095573333 42730060826000 -0.35434186 0.095768064 9.251195 
42730152939082 42730127612000 -0.47884035 0.37349546 8.66701 
42730215177499 42730194477000 -0.47884035 0.8523358 8.839393 
42730262930541 42730261070000 -0.38307226 1.1013328 9.14585 
42730330328416 42730327865000 -0.38307226 1.2354081 9.452309 
42730397256916 42730394701000 -0.5267244 1.1587936 10.065224 
42730464627999 42730461447000 -0.7278373 1.1204864 10.496181 
42730533303541 42730528292000 -0.81402856 0.34476504 10.927136 
42730597028458 42730595065000 -1.2737153 0.33518824 8.762778 
42730663619958 42730661774000 -1.436521 0.29688102 8.446744 
42730730370042 42730728539000 -1.283292 0.15322891 9.423578 
42730797537917 42730795542000 -1.2258313 0.34476504 8.868123 
42730864034166 42730863772000 -1.2258313 0.46926352 8.724471 
42730930536500 42730930294000 -0.92895025 0.80445176 8.628703 
42730998058542 42730997781000 -0.8331822 0.94810385 8.628703 
42731066970000 42731064710000 -0.90021986 1.1300632 9.3661175 
42731131073833 42731130740000 -0.9576807 1.1587936 9.615114 
42731197515250 42731197285000 -0.90021986 1.091756 9.816227 
42731264645999 42731264341000 -0.82360536 0.10534488 10.860099 
42731331414250 42731330953000 -0.7086837 0.22984336 9.385271 
42731397974791 42731397720000 -0.6512229 0.29688102 8.791509 
42731464992750 42731464596000 -0.35434186 0.11492168 9.356541 
42731531621167 42731531297000 -0.45968673 0.4405331 8.983045 
42731598859833 42731598563000 -0.35434186 0.94810385 8.724471 
42731665109584 42731664782000 -0.36391866 1.0151415 8.916007 
42731731786459 42731731506000 -0.41180268 1.0247183 9.078813 
42731798775417 42731798412000 -0.7182605 0.51714754 9.9790325 
42731865474167 42731865099000 -0.8619126 0.41180268 10.0748005 
42731932107542 42731931817000 -0.9864111 0.1436521 10.697293 
42732000273209 42731998913000 -0.8523358 -0.35434186 9.749189 
42732065861000 42732065521000 -1.1109096 -0.1340753 8.858546 
42732133498875 42732133138000 -1.2258313 -0.37349546 9.126697 
42732200411334 42732199190000 -1.0821792 -0.40222588 9.232041 
42732271618084 42732265735000 -1.13964 -0.06703765 8.580819 
42732344930750 42732332432000 -1.0821792 0.25857377 8.552089 
42732399628209 42732399293000 -1.0630256 0.41180268 8.810662 
42732466319334 42732466024000 -1.0151415 0.62249243 9.251195 
42732533172792 42732532778000 -1.1587936 0.45968673 9.5385 
42732599900417 42732599563000 -1.3311762 0.37349546 9.701305 
42732667346168 42732666996000 -1.1204864 -0.10534488 11.291056 
42732733345667 42732733059000 -0.63206923 -0.25857377 9.902418 
42732801136668 42732800112000 -0.6895301 0.11492168 8.379706 
42732866931751 42732866667000 -0.24899697 -0.2777274 10.247183 
42732933667917 42732933404000 -0.1436521 -0.17238252 9.730036 
42733000877293 42733000450000 -0.22026655 0.7182605 8.418014 
42733067184918 42733066924000 -0.009576807 0.80445176 9.11712 
42733202183209 42733201686000 -0.16280572 0.842759 9.404425 
42733267506543 42733267242000 -0.30645782 0.7182605 9.768343 
42733346058168 42733334052000 -0.59376204 0.58418524 10.43872 
42733401250210 42733400896000 -0.9768343 0.019153614 10.314221 
42733467842042 42733467573000 -1.0726024 -0.11492168 9.9790325 
42733534560084 42733534302000 -1.2354081 -0.047884032 8.810662 
42733601563042 42733601208000 -1.3982137 -0.16280572 9.500193 
42733668098709 42733667826000 -1.2354081 -0.16280572 9.3661175 
42733735661251 42733735121000 -1.2162545 0.24899697 8.580819 
42733802111167 42733801579000 -1.0821792 0.49799395 8.590396 
42733868420792 42733868154000 -0.7374141 0.45968673 9.069236 
42733935289418 42733934929000 -0.6703765 0.4405331 9.423578 
42734002175168 42734001842000 -0.6799533 0.45968673 9.442732 
42734094774334 42734069026000 -0.7182605 0.58418524 9.643845 
42734138598167 42734138232000 -0.4405331 -0.32561144 11.109096 
42734203423126 42734203102000 -0.32561144 -0.4213795 9.844957 
42734270068292 42734269794000 -0.4213795 -0.23942018 8.599973 
42734350467959 42734336834000 -0.4309563 -0.545878 9.653421 
42734403905001 42734403629000 -0.23942018 -0.45010993 9.615114 
42734470516584 42734470172000 -0.37349546 -0.076614454 8.90643 
42734537354042 42734537034000 -0.51714754 0.009576807 8.829816 
42734604047917 42734603727000 -0.31603462 0.19153613 9.059659 
42734670789419 42734670495000 -0.30645782 0.2777274 9.222465 
42734753866293 42734740481000 -0.34476504 0.4405331 9.586384 
42734805573752 42734805194000 -0.30645782 0.45968673 10.113108 
42734874417710 42734873109000 -0.31603462 0.17238252 10.745177 
42734938888877 42734938542000 -0.59376204 -0.41180268 10.390836 
42735005651627 42735005291000 -0.8619126 -0.038307227 8.619126 
42735072529919 42735072017000 -0.90979666 -0.1436521 8.8777 
42735139128002 42735138781000 -0.80445176 -0.2777274 9.605537 
42735205940336 42735205628000 -0.78529817 -0.20111294 9.375694 
42735272649960 42735272347000 -0.6895301 0.095768064 8.935161 
42735345164336 42735339199000 -0.60333884 0.40222588 9.011775 
42735406750044 42735406464000 -0.48841715 0.5554548 8.973468 
42735472971294 42735472703000 -0.39264908 0.5746084 9.414001 
42735539769335 42735539486000 -0.38307226 0.58418524 9.662998 
42735606518211 42735606241000 -0.60333884 0.6799533 9.80665 
42735740128711 42735739785000 0.10534488 -0.2777274 10.1226845 
42735806851044 42735806562000 -0.51714754 0.24899697 8.360553 
42735873986502 42735873459000 0.038307227 -0.02873042 9.835381 
42735941130836 42735940709000 0.009576807 -0.019153614 9.902418 
42736073732044 42736073523000 0.019153614 0.7469909 8.791509 
42736140498877 42736140266000 -0.10534488 0.7661445 9.069236 
42736207266044 42736207028000 -0.24899697 0.94810385 8.743625 
42736273982085 42736273774000 -0.40222588 0.47884035 8.839393 
42736345378211 42736340634000 -0.7469909 0.8810662 9.3661175 
42736407550835 42736407314000 -0.641646 1.5705963 10.754754 
42736475957544 42736475729000 -0.48841715 0.7661445 9.931149 
42736541152127 42736540882000 -1.1875241 0.7278373 9.595961 
42736607849669 42736607628000 -1.4077905 0.38307226 9.184157 
42736676936085 42736675697000 -1.1971009 0.20111294 8.820239 
42736741331670 42736741115000 -1.6089035 0.19153613 9.299079 
42736808363003 42736808156000 -1.3503298 0.15322891 9.222465 
42736875088878 42736874894000 -1.5514427 0.38307226 9.481039 
42736947352920 42736941588000 -1.6089035 0.4309563 9.011775 
42737010624127 42737010301000 -1.7429788 0.7086837 9.260772 
42737075449753 42737075200000 -1.685518 1.0630256 9.078813 
42737142120877 42737141898000 -1.541866 1.4173675 9.078813 
42737209118294 42737208835000 -1.5705963 1.4460979 9.251195 
42737296411836 42737275650000 -1.283292 1.3982137 9.433155 
42737360392003 42737343243000 -1.1492168 1.4652514 9.500193 
42737425477712 42737409865000 -1.340753 1.5610195 10.007763 
42737491967461 42737476603000 -1.4556746 0.8714894 10.764331 
42737543642419 42737543437000 -1.1300632 0.18195933 9.021352 
42737610305462 42737610118000 -1.2354081 0.41180268 8.389283 
42737677465462 42737677183000 -1.1492168 0.38307226 8.561666 
42737743957962 42737743696000 -1.0726024 0.05746084 10.0269165 
42737810839046 42737810559000 -0.91937345 0.29688102 9.557653 
42737880316296 42737879997000 -0.82360536 0.5363012 8.954314 
42737946980295 42737946700000 -0.6799533 0.6991069 9.088389 
42738013881753 42738013559000 -0.61291564 0.6703765 9.433155 
42738080504587 42738080256000 -0.61291564 0.6512229 9.653421 
42738150615003 42738150076000 -0.7182605 0.6991069 9.672575 
42738214220961 42738213864000 -0.7182605 0.6991069 9.3661175 
42738280740712 42738280534000 -0.8810662 0.7565677 8.90643 
42738347365379 42738347202000 -0.93852705 0.7374141 9.5385 
42738414243628 42738414048000 -0.79487497 0.6799533 9.662998 
42738481787461 42738481055000 -0.7469909 0.9864111 9.509769 
42738547642254 42738547458000 -0.7469909 0.92895025 9.433155 
