#SysTm EventTmStmp Rot:x Rot:y Rot:z
1217685862905 1375070745367066544 0.1338217 0.058812175 -0.37769258 
1217743149645 1375070745430329484 0.13316534 0.06339319 -0.37309438 
1217756029242 1375070745494172257 0.122919515 0.06576482 -0.36626667 
1217762774244 1375070745557770890 0.11169158 0.075308874 -0.3626801 
1217771167346 1375070745621456676 0.108647324 0.08275301 -0.36011627 
1217808890526 1375070745684719615 0.103502944 0.08704179 -0.3564545 
1217858974457 1375070745748592906 0.10198675 0.09582693 -0.36680523 
1217922792555 1375070745811886363 0.10464304 0.09507625 -0.36460295 
1217989540610 1375070745875698619 0.09831176 0.09124882 -0.36177498 
1218048597531 1375070745938992076 0.0869659 0.08833201 -0.3446951 
1218112385109 1375070746002956920 0.07831275 0.082719155 -0.33301577 
1218176630493 1375070746066128306 0.07448891 0.072204255 -0.3265746 
1218242279813 1375070746130017611 0.06655218 0.061661076 -0.32827348 
1218304755015 1375070746193311069 0.049609717 0.05809769 -0.33520672 
1218368695197 1375070746257123324 0.03892598 0.05902326 -0.33861655 
1218463247309 1375070746320447299 0.039824672 0.05406133 -0.33883002 
1218491783858 1375070746384412143 0.039263424 0.044800367 -0.34294727 
1218555052589 1375070746447583529 0.033110935 0.04361844 -0.36226723 
1218620610349 1375070746511426303 0.0288563 0.051687997 -0.38046008 
1218685160937 1375070746574719760 0.03350496 0.052836422 -0.38124502 
1218748673831 1375070746638562533 0.040252857 0.047613975 -0.37361798 
1218811423717 1375070746701825473 0.04178413 0.04746332 -0.36895478 
1218875211294 1375070746765698764 0.040564656 0.050219655 -0.3622269 
1218938418986 1375070746828992221 0.040379725 0.05499025 -0.3534022 
1219003274778 1375070746892834994 0.0430606 0.055507477 -0.33477136 
1219065109052 1375070746954816195 0.038928337 0.055727135 -0.33036983 
1219130666812 1375070747019940707 0.041070614 0.059638612 -0.32919803 
1219226073495 1375070747083321490 0.050387222 0.05145042 -0.3187403 
1219254945767 1375070747147255816 0.044946317 0.04196284 -0.3170448 
1219317817735 1375070747210488238 0.039089438 0.044869043 -0.32148898 
1219383131331 1375070747274300494 0.04227061 0.03815098 -0.31535816 
1219450154069 1375070747337563433 0.045562603 0.028515194 -0.3099141 
1219513239679 1375070747401467242 0.046024267 0.023126649 -0.30592337 
1219573914179 1375070747464699664 0.040477555 0.017046463 -0.30618587 
1219638556328 1375070747528542437 0.02294676 0.012392522 -0.31149518 
1219701275693 1375070747591866412 0.020274715 0.014257438 -0.31651112 
1219765887322 1375070747655678668 0.034690287 0.012406533 -0.31084025 
1219829766461 1375070747718972125 0.031301808 0.0077361832 -0.31508812 
1219893554038 1375070747782875933 0.022309594 0.01537773 -0.33136693 
1219955601955 1375070747846169390 0.02685683 0.022848569 -0.33337632 
1220016673220 1375070747909951128 0.032808892 0.023784025 -0.32373774 
1220079758830 1375070747973275103 0.03334482 0.025995253 -0.3156875 
1220143882134 1375070748037117877 0.03719642 0.027966026 -0.30781686 
1220210355504 1375070748100411334 0.038335197 0.02329968 -0.29558137 
1220272861226 1375070748163613238 0.03197324 0.026185332 -0.3066006 
1220337106610 1375070748227547564 0.035714194 0.026814023 -0.31482163 
1220401382516 1375070748291390337 0.040428016 0.0148743065 -0.3101135 
1220465048012 1375070748354683794 0.036872417 0.010023899 -0.31071794 
1220534115613 1375070748418557086 0.039511647 0.008847343 -0.30856618 
1220597964232 1375070748481789507 0.04508216 0.0016377998 -0.30317986 
1220652717782 1375070748545662798 0.044991124 -0.0032726452 -0.3012483 
1220716078074 1375070748608956255 0.04256362 -0.0042577325 -0.30424127 
1220779804611 1375070748672768511 0.035972454 -0.012813449 -0.30515504 
1220856288664 1375070748736092486 0.019390216 -0.01403457 -0.32229772 
1220906647278 1375070748799935259 0.021773864 -0.004695598 -0.3315463 
1220969824449 1375070748863198199 0.038440578 -0.011672905 -0.32173744 
1221053755472 1375070748927071490 0.034544725 -0.02391754 -0.32221884 
1221110614926 1375070748990722677 0.026509631 -0.017742166 -0.33585116 
1221179438366 1375070749054473897 0.029521277 -0.011304033 -0.33672112 
1221235351688 1375070749117858907 0.035385747 -0.011942365 -0.3264694 
1221301702978 1375070749181610128 0.03892782 -0.010352441 -0.32413843 
1221364788587 1375070749244903585 0.0425215 -0.010222097 -0.3163 
1221429796981 1375070749308715841 0.032206703 -0.010896112 -0.32083806 
1221494408609 1375070749372009298 0.026802607 -0.005971199 -0.33622783 
1221553953855 1375070749435882589 0.028107714 -0.010958628 -0.3339906 
1221617131026 1375070749499145528 0.023950877 -0.01985643 -0.33572525 
1221678019168 1375070749563018819 0.029381061 -0.024157625 -0.33508685 
1221759783247 1375070749626312276 0.03891383 -0.030680707 -0.3332494 
1221803122175 1375070749690429708 0.043495696 -0.0349338 -0.33452994 
1221873746318 1375070749753417989 0.04754561 -0.036941554 -0.33833292 
1221935885795 1375070749817382833 0.04845956 -0.044558834 -0.33825547 
1221998727243 1375070749880584737 0.036660165 -0.048064686 -0.3494609 
1222052290495 1375070749944423312 0.031701237 -0.04489005 -0.3610227 
1222115009860 1375070750007716769 0.031635076 -0.04698458 -0.36858264 
1222178644836 1375070750071529024 0.024938503 -0.045932382 -0.38612983 
1222256502306 1375070750134852999 0.023561971 -0.03937925 -0.39906824 
1222322762036 1375070750198787325 0.02468118 -0.033242334 -0.4064751 
1222389021763 1375070750262050265 0.02434544 -0.030835269 -0.41110903 
1222454732126 1375070750325893038 0.020082194 -0.03455754 -0.4150045 
1222496422954 1375070750389125460 0.008656768 -0.038821563 -0.42813912 
1222567199697 1375070750452937716 2.2481423E-4 -0.04416313 -0.43492106 
1222624181233 1375070750516231173 -0.005195281 -0.051608548 -0.44226816 
1222689738992 1375070750580104464 -0.007969918 -0.05595382 -0.45271745 
1222757616299 1375070750643397921 1.0658053E-4 -0.05402276 -0.46709302 
1222819755778 1375070750707210177 0.009833716 -0.053369533 -0.4759849 
1222889006503 1375070750770503634 0.01513228 -0.054011557 -0.4787348 
1222952397317 1375070750834468478 0.018897595 -0.05722734 -0.48050758 
1223019755778 1375070750897975558 0.012654344 -0.068856366 -0.4783223 
1223083024511 1375070750961604708 -0.009111523 -0.067459956 -0.49640417 
1223144919825 1375070751024837130 -0.0067758937 -0.049122375 -0.5066575 
1223195705724 1375070751088618868 0.015019353 -0.042309433 -0.50260615 
1223265505817 1375070751151912325 0.01893333 -0.046822354 -0.50351405 
1223337472854 1375070751215816134 0.016970975 -0.04321741 -0.50852704 
1223409653535 1375070751279109591 0.023704784 -0.037500866 -0.5063339 
1223465933101 1375070751342891329 0.036179945 -0.034421284 -0.4998885 
1223513850086 1375070751406215304 0.045828275 -0.032899015 -0.49588656 
1223576233727 1375070751470027560 0.054590683 -0.031533018 -0.50048345 
1223640082347 1375070751533321017 0.043430053 -0.032181244 -0.5138819 
1223706555717 1375070751597194308 0.033527758 -0.024039198 -0.5337301 
1223786610655 1375070751660518282 0.03421291 -0.02346655 -0.54254305 
1223844263637 1375070751724391573 0.030949723 -0.03496338 -0.5419191 
1223908631102 1375070751787593478 0.038073447 -0.03284455 -0.54123473 
1223973853138 1375070751851794078 0.05126848 -0.032232728 -0.5339911 
1224040204427 1375070751915026500 0.056147374 -0.037722286 -0.5310956 
1224100848408 1375070751978960826 0.05620061 -0.040155046 -0.53249377 
1224178125990 1375070752042162730 0.060055126 -0.040728725 -0.5338455 
1224214140029 1375070752106310679 0.05560759 -0.039991684 -0.5389863 
1224276004825 1375070752169298961 0.042775467 -0.033252716 -0.5481093 
1224340158647 1375070752233172252 0.043305736 -0.022465486 -0.5472534 
1224406021611 1375070752296435191 0.050708484 -0.021675328 -0.54002285 
1224478721137 1375070752360339000 0.047688372 -0.023606464 -0.5381313 
1224544095775 1375070752423571421 0.044638824 -0.01644927 -0.5425432 
1224602969573 1375070752487414195 0.046940953 -0.007098718 -0.5405922 
1224672739144 1375070752550738170 0.048687115 -0.001991523 -0.5335303 
1224736526723 1375070752614611461 0.04688252 0.0029395348 -0.52699906 
1224802359165 1375070752677874400 0.044629306 0.009390513 -0.5284577 
1224863613554 1375070752741747691 0.04566747 0.012073163 -0.52777475 
1224926760204 1375070752804975830 0.04916569 0.0036617536 -0.52423143 
1225010904871 1375070752868971192 0.046870224 -2.8961484E-4 -0.52319956 
1225063155748 1375070752932173096 0.0435417 0.011024169 -0.51957595 
1225122670473 1375070752995985352 0.051828764 0.015026928 -0.5183915 
1225166436688 1375070753059248291 0.060475238 0.009619898 -0.5208824 
1225231353519 1375070753123152100 0.068723924 0.0035082134 -0.5247201 
1225301184131 1375070753186384522 0.07298334 -0.0039013773 -0.53071874 
1225359844288 1375070753250288330 0.06548158 -0.0056889174 -0.54313487 
1225430376867 1375070753313825928 0.045930017 -0.0014739688 -0.5571979 
1225505029698 1375070753377485596 0.034302264 0.008324248 -0.5598241 
1225564941189 1375070753440687500 0.036911834 0.012178185 -0.55654806 
1225629369694 1375070753504560791 0.03413873 0.0022763116 -0.54946667 
1225675547019 1375070753567823731 0.021319188 -3.2347205E-4 -0.5466208 
1225738815750 1375070753631697022 0.023772823 0.009181809 -0.545873 
1225820152542 1375070753694990479 0.038599566 0.010170697 -0.54038036 
1225926821244 1375070753758772217 0.043390684 0.003986721 -0.53454536 
1225947239373 1375070753822096192 0.048562463 0.006352125 -0.53450894 
1225994576470 1375070753885938965 0.052455336 0.011683155 -0.5351907 
1226063308349 1375070753949201905 0.046383187 0.013511811 -0.53192496 
1226127156968 1375070754013105713 0.04417016 0.0093104 -0.5246747 
1226200497424 1375070754076368653 0.03979719 -0.0021807773 -0.5192868 
1226254976288 1375070754140180908 0.031441588 -0.009940044 -0.5163021 
1226317359929 1375070754203474365 0.030973772 -0.013149449 -0.51483965 
1226381757914 1375070754267317139 0.034438353 -0.016138935 -0.5140259 
1226450856037 1375070754330641114 0.03799139 -0.019688642 -0.51306117 
1226513972168 1375070754394575440 0.03857788 -0.022874473 -0.5164194 
1226578522755 1375070754457746826 0.03423362 -0.022880094 -0.52037805 
1226640387550 1375070754521589600 0.020259496 -0.017383179 -0.5326045 
1226716413797 1375070754584883057 0.015664043 -0.011048993 -0.54064447 
1226756578607 1375070754648930762 0.027793655 -0.009409432 -0.5383641 
1226825554649 1375070754712346290 0.029138308 -0.013806914 -0.53557384 
1226889525349 1375070754776005958 0.019004054 -0.016275613 -0.5400412 
1226967535420 1375070754839329932 0.019562129 -0.009748707 -0.5466645 
1227023357182 1375070754903203223 0.027748447 -0.003795479 -0.54857844 
1227085710302 1375070754966435645 0.031407613 -0.003470875 -0.5516108 
1227152610959 1375070755030369971 0.035320964 -2.1030527E-4 -0.55261296 
1227219786298 1375070755093602393 0.031462077 0.0071962257 -0.55950505 
1227277897087 1375070755157475684 0.02988745 0.00959107 -0.5663462 
1227349497880 1375070755220708106 0.027667066 0.0019646173 -0.5686826 
1227411087991 1375070755284672950 0.023813443 -0.007015089 -0.5691193 
1227473776837 1375070755347844337 0.02470658 -0.013407261 -0.56795543 
1227532040227 1375070755411778663 0.025898496 -0.017691238 -0.56775844 
1227611576317 1375070755475011085 0.028391648 -0.022167487 -0.56726354 
1227659157578 1375070755538823341 0.030374592 -0.031038338 -0.56248903 
1227709149948 1375070755602116798 0.018489398 -0.035694603 -0.5716305 
1227772845966 1375070755666107882 0.0123322215 -0.028794128 -0.5848429 
1227836267299 1375070755729370821 0.022958977 -0.02431381 -0.59296674 
1227914277370 1375070755793305147 0.026611326 -0.027338186 -0.60115486 
1227978736397 1375070755856507052 0.022350464 -0.025087556 -0.6161222 
1228039960263 1375070755919068087 0.021957679 -0.01951154 -0.6261649 
1228105090739 1375070755983673800 0.024008077 -0.015917443 -0.6283672 
1228166741890 1375070756047547091 0.020493854 -0.0141677335 -0.6269433 
1228233367863 1375070756110810030 0.015981363 -0.011883678 -0.62283754 
1228294927454 1375070756174791017 0.008930523 -0.0098648425 -0.6184602 
1228345255548 1375070756238053957 0.007867328 -0.011207895 -0.6097019 
1228410477585 1375070756301866212 0.0022058168 -0.018702615 -0.6016233 
1228474570366 1375070756365190187 -0.0075365086 -0.024628682 -0.59370965 
1228536343600 1375070756429056182 -0.008007747 -0.026422689 -0.58658785 
1228599032445 1375070756492349639 -0.00470869 -0.027776536 -0.57930315 
1228672128736 1375070756556222931 -7.5059436E-4 -0.029479487 -0.573942 
1228743180163 1375070756619516388 0.003750911 -0.03311402 -0.5707549 
1228806418375 1375070756683389679 0.0049116886 -0.03713889 -0.5683495 
1228872800184 1375070756746622100 -0.008509155 -0.040761743 -0.57055056 
1228927523213 1375070756810525909 -0.019703643 -0.03358158 -0.5835027 
1228999917535 1375070756873758331 -0.012792159 -0.023389984 -0.5976615 
1229059462782 1375070756937708809 -0.0058921017 -0.023257531 -0.60483485 
1229119618436 1375070757000941231 -0.010653195 -0.022568729 -0.61476946 
1229177942867 1375070757064753487 -0.01271266 -0.019472528 -0.6192053 
1229272311858 1375070757127406075 -0.010369917 -0.019988595 -0.6116821 
1229302710149 1375070757191981270 -0.010850431 -0.020952458 -0.6054719 
1229366253564 1375070757255213692 -0.010296992 -0.019328281 -0.60150534 
1229430346348 1375070757319025948 -0.01840127 -0.014141107 -0.60243696 
1229509760355 1375070757382319405 -0.021238899 -0.0066057774 -0.603874 
1229571106303 1375070757446253731 -0.020983871 -0.006991787 -0.5981201 
1229629491776 1375070757509455635 -0.025414255 -0.014188294 -0.58930194 
1229693370916 1375070757573389961 -0.02393604 -0.019173885 -0.58460474 
1229760637817 1375070757636622383 -0.021209113 -0.025263842 -0.58062273 
1229823387702 1375070757700526192 -0.016533159 -0.031628344 -0.5762796 
1229893676118 1375070757763728096 -0.011103012 -0.038020954 -0.57239 
1229947636137 1375070757827662422 -0.010144728 -0.04535731 -0.57108384 
1230009928218 1375070757890921167 -0.01770877 -0.05045185 -0.57158613 
1230069351383 1375070757954702906 -0.023614084 -0.04256847 -0.58131766 
1230131094096 1375070758017996363 -0.0221304 -0.036634944 -0.5872431 
1230189357486 1375070758081900171 -0.022319308 -0.036713097 -0.59194803 
1230258699772 1375070758145132593 -0.018343115 -0.032875262 -0.5944331 
1230321571740 1375070758209066919 -0.01142139 -0.030896137 -0.58914435 
1230392409523 1375070758272329859 -0.008453916 -0.029732624 -0.5839362 
1230463186268 1375070758336142114 -0.0056468546 -0.022117617 -0.58244574 
1230517878774 1375070758399435572 -0.010018221 -0.014136683 -0.5810506 
1230586854815 1375070758463339380 -0.0179662 -0.009029983 -0.57859975 
1230646918908 1375070758526571802 -0.021803167 -0.004145104 -0.57982314 
1230714491014 1375070758590445093 -0.027819626 -0.008464378 -0.57185596 
1230776508409 1375070758653677515 -0.030754862 -0.0136667695 -0.5613695 
1230836328339 1375070758717611841 -0.026588282 -0.016536918 -0.5528874 
1230907257685 1375070758780813745 -0.02373371 -0.02308954 -0.5455559 
1230951329102 1375070758844687036 -0.020820992 -0.028883511 -0.5410741 
1231014445232 1375070758907949976 -0.019321043 -0.0322674 -0.5403571 
1231078324372 1375070758971792749 -0.028296426 -0.033366174 -0.5419261 
1231154136976 1375070759035086206 -0.044453364 -0.02518274 -0.55545855 
1231219267451 1375070759098990015 -0.043678775 -0.015157296 -0.56609935 
1231282322540 1375070759162222437 -0.029499335 -0.0149819 -0.56419563 
1231346903648 1375070759226156763 -0.02667698 -0.020061495 -0.56441295 
1231415452405 1375070759289358667 -0.029527556 -0.016711416 -0.57379884 
1231474509325 1375070759353262476 -0.026675 -0.011329722 -0.57562405 
1231530910974 1375070759416525415 -0.02046585 -0.010905148 -0.5660512 
1231597048620 1375070759480368189 -0.017750535 -0.009867626 -0.55760103 
1231656990631 1375070759543692163 -0.019116504 -0.0076212157 -0.5527607 
1231733474684 1375070759607473902 -0.023547856 -0.0030410285 -0.5602285 
1231782887167 1375070759670797876 -0.026334954 -0.0012202373 -0.5666522 
1231843653229 1375070759734873622 -0.03406993 -0.007870833 -0.5633195 
1231912995514 1375070759798136561 -0.04020126 -0.009256187 -0.56138533 
1231971442028 1375070759862009852 -0.03705044 -0.009070936 -0.55662525 
1232040692752 1375070759925272792 -0.035574954 -0.011940571 -0.5515882 
1232112293547 1375070759989268153 -0.034141928 -0.01268254 -0.548288 
1232159355960 1375070760052439540 -0.032557365 -0.01456611 -0.54697526 
1232225493608 1375070760116282313 -0.03709896 -0.017892178 -0.5471083 
1232301641936 1375070760179545253 -0.05293608 -0.016428415 -0.55036193 
1232366131482 1375070760243540614 -0.05352823 -0.008961449 -0.5514114 
1232429064490 1375070760306742518 -0.039409086 -0.008127691 -0.5449333 
1232477408760 1375070760370524256 -0.0358077 -0.010818803 -0.5465679 
1232540952176 1375070760433848231 -0.032940213 -0.00833287 -0.5556441 
1232604678713 1375070760497691004 -0.025618933 -0.004620811 -0.5618576 
1232670328034 1375070760560953944 -0.015819103 -0.0027794568 -0.5618307 
1232731735024 1375070760624827235 -0.008499366 -0.0031895163 -0.5585835 
1232799398688 1375070760688120692 -0.010343711 -0.0043572937 -0.55818063 
1232871640411 1375070760752053330 -0.012173709 -0.005990929 -0.5577384 
1232934085092 1375070760815316270 -0.012396746 -0.011345811 -0.5576812 
1232997475905 1375070760879189561 -0.011807685 -0.016349334 -0.55970347 
1233060836197 1375070760942452500 -0.005822695 -0.021042662 -0.5609104 
1233126729681 1375070761006295273 8.2748366E-4 -0.029887889 -0.5594221 
1233193264094 1375070761069832871 0.0051579066 -0.033937063 -0.56330967 
1233240997956 1375070761133523057 0.0076086526 -0.03569173 -0.5665341 
1233303534200 1375070761196663926 -5.985882E-4 -0.03509333 -0.57294637 
1233367291257 1375070761260506699 -0.016127316 -0.024468629 -0.58638334 
1233447132550 1375070761323800156 -0.011933231 -0.01100362 -0.5927744 
1233494256006 1375070761387612412 0.002410897 -0.009000988 -0.5858298 
1233557158493 1375070761450905869 0.005656211 -0.015251383 -0.58040416 
1233627935237 1375070761514748643 0.006915553 -0.015906552 -0.58341265 
1233694835893 1375070761578042100 0.012482514 -0.013854428 -0.5842493 
1233764300260 1375070761641976426 0.019890023 -0.011709949 -0.58008766 
1233824425394 1375070761705178330 0.022898436 -0.011051174 -0.57401466 
1233896026187 1375070761769021104 0.023623873 -0.0097481785 -0.566753 
1233951115460 1375070761832314561 0.017406702 -0.004446329 -0.5713214 
1234018565482 1375070761896218369 0.01644447 1.5533691E-4 -0.57332903 
1234080643921 1375070761959481309 0.016992655 -0.0037742406 -0.5728784 
1234154686343 1375070762023354600 0.014063648 -0.010834906 -0.57190114 
1234221190234 1375070762086587022 0.017911851 -0.011435941 -0.5705395 
1234259920587 1375070762150521348 0.022314433 -0.015597061 -0.5631501 
1234319954158 1375070762213753770 0.025692822 -0.022977576 -0.55296195 
1234387617825 1375070762277901719 0.026755197 -0.0316433 -0.544139 
1234451954770 1375070762340859482 0.020461755 -0.03565339 -0.5468377 
1234519221671 1375070762404732773 0.0065171034 -0.035106566 -0.55505395 
1234587282100 1375070762467995713 -0.0045851637 -0.026221955 -0.56667274 
1234638434245 1375070762531869004 -0.0015843576 -0.016619693 -0.5734441 
1234702923791 1375070762595131943 0.0047497596 -0.015522337 -0.5747389 
1234766284085 1375070762659210295 0.0069138757 -0.018636134 -0.57325363 
1234837152388 1375070762722503752 0.016524704 -0.01849235 -0.5705035 
1234905853747 1375070762786377043 0.029623255 -0.01981401 -0.5645715 
1234968145828 1375070762849609465 0.03866533 -0.018490795 -0.56305414 
1235054152236 1375070762913513274 0.039945334 -0.012953756 -0.5656748 
1235128286220 1375070762976745696 0.039784696 -0.0064543798 -0.5670909 
1235147117290 1375070763040588469 0.036076333 -0.002033545 -0.56545615 
1235211179552 1375070763103912444 0.03416072 0.0021656197 -0.55943954 
1235275730140 1375070763167724700 0.029302604 0.005177175 -0.5543227 
1235341837266 1375070763231109709 0.014300894 0.0058499407 -0.5457688 
1235405044957 1375070763294891448 0.0033400164 0.009078112 -0.5367237 
1235472586541 1375070763358154387 0.0018647751 0.008291526 -0.5305136 
1235540219686 1375070763422088713 0.004087992 0.002738414 -0.5276781 
1235609317810 1375070763485656829 0.0046042586 5.165755E-4 -0.53163886 
1235668374729 1375070763549224944 -0.0026700357 -0.004106202 -0.53306 
1235732742195 1375070763612636333 -0.014842194 -0.0073539694 -0.53391 
1235805105998 1375070763676570659 -0.015808621 -0.0049163112 -0.53530484 
1235846277980 1375070763739772563 -0.009737045 -0.0040394454 -0.5384252 
1235911469496 1375070763803584819 -0.0029769742 -0.003375969 -0.54241383 
1235973456371 1375070763866908794 0.01005545 -0.0010694308 -0.5420643 
1236041547322 1375070763930812602 0.021762865 -0.0027016355 -0.53487515 
1236116383275 1375070763994075542 0.02908145 -0.008555811 -0.5260937 
1236186122326 1375070764058009868 0.034962576 -0.011532521 -0.52497405 
1236227324829 1375070764121166914 0.038605504 -0.0128645655 -0.52197504 
1236291265009 1375070764185009687 0.0356148 -0.013528671 -0.52336675 
1236356090280 1375070764248303145 0.034987383 -0.010931961 -0.5217522 
1236418962247 1375070764312206953 0.033841886 -0.009871246 -0.51690286 
1236495507341 1375070764375469893 0.028690318 -0.011122199 -0.5139785 
1236568084786 1375070764439373701 0.028321993 -0.011280395 -0.5096431 
1236612308805 1375070764502575605 0.03138959 -0.01305809 -0.5061078 
1236703106913 1375070764566448896 0.03219406 -0.015167913 -0.5070851 
1236736465680 1375070764629742353 0.02893436 -0.0198742 -0.510263 
1236800985748 1375070764693585127 0.023841543 -0.026454447 -0.51246744 
1236875943782 1375070764756909102 0.013797899 -0.02872372 -0.5193873 
1236942020388 1375070764820782393 0.012777402 -0.022980329 -0.52700007 
1237005380681 1375070764882519453 0.02223169 -0.020860953 -0.52556515 
1237067123395 1375070764947918623 0.026369104 -0.023381751 -0.52701205 
1237132620113 1375070765011151045 0.03133924 -0.02167113 -0.5319299 
1237181941035 1375070765075050849 0.044280022 -0.01856428 -0.530249 
1237248933252 1375070765138374824 0.05345418 -0.015560706 -0.5282365 
1237323067236 1375070765202217597 0.05648705 -0.0100719035 -0.5288634 
1237386702214 1375070765265511054 0.057078376 -0.0047840155 -0.52893645 
1237456746467 1375070765329384345 0.052836657 -0.008207082 -0.52324355 
1237557219533 1375070765392586250 0.04022984 -0.009701918 -0.53024215 
1237574585625 1375070765456459541 0.0355319 -0.010363576 -0.5330313 
1237626287135 1375070765519752998 0.03292727 -0.017578019 -0.5335912 
1237689769511 1375070765583565254 0.026309017 -0.02285667 -0.53775364 
1237753099283 1375070765646858711 0.02823232 -0.028054254 -0.5383122 
1237818657043 1375070765710762519 0.03325962 -0.04247898 -0.52978224 
1237895690463 1375070765774055976 0.037799317 -0.052519746 -0.5243062 
1237993660859 1375070765837929267 0.03826054 -0.059659325 -0.5224461 
1238018016115 1375070765901161689 0.03333242 -0.06542234 -0.52223086 
1238075394415 1375070765965034980 0.022102863 -0.06479787 -0.52775717 
1238138327423 1375070766028297920 0.014761293 -0.06515212 -0.53142166 
1238202023440 1375070766091286201 0.012946573 -0.061731786 -0.54184777 
1238298864582 1375070766155434150 0.015463455 -0.053942338 -0.5509966 
1238339120953 1375070766219246406 0.025335921 -0.048838712 -0.54943085 
1238388960720 1375070766282692451 0.03397636 -0.047362447 -0.5435335 
1238456929590 1375070766346443672 0.03851153 -0.04355047 -0.5445421 
1238519648955 1375070766409706611 0.04085749 -0.03706731 -0.5490298 
1238592623165 1375070766473610420 0.039440807 -0.0311124 -0.5501488 
1238663125225 1375070766536842842 0.03327443 -0.025196627 -0.55237967 
1238720808729 1375070766600746650 0.031452958 -0.02128176 -0.5545108 
1238787129498 1375070766663979072 0.02856476 -0.023616722 -0.55591273 
1238835015962 1375070766727852363 0.022448342 -0.0272486 -0.55549586 
1238898010010 1375070766791115302 0.02225942 -0.028145488 -0.55050725 
1238962530077 1375070766854927558 0.023551822 -0.03260137 -0.5388585 
1239033245780 1375070766918251533 0.022750145 -0.03701434 -0.5293912 
1239172296598 1375070766982390577 0.020973375 -0.040478066 -0.52504444 
1239178370152 1375070767045561964 0.016830873 -0.045162063 -0.52365375 
1239248475446 1375070767109435255 0.0028500287 -0.048344307 -0.52690023 
1239279911429 1375070767172728712 -0.005668176 -0.04351826 -0.53273726 
1239344828261 1375070767236571485 -0.0014893657 -0.041334286 -0.53328663 
1239423021457 1375070767299712354 7.872555E-4 -0.04457881 -0.53435415 
1239471518328 1375070767363707716 0.004098035 -0.044394583 -0.5420204 
1239537076087 1375070767426970655 0.014595002 -0.04373147 -0.54588866 
1239598055790 1375070767490813429 0.024968678 -0.04364405 -0.5447088 
1239668069525 1375070767554137403 0.029354986 -0.04040294 -0.54330885 
1239736862446 1375070767618285352 0.030156955 -0.034330882 -0.54381585 
1239803915703 1375070767681273634 0.028700402 -0.031115754 -0.5420789 
1239874936609 1375070767745116407 0.021856561 -0.02586063 -0.54501516 
1239922182147 1375070767808379347 0.02176485 -0.01832813 -0.5483733 
1239985511918 1375070767872278830 0.0207567 -0.019130643 -0.550239 
1240047956599 1375070767935541770 0.015927307 -0.024760522 -0.5494677 
1240106433633 1375070767999384543 0.0195463 -0.026577795 -0.547108 
1240170068610 1375070768062647483 0.022662742 -0.028441269 -0.5461206 
1240241333679 1375070768126581809 0.021247668 -0.029938906 -0.54769117 
1240312354587 1375070768189814231 0.019237285 -0.031845357 -0.54929525 
1240362713200 1375070768253718039 0.015341227 -0.035094477 -0.55164427 
1240428362520 1375070768316950461 0.0044526746 -0.034860395 -0.55870724 
1240497399604 1375070768380793235 -0.0049346867 -0.024590954 -0.5727118 
1240551023897 1375070768444056174 -0.0026722064 -0.015911449 -0.58191925 
1240635199085 1375070768507898947 8.7066187E-4 -0.014973845 -0.58723134 
1240689098062 1375070768571222922 0.0034682755 -0.014563407 -0.59358156 
1240796804456 1375070768635065695 0.011235598 -0.013142377 -0.5966725 
1240805716404 1375070768698328635 0.014203798 -0.012119091 -0.5962866 
1240869168258 1375070768762232444 0.01484515 -0.00981057 -0.5925663 
1240933138959 1375070768825800559 0.012734096 -0.00786681 -0.5843479 
1240996102487 1375070768889368674 0.0034531977 -0.0016428053 -0.5812154 
1241074326202 1375070768952631613 -7.270402E-5 0.004792927 -0.57407284 
1241136404640 1375070769016535422 -0.0038476703 0.0034083175 -0.5641836 
1241201199390 1375070769079767844 -0.009634717 -2.8924664E-4 -0.55799365 
1241269809186 1375070769143610617 -0.0066373 -0.0020127622 -0.5549673 
1241327645293 1375070769206904074 -0.0032994999 -0.008706528 -0.5491192 
1241394729070 1375070769270777365 -0.0042325025 -0.016541408 -0.5413566 
1241447956600 1375070769334040305 -0.0078186 -0.022980021 -0.53554785 
1241537961178 1375070769397883078 -0.014550929 -0.028607037 -0.53094435 
1241607791789 1375070769461146018 -0.02628698 -0.027243188 -0.5352344 
1241632330170 1375070769525019309 -0.027765699 -0.01893461 -0.5434585 
1241694561208 1375070769588282248 -0.020868294 -0.014198407 -0.5507591 
1241758318267 1375070769652186057 -0.017544076 -0.014395664 -0.55594105 
1241825463086 1375070769715418479 -0.007588135 -0.013577469 -0.55726814 
1241895751502 1375070769779261252 0.0056064823 -0.014902964 -0.5567538 
1241967443858 1375070769842790419 0.015282378 -0.01700794 -0.5586218 
1242026958583 1375070769906724745 0.023237795 -0.016090209 -0.56585073 
1242089067541 1375070769969926649 0.029327849 -0.013961325 -0.5723694 
1242155510392 1375070770034135634 0.02383647 -0.012004263 -0.5786221 
1242219053806 1375070770097093397 0.020350227 -0.007532691 -0.58059025 
1242267855883 1375070770160905653 0.01887898 -0.007421812 -0.57746315 
1242332650633 1375070770224168593 0.012931537 -0.009940951 -0.5736706 
1242416459576 1375070770288133436 0.011849678 -0.010485351 -0.5703091 
1242458119884 1375070770351335341 0.015319783 -0.013484397 -0.5660243 
1242521937983 1375070770415147596 0.019847097 -0.016690603 -0.5633059 
1242598422035 1375070770478471571 0.021642536 -0.02227113 -0.56089336 
1242657082191 1375070770542314344 0.020910177 -0.027984617 -0.5620414 
1242726271875 1375070770605607802 0.010670166 -0.029833434 -0.5698188 
1242787984069 1375070770669511610 -5.821823E-4 -0.022316119 -0.5854452 
1242847681917 1375070770732744032 5.3074316E-4 -0.01929399 -0.5917994 
1242910950650 1375070770796704612 0.0049627493 -0.021845594 -0.59503734 
1242975745399 1375070770859998069 0.009586824 -0.022124583 -0.601028 
1243031872363 1375070770923840842 0.022039473 -0.021153929 -0.60330635 
1243094469648 1375070770987164817 0.031682856 -0.022907747 -0.59978163 
1243164483381 1375070771050977073 0.037661195 -0.021295045 -0.5965034 
1243229552815 1375070771114301047 0.041873615 -0.017108442 -0.593629 
1243287633083 1375070771178143821 0.03723368 -0.0149039095 -0.59066737 
1243355754554 1375070771241711936 0.023700675 -0.011064555 -0.5948743 
1243417985595 1375070771305296077 0.020632248 -0.0046690255 -0.5944249 
1243482902426 1375070771368589534 0.017789342 -0.005025322 -0.5916905 
1243546384802 1375070771432462825 0.011120376 -0.010680422 -0.5884661 
1243609073646 1375070771495725765 0.01462706 -0.011729152 -0.58417314 
1243675699618 1375070771559568538 0.018188272 -0.014585191 -0.5789931 
1243737320251 1375070771622861995 0.014960619 -0.01947651 -0.57794553 
1243801718235 1375070771686674251 0.009179826 -0.023302607 -0.5810811 
1243861965451 1375070771749998226 -0.0022580773 -0.019126263 -0.5883346 
1243920869769 1375070771813871517 -0.00721583 -0.010037222 -0.5937146 
1243984932030 1375070771877103939 0.0012104482 -0.012596709 -0.5887963 
1244048139722 1375070771940977230 0.004623997 -0.017447816 -0.59226465 
1244121083411 1375070772004270687 0.009075471 -0.017265202 -0.60312116 
1244183283930 1375070772068113460 0.022004103 -0.01748715 -0.6091767 
1244248567007 1375070772131498470 0.0320499 -0.021284336 -0.61008495 
1244327370608 1375070772195341243 0.03831852 -0.027171602 -0.6094248 
1244367169174 1375070772258630952 0.044199437 -0.0298939 -0.6091083 
1244432330169 1375070772322473725 0.04516833 -0.031279545 -0.60886496 
1244496850236 1375070772385797700 0.03419551 -0.026972907 -0.61671203 
1244567871142 1375070772449670991 0.034089085 -0.019590065 -0.61933655 
1244627935234 1375070772512933931 0.03663946 -0.018625267 -0.6244787 
1244701764016 1375070772576807222 0.025770353 -0.01979503 -0.6348966 
1244761126141 1375070772640131196 0.01962024 -0.01645902 -0.6472085 
1244827446909 1375070772703912934 0.020685202 -0.013652319 -0.65830463 
1244915009857 1375070772767191504 0.02303737 -0.012459077 -0.6689312 
1244940921654 1375070772831125831 0.023227345 -0.014338479 -0.6800508 
1245002115001 1375070772894297217 0.022350872 -0.019460509 -0.69097435 
1245074173600 1375070772958201026 0.019037737 -0.026946964 -0.70282125 
1245135092262 1375070773021463965 0.013721089 -0.027392723 -0.72429997 
1245200283779 1375070773085276221 0.02434784 -0.027832262 -0.74718064 
1245255952937 1375070773148569678 0.037642002 -0.03383212 -0.77060306 
1245319496352 1375070773212473487 0.037216574 -0.034616508 -0.79995465 
1245382215717 1375070773275766944 0.040858142 -0.035594363 -0.8269066 
1245445850693 1375070773339609717 0.049029935 -0.042295236 -0.8482697 
1245526851762 1375070773402872657 0.055750277 -0.047739476 -0.8670568 
1245583619654 1375070773466776465 0.06302026 -0.051299106 -0.88488734 
1245648231283 1375070773530039405 0.07158445 -0.053442188 -0.89964724 
1245707074561 1375070773593821143 0.06863719 -0.04908743 -0.91598576 
1245763567769 1375070773657201753 0.067584835 -0.04480076 -0.9264041 
1245827782634 1375070773721105562 0.06832302 -0.050190777 -0.9332382 
1245895415778 1375070773784368501 0.059657656 -0.05231002 -0.9397861 
1245963537249 1375070773846654878 0.05288976 -0.050528817 -0.9468488 
1246028423561 1375070773911565767 0.048816856 -0.053908207 -0.9529128 
1246091356568 1375070773975469575 0.041160762 -0.061261445 -0.95789003 
1246161156661 1375070774038640962 0.03513497 -0.06756144 -0.96260077 
1246219694734 1375070774102544771 0.029972652 -0.07217104 -0.967705 
1246283177109 1375070774165807710 0.021234602 -0.06602198 -0.9746293 
1246351878467 1375070774229681001 0.021869577 -0.056189384 -0.9810972 
1246414231588 1375070774292913423 0.02709616 -0.0554142 -0.9855582 
1246468130566 1375070774356756197 0.027513033 -0.05706549 -0.988015 
1246542935999 1375070774420049654 0.028565824 -0.060936797 -0.98937374 
1246593080970 1375070774483861909 0.031183936 -0.06640504 -0.9902372 
1246664803845 1375070774547155366 0.03510578 -0.06643434 -0.991338 
1246726668640 1375070774611059175 0.041325524 -0.06310719 -0.9925658 
1246790273096 1375070774674322115 0.04751015 -0.06169809 -0.9932636 
1246845148725 1375070774738164888 0.048140448 -0.060495872 -0.9942058 
1246908631099 1375070774801458345 0.045681138 -0.051261473 -0.99540293 
1246971808270 1375070774865301118 0.04454007 -0.047387492 -0.9960999 
1247035168563 1375070774928564058 0.038979087 -0.049243722 -0.9965678 
1247099047703 1375070774992467866 0.028854366 -0.04367673 -0.9975597 
1247171442026 1375070775054876314 0.02381096 -0.038450632 -0.99832916 
1247234924400 1375070775119634615 0.021535384 -0.037530582 -0.99858135 
1247290807202 1375070775182867036 0.018007569 -0.03728074 -0.9987222 
1247354198016 1375070775246709810 0.013827808 -0.03710679 -0.99875486 
1247421953242 1375070775309972749 0.009128038 -0.0384894 -0.9986653 
1247487541522 1375070775373876558 0.0039572353 -0.037722033 -0.99870294 
1247555968196 1375070775437139497 0.0042102416 -0.024155512 -0.9991137 
1247617039462 1375070775501012788 0.013295849 -0.022903332 -0.99920803 
1247681376408 1375070775564245210 0.02004534 -0.034841068 -0.9988379 
1247744217854 1375070775628384822 0.020719443 -0.03886979 -0.99882686 
1247799978573 1375070775691586727 0.02397451 -0.04130781 -0.99879193 
1247871884571 1375070775755490535 0.032762997 -0.04508519 -0.9984331 
1247934420814 1375070775818722957 -0.04250959 0.047601383 0.9979612 
1248001413031 1375070775882626766 -0.046543702 0.049272783 0.9976882 
1248103442637 1375070775945889705 -0.046931047 0.051382206 0.99757195 
1248115833908 1375070776009762996 0.042080022 -0.049870715 -0.99786824 
1248179590965 1375070776072995418 0.038743556 -0.045681972 -0.99818647 
1248245820173 1375070776136868709 0.037306644 -0.047248803 -0.998133 
1248308081732 1375070776200162166 0.033668913 -0.047741894 -0.99819595 
1248371960873 1375070776263791317 0.0260228 -0.043184344 -0.9986726 
1248445148726 1375070776327328914 0.021312486 -0.039068107 -0.9989616 
1248512171463 1375070776391232723 0.020951372 -0.039722 -0.99892205 
1248580628657 1375070776454465145 0.01983002 -0.043815155 -0.99874705 
1248636786142 1375070776518364685 0.016452827 -0.04900564 -0.9985684 
1248697247002 1375070776581566590 0.013330541 -0.052402433 -0.99846077 
1248776203204 1375070776645500916 0.009795198 -0.052733578 -0.9985199 
1248835015961 1375070776708824890 0.0014177551 -0.04605926 -0.99890655 
1248879239980 1375070776772545593 -0.004359626 -0.044165578 -0.99897194 
1248960515732 1375070776835961121 -0.003163739 -0.05144536 -0.9986127 
1249012430887 1375070776899651306 2.058984E-4 -0.05806617 -0.9982535 
1249087297360 1375070776962944763 0.0065868474 -0.062719405 -0.9979639 
1249146903646 1375070777026909607 0.013342487 -0.066971496 -0.9975945 
1249211362673 1375070777090142029 0.018422274 -0.06788538 -0.9973687 
1249273380068 1375070777154045838 0.024253644 -0.06606339 -0.9971616 
1249353068762 1375070777217278259 0.028901089 -0.06571682 -0.99672014 
1249406082648 1375070777281121033 0.032445516 -0.066026405 -0.9960457 
1249452778818 1375070777344383972 0.03433767 -0.063333236 -0.9955844 
1249515070897 1375070777408226746 0.03668025 -0.057082836 -0.9952179 
1249578095467 1375070777471581238 0.03850056 -0.057563182 -0.99426335 
1249644935082 1375070777535362976 0.040554598 -0.060265765 -0.992926 
1249705945307 1375070777598656433 0.040802155 -0.056391474 -0.9923603 
1249769336120 1375070777662468689 0.03934057 -0.05149492 -0.99147195 
1249841150556 1375070777725792664 0.040123567 -0.049802627 -0.98969233 
1249910462321 1375070777789726990 0.038276184 -0.050744094 -0.9880156 
1249965917837 1375070777852928894 0.031204578 -0.05336133 -0.9868926 
1250068252646 1375070777916741150 0.024855932 -0.054890737 -0.9862618 
1250132223347 1375070777980065125 0.020875245 -0.05778326 -0.9859661 
1250172143994 1375070778043907898 0.0196139 -0.06217032 -0.9851771 
1250231506119 1375070778107170838 0.01246471 -0.06285901 -0.9849976 
1250313850083 1375070778171044129 0.0075003733 -0.05838027 -0.9848991 
1250370587456 1375070778234337586 0.012505222 -0.053511694 -0.9851591 
1250451619044 1375070778298149842 0.02086822 -0.054390322 -0.985061 
1250468344207 1375070778361443299 0.02550816 -0.054825433 -0.98529786 
1250532589591 1375070778425613194 0.027799414 -0.053233977 -0.9854798 
1250599154523 1375070778488876133 0.033386104 -0.055328805 -0.9850202 
1250662942102 1375070778552749424 0.040340856 -0.057934 -0.9840834 
1250739151472 1375070778616042881 0.047236513 -0.06029967 -0.98285687 
1250806754097 1375070778679916172 0.054047063 -0.05889706 -0.98140174 
1250853145062 1375070778743148594 0.056038223 -0.049365122 -0.9799567 
1250915925469 1375070778806991367 0.05385801 -0.031681508 -0.9788508 
1250978492232 1375070778870315342 0.05808255 -0.019738087 -0.97667074 
1251043927909 1375070778934219151 0.06567587 -0.02166391 -0.9736981 
1251110340239 1375070778997756748 0.07401706 -0.022939077 -0.9691027 
1251169488721 1375070779061294346 0.08018047 -0.026920225 -0.964022 
1251232116526 1375070779124557285 0.08544278 -0.0382025 -0.95813596 
1251295232656 1375070779188430576 0.08535541 -0.042281337 -0.9539817 
1251360332611 1375070779251724033 0.08221544 -0.036319025 -0.9496123 
1251424150709 1375070779315627842 0.07605991 -0.029489946 -0.946198 
1251487205797 1375070779378860264 0.06716124 -0.022512114 -0.94441164 
1251552641477 1375070779442759811 0.05321885 -0.025191784 -0.9488425 
1251614903035 1375070779505992233 0.036203224 -0.026290288 -0.9545313 
1251677530840 1375070779569896041 0.024276253 -0.023527976 -0.9584512 
1251741471019 1375070779633158981 0.01657771 -0.028078962 -0.9617752 
1251820366181 1375070779697001754 0.0066817584 -0.02196124 -0.965111 
1251867001312 1375070779760295211 0.0011651419 -0.009082793 -0.96767145 
1251931033052 1375070779824137985 0.0035020132 -0.00527302 -0.96852493 
1251995278437 1375070779887553512 0.009907218 -0.004472848 -0.96751267 
1252058943933 1375070779951304733 0.018851334 -0.007749421 -0.9660657 
1252130849930 1375070780014567672 0.025523642 -0.009402945 -0.96461225 
1252186091805 1375070780078379928 0.027618837 -0.010190285 -0.96352315 
1252250733952 1375070780141673385 0.036415085 -0.019081144 -0.96073157 
1252315040377 1375070780205851852 0.046852604 -0.010420364 -0.95456815 
1252377637661 1375070780268809616 0.049657043 0.008868329 -0.94845694 
1252441699922 1375070780332774459 0.057480976 0.0023057782 -0.942323 
1252504724492 1375070780395976364 0.06827364 -0.005302122 -0.93613833 
1252566558765 1375070780459788619 0.0769242 -0.004047895 -0.9315202 
1252631170395 1375070780523082077 0.08408994 -0.0057273223 -0.9281154 
1252695782022 1375070780586924850 0.08895167 -0.0037198355 -0.92363966 
1252758867632 1375070780650218307 0.08590598 0.007847802 -0.9228327 
1252823204577 1375070780714061080 0.083815105 0.020918332 -0.9265419 
1252884733647 1375070780777354537 0.08331165 0.024209183 -0.93190724 
1252948399144 1375070780841258346 0.085096456 0.01851489 -0.9325876 
1253025371523 1375070780904490768 0.08736495 0.010297585 -0.9309274 
1253075547014 1375070780968333541 0.08123015 0.002137709 -0.92981666 
1253140585929 1375070781031657516 0.084207505 -0.010641814 -0.92599034 
1253203915701 1375070781095500289 0.092110515 -0.030380921 -0.9184884 
1253288457133 1375070781158763229 0.09177612 -0.04181718 -0.9088047 
1253329415472 1375070781222636520 0.10201154 -0.043735594 -0.8975698 
1253392836806 1375070781286196118 0.1135841 -0.05109312 -0.8856054 
1253458241964 1375070781350008374 0.11375931 -0.046706695 -0.872134 
1253520411962 1375070781413637524 0.109785646 -0.042593982 -0.8581243 
1253590181533 1375070781477175122 0.10601194 -0.046239726 -0.84498876 
1253646918907 1375070781540438061 0.106703915 -0.049038462 -0.830449 
1253713941643 1375070781604341870 0.11486122 -0.05145082 -0.81378603 
1253776752570 1375070781667604809 0.119742505 -0.04957007 -0.8029638 
1253841760963 1375070781731447583 0.10901658 -0.042026512 -0.79645866 
1253903412115 1375070781794741040 0.08941021 -0.032085657 -0.7911606 
1253978370150 1375070781858614331 0.07352809 -0.020636186 -0.78213704 
1254028423560 1375070781921846753 0.065188035 -0.008652483 -0.77191955 
1254092363740 1375070781985720044 0.0637227 -1.7934057E-4 -0.76264125 
1254157921500 1375070782049013501 0.068424955 0.0029280938 -0.75394714 
1254221373353 1375070782112856274 0.07770683 0.0022019162 -0.743399 
1254296392430 1375070782176149731 0.07875749 0.008975902 -0.73516476 
1254348673827 1375070782239961987 0.078171015 0.019139314 -0.7239199 
1254412369844 1375070782303281779 0.08869838 0.020348033 -0.7102222 
1254475577535 1375070782367094035 0.09732045 0.014275629 -0.69524956 
1254536954003 1375070782430418009 0.09715232 0.012141534 -0.68003505 
1254602755927 1375070782494260783 0.090091005 0.013364976 -0.6635744 
1254695049533 1375070782557523722 0.08603388 0.009432234 -0.6472467 
1254729140789 1375070782621763224 0.08262508 0.0041408646 -0.6297877 
1254791677032 1375070782684659952 0.07437508 0.002282524 -0.61918503 
1254857692596 1375070782748533243 0.069231436 0.005009845 -0.6066694 
1254917085242 1375070782810117716 0.0702514 0.0061483313 -0.5897319 
1254982643001 1375070782875638956 0.07819352 9.7524707E-4 -0.5716429 
1255048658567 1375070782938962931 0.08711769 -0.0023663114 -0.5585796 
1255113483838 1375070783002775187 0.09524414 -0.0040811077 -0.5440847 
1255172907003 1375070783066099161 0.10217627 -0.0027169017 -0.5293906 
1255236633540 1375070783129911417 0.109498486 0.0025899366 -0.5140603 
1255302069219 1375070783193204874 0.11352654 0.008224787 -0.49552166 
1255365826276 1375070783257078165 0.11336424 0.014584491 -0.4783264 
1255428270958 1375070783320341105 0.11051176 0.020580627 -0.46224755 
1255493615076 1375070783384214396 0.10592494 0.025758777 -0.44740808 
1255569854965 1375070783447507853 0.102613576 0.02942371 -0.43191588 
1255620274621 1375070783511350626 0.09881072 0.02970442 -0.41089213 
1255682932944 1375070783574613566 0.08878427 0.031714495 -0.3966258 
1255747849777 1375070783638517374 0.08038935 0.035860874 -0.38274643 
1255810782786 1375070783701902384 0.08309507 0.04041202 -0.36289844 
1255875333372 1375070783765592570 0.08485279 0.039339103 -0.3357554 
1255937411810 1375070783828916544 0.08007936 0.037016205 -0.31513456 
1256000955224 1375070783892759318 0.07791362 0.039377715 -0.29415578 
1256064315518 1375070783956052775 0.08056981 0.041541107 -0.2710302 
1256127431648 1375070784018918986 0.08352979 0.03780028 -0.24360886 
1256217314144 1375070784083189005 0.08437444 0.03127999 -0.21917805 
1256253999632 1375070784147234406 0.087227404 0.02495606 -0.1958443 
1256317054721 1375070784210527863 0.09018717 0.018177208 -0.17377937 
1256381055943 1375070784274401154 0.08727466 0.012773193 -0.15712793 
1256486503829 1375070784337694611 0.077674404 0.010014097 -0.137686 
1256525539384 1375070784401567902 0.07718911 0.011175586 -0.112340406 
1256592806285 1375070784464830842 0.08183125 0.010188207 -0.08825066 
1256661171920 1375070784528673615 0.078962006 0.007856146 -0.07223234 
1256727797892 1375070784591967072 0.077696234 0.011533473 -0.053417217 
1256796438210 1375070784655809846 0.07866704 0.017907383 -0.033974968 
1256834191910 1375070784719103303 0.07980297 0.023107078 -0.014450448 
1256956792246 1375070784782946076 0.080003284 0.028988091 0.0033881215 
1256963964534 1375070784846270051 0.08034991 0.035491675 0.019630263 
1257017405706 1375070784910051789 0.08300436 0.042288527 0.036165442 
1257081040681 1375070784973345246 0.07772106 0.046391845 0.043616496 
1257159874804 1375070785037249055 0.069881275 0.051255386 0.04724545 
1257212034120 1375070785100510192 0.07066687 0.056472342 0.056950986 
1257275485974 1375070785164352965 0.06694938 0.0493042 0.06955552 
1257334787057 1375070785227341247 0.055794816 0.040450204 0.07867916 
1257398116829 1375070785291489196 0.052321725 0.040772125 0.092096426 
1257463369388 1375070785354752135 0.05585403 0.04225154 0.10690643 
1257526668639 1375070785418625426 0.058641985 0.038394306 0.12068531 
1257611271110 1375070785481918883 0.060290042 0.030747991 0.13027793 
1257652565173 1375070785545792174 0.062282108 0.020699527 0.13727072 
1257715986507 1375070785609055114 0.06090097 0.0063604037 0.1442795 
1257782398840 1375070785672897887 0.04853585 -0.0056232647 0.14060362 
1257845026643 1375070785736160827 0.04353694 -0.003055469 0.14203079 
1257908081731 1375070785800034118 0.05451161 0.0037155969 0.15648629 
1257972235554 1375070785863327575 0.062160607 0.0018284955 0.16513066 
1258036389376 1375070785926865172 0.061967477 0.0020304478 0.16398281 
1258099017182 1375070785990433288 0.06510302 0.007310825 0.17027624 
1258162743719 1375070786054337096 0.07167192 0.012253537 0.18483067 
1258226226093 1375070786117600036 0.07324402 0.019446185 0.19321933 
1258295995664 1375070786181442809 0.06715611 0.029521372 0.19596198 
1258405533282 1375070786244736266 0.057679117 0.03300774 0.20103173 
1258415269280 1375070786308548522 0.041887555 0.024530243 0.20556751 
1258478599052 1375070786371841979 0.022666171 0.019607965 0.199785 
1258542417150 1375070786435715270 0.01981019 0.03127133 0.19281772 
1258606448891 1375070786499008727 0.027719066 0.03174126 0.19611348 
1258669290337 1375070786562820983 0.021326374 0.009783582 0.1954447 
1258736252035 1375070786626114440 0.012953994 0.0017128126 0.18577823 
1258802939048 1375070786689987731 0.0197448 0.005528682 0.19162722 
1258862118050 1375070786753555846 0.028204858 -8.947504E-4 0.21054319 
1258925997191 1375070786817154479 0.03165206 -0.0116997305 0.22857462 
1258988502912 1375070786880417419 0.032743823 -0.018812431 0.24449049 
1259053969112 1375070786944260192 0.028969938 -0.024422502 0.25179482 
1259121968501 1375070787007553649 0.016111517 -0.024158508 0.23932433 
1259180445534 1375070787071662670 0.013981529 -0.0066546816 0.22929104 
1259243134379 1375070787134925609 0.025002059 0.0042318683 0.23533484 
1259307990170 1375070787198737865 0.027438184 -2.5474804E-4 0.23140919 
1259372510238 1375070787262031322 0.023285737 0.0016096056 0.21654935 
1259435626367 1375070787325935131 0.024413405 0.008126331 0.20661913 
1259497887927 1375070787389167552 0.025499016 0.012704545 0.19938937 
1259561889148 1375070787453040843 0.018995875 0.012082142 0.19322704 
1259625402042 1375070787516334300 0.012562697 0.008467334 0.20008555 
1259688151929 1375070787580177074 0.013428118 0.013197192 0.20481707 
1259753984371 1375070787643470531 0.024957495 0.018916624 0.21263778 
1259863979793 1375070787707313304 0.037884668 0.011554768 0.22820468 
1259878110725 1375070787770606761 0.04708863 0.0057976367 0.23780026 
1259941348937 1375070787834449535 0.060305595 0.009255036 0.24913819 
1260014811474 1375070787897865062 0.07367528 0.0077410084 0.2660264 
1260077195114 1375070787961860423 0.083419494 6.4632035E-4 0.28228498 
1260145621790 1375070788025027585 0.0904971 -0.006820375 0.29461575 
1260195492078 1375070788088839841 0.09028354 -0.015804723 0.30426002 
1260307593406 1375070788152102781 0.06917503 -0.020312129 0.29608256 
1260323006194 1375070788215976072 0.05072671 -0.010257801 0.28773108 
1260386488568 1375070788279269529 0.047021523 -0.004332031 0.29844654 
1260452717776 1375070788343081785 0.04177342 -0.010281891 0.3045254 
1260520656125 1375070788406375242 0.03743866 -0.009231437 0.30593407 
1260601382510 1375070788470323159 0.035426006 -0.0047616265 0.30925336 
1260648505965 1375070788533708169 0.030624831 -0.004800138 0.30881172 
1260717115761 1375070788597398354 0.025594963 -0.006772547 0.3095715 
1260769641323 1375070788660722329 0.022973001 -0.011541585 0.3183397 
1260836969264 1375070788724534585 0.021723686 -0.015085679 0.32668152 
1260901886097 1375070788787828042 0.026800279 -0.0101854345 0.33081102 
1260964697022 1375070788851731851 0.03894815 -0.01190112 0.33921206 
1261043531143 1375070788915025308 0.049460977 -0.019483723 0.34447008 
1261098834058 1375070788978898599 0.059285063 -0.01581358 0.34599885 
1261164697022 1375070789042131020 0.06023349 0.005575647 0.34340227 
1261231017792 1375070789106065347 0.05080435 0.030902043 0.3398814 
1261294683288 1375070789169572427 0.04873387 0.036157288 0.34237313 
1261355510390 1375070789233110024 0.04755496 0.030627014 0.34846896 
1261415330320 1375070789296525552 0.03244201 0.022937333 0.34877658 
1261494408604 1375070789360246255 0.01750923 0.026612364 0.34753573 
1261565032746 1375070789423509194 0.014868448 0.037818596 0.35921273 
1261595461557 1375070789487380593 0.013113835 0.02617629 0.373911 
1261657295831 1375070789550643533 -5.912317E-4 0.013769153 0.3719396 
1261783802776 1375070789670760720 -0.019227143 0.010174418 0.37432337 
1261849543657 1375070789732375711 -0.021197317 0.010660806 0.38292658 
1261931704500 1375070789797866433 -0.021250017 0.008181856 0.39911932 
1261982734562 1375070789861465066 -0.021043008 0.007115939 0.41358855 
1262055556171 1375070789925002664 -0.007735251 0.016622169 0.42179757 
1262101977657 1375070789988601296 0.009360709 0.020110544 0.43374172 
1262165643153 1375070790052169412 0.01748787 0.014649978 0.4446212 
1262237243947 1375070790115096658 0.028419372 0.01843035 0.45331585 
1262297185958 1375070790179275125 0.041638754 0.023332624 0.46307704 
1262374005734 1375070790242873757 0.051073875 0.016874306 0.4738212 
1262418901204 1375070790306441873 0.057420965 0.0075938506 0.48603693 
1262489769507 1375070790370009988 0.05522198 -5.0107203E-4 0.494434 
1262556700685 1375070790433547586 0.037023723 -0.013172155 0.49725634 
1262626683898 1375070790497237771 0.021444425 -0.007184363 0.50334966 
1262691265006 1375070790561050027 0.018881744 0.007377356 0.51942044 
1262748368622 1375070790624251931 0.01650119 6.142738E-4 0.5342209 
1262859554339 1375070790687820046 0.0099364435 -0.0030636252 0.5414614 
1262868924093 1375070790751723855 0.008485396 0.003421561 0.5493768 
1262927950493 1375070790815078347 0.01328947 0.003031447 0.56087834 
1262993172528 1375070790878646462 0.019508133 -0.0047560493 0.5719801 
1263067764319 1375070790940871804 0.022114148 -0.005931998 0.58265346 
1263126516035 1375070791005660623 0.015685204 -0.008992962 0.59445494 
1263197781105 1375070791069228738 0.012721812 -0.006424382 0.6008487 
1263246186416 1375070791132827371 0.021213692 0.0068948423 0.602596 
1263317634607 1375070791196670144 0.028767746 0.005008481 0.602416 
1263374555102 1375070791260116189 0.028252264 0.0015876254 0.59780884 
1263444965601 1375070791323765407 0.029923325 0.009414671 0.5944594 
1263499963311 1375070791387333522 0.03851919 0.01343978 0.5944268 
1263563872971 1375070791450932155 0.04272205 0.008931844 0.5945483 
1263627477428 1375070791514500270 0.04265257 4.4724636E-4 0.59291315 
1263708356414 1375070791578068385 0.0336107 -0.008819809 0.5939921 
1263755296747 1375070791641667018 0.023001302 -0.012718439 0.59472847 
1263822929891 1375070791705174098 0.027203798 -0.0036484841 0.5998978 
1263885710298 1375070791767002711 0.03826548 -5.1762915E-4 0.6072318 
1263949070592 1375070791832340846 0.039412502 -0.012836904 0.60570955 
1264010813304 1375070791895908961 0.029368954 -0.012072242 0.5980198 
1264073410588 1375070791959446559 0.02512461 -8.564496E-4 0.5950447 
1264136282554 1375070792023350368 0.0229874 0.0036635736 0.5968198 
1264200466899 1375070792086582790 0.015531577 0.0021735474 0.59790057 
1264269015654 1375070792149693141 0.0062505305 0.0021218695 0.60154414 
1264334085088 1375070792213749538 -0.0057947626 -0.0042398553 0.6120646 
1264396560290 1375070792277282293 -0.008812255 -0.011023072 0.6240437 
1264459951103 1375070792340850409 0.0016085062 -0.0018067823 0.6324217 
1264523891284 1375070792404723700 0.011693618 -0.008734005 0.640038 
1264581025420 1375070792468047674 0.018771185 -0.01920466 0.64528656 
1264648078679 1375070792531554754 0.028623594 -0.011591174 0.6519013 
1264714887774 1375070792595153387 0.040182017 -0.008856833 0.6575011 
1264813956903 1375070792658690985 0.048047855 -0.01036893 0.66294485 
1264879850386 1375070792722289618 0.055060443 -0.011126044 0.66536534 
1264898956139 1375070792785857733 0.050992616 -0.01683547 0.6640984 
1264962621636 1375070792849456366 0.035256073 -0.018827153 0.65971273 
1265028637201 1375070792913116034 0.0289599 -0.0031195846 0.6568117 
1265097308039 1375070792975493963 0.03191149 0.001673851 0.66000885 
1265153984371 1375070793040130194 0.028557798 -0.008002998 0.6583241 
1265218382356 1375070793103698309 0.020468492 -0.003525309 0.65143687 
1265283421269 1375070793167266424 0.016848987 0.0060843136 0.6471059 
1265344339933 1375070793231139715 0.015040432 0.009416954 0.6454301 
1265410660703 1375070793294402655 0.0106573105 0.013486362 0.6459992 
1265539029389 1375070793428222235 2.6489947E-6 -0.011308985 0.6580842 
1265638739445 1375070793491515692 0.0047777733 -0.011095528 0.664591 
1265664925924 1375070793555327948 0.016263084 0.0021925147 0.676636 
1265735824750 1375070793618621405 0.025969772 0.003703567 0.68249357 
1265797018096 1375070793682494696 0.032883797 0.010180422 0.68519974 
1265853236622 1375070793745788153 0.03888337 0.015062844 0.68853265 
1265917146281 1375070793809600409 0.045099523 0.017894715 0.69273007 
1265979774085 1375070793872893866 0.05283025 0.017550636 0.6988959 
1266049177413 1375070793936767157 0.05708384 0.010212385 0.70518893 
1266124990017 1375070794000030096 0.048751112 -0.0048337313 0.70942736 
1266186671689 1375070794063964422 0.033985753 -0.008494574 0.70737845 
1266246552660 1375070794127227362 0.029827993 0.0034756786 0.7098222 
1266309485667 1375070794190998239 0.03306982 0.0028022986 0.71267587 
1266376630487 1375070794254535837 0.02798115 -0.0037666275 0.7069729 
1266462423253 1375070794318348092 0.020551207 -0.0028666062 0.69722897 
1266489006497 1375070794381672067 0.01163005 -0.0020231258 0.69127387 
1266553160321 1375070794445514840 0.0018477921 -0.0036075998 0.6877307 
1266621220750 1375070794508838815 -0.0038796016 -0.0026199338 0.6881414 
1266689006497 1375070794572681589 -0.006515161 0.0033018044 0.69303024 
1266760576771 1375070794635944528 -0.0130584305 -0.004816017 0.7042891 
1266820885028 1375070794699848337 -0.012439456 -0.010373463 0.70762086 
1266908570057 1375070794763111276 -1.3233362E-4 -0.0076172017 0.7164543 
1266934481853 1375070794826923532 0.017354757 -0.006180718 0.7231707 
1266996651851 1375070794890216989 0.03157909 -0.0012071357 0.7303079 
1267066970789 1375070794954120798 0.046460792 8.961159E-5 0.73587257 
1267137778053 1375070795017353219 0.05768526 -0.0011826684 0.74213403 
1267224516952 1375070795081287546 0.06113904 -0.008988301 0.7455759 
1267267153911 1375070795144637028 0.051167715 -0.029461684 0.7487377 
1267315650782 1375070795208449284 0.040210996 -0.03944118 0.74517596 
1267377973385 1375070795271773258 0.040391173 -0.024907067 0.74555546 
1267442768134 1375070795335616032 0.04400581 -0.016126474 0.7458405 
1267518458657 1375070795398909489 0.039599553 -0.016190529 0.7391939 
1267579194197 1375070795462843815 0.03191197 -0.012839762 0.72940195 
1267643836346 1375070795526045719 0.02998749 -0.010613166 0.7240018 
1267708478497 1375070795589949528 0.030703677 -0.011112789 0.721309 
1267773975215 1375070795653258989 0.0298199 -0.01266696 0.71951824 
1267838129037 1375070795717162797 0.02244075 -0.026858194 0.72541153 
1267924745853 1375070795780425737 0.019603662 -0.02964482 0.72524005 
1267952610953 1375070795844207475 0.0284154 -0.010411838 0.7303655 
1268017283623 1375070795907531450 0.041323677 -0.0031663342 0.7372216 
1268107410281 1375070795971374223 0.048646506 -0.0026862295 0.74185514 
1268142539230 1375070796034637163 0.052229084 0.0038966283 0.74300325 
1268215849165 1375070796098479936 0.055860415 0.009873243 0.74673265 
1268280827038 1375070796161803911 0.05958856 0.011368086 0.75439984 
1268342997036 1375070796225616166 0.062095597 0.010170099 0.761201 
1268396010923 1375070796288909623 0.05306803 6.320136E-4 0.7721777 
1268466940269 1375070796352782915 0.036647554 -0.008812978 0.7752326 
1268531063570 1375070796416045854 0.02508826 6.312646E-4 0.7714444 
1268593874497 1375070796479919145 0.017321235 0.009712674 0.7663136 
1268664681761 1375070796543334672 0.010210871 0.006249179 0.7567546 
1268728347257 1375070796607142785 0.0035035766 0.006809746 0.7432676 
1268789784767 1375070796670405725 1.4882024E-4 0.010776712 0.73265225 
1268863644068 1375070796734217980 0.0023434984 0.011875357 0.7256683 
1268904114083 1375070796797450402 0.004231051 0.009825953 0.72279704 
1268967779579 1375070796861293176 5.175112E-4 0.0018304961 0.72460127 
1269036206254 1375070796924922326 -0.0047486313 -0.0050208895 0.7271458 
1269104510847 1375070796988490441 -0.0033752357 -0.0057801697 0.73079324 
1269161461861 1375070797051722863 0.0063429726 -0.0106537435 0.73559046 
1269223387697 1375070797115596154 0.013617133 -0.012464222 0.7360746 
1269294072879 1375070797178920129 0.015312162 -0.0072957203 0.73354733 
1269361950187 1375070797242732385 0.019470496 -0.0050895046 0.7303435 
1269429217088 1375070797306056359 0.025105113 -0.0041488083 0.7295198 
1269480827037 1375070797369868615 0.030973932 -0.005637215 0.72954816 
1269544584096 1375070797433162072 0.026226422 -0.013781631 0.72789156 
1269613010770 1375070797496974328 -0.0023853085 -0.021566248 0.72278583 
1269676218462 1375070797560298303 -0.020744883 -0.024753854 0.7121878 
1269732314906 1375070797624141076 -0.01929276 -0.023457775 0.7085595 
1269794210220 1375070797687404016 -0.015575751 -0.022466045 0.70512795 
1269865597371 1375070797751277307 -0.009808476 -0.023444004 0.70200855 
1269927462167 1375070797814570764 -0.0016832668 -0.024219988 0.7013262 
1269996987575 1375070797878444055 0.0037912333 -0.0242706 0.7030057 
1270048109200 1375070797941706994 0.0010072609 -0.027500067 0.70561194 
1270124684813 1375070798005610803 -0.0073766983 -0.036659375 0.70678145 
1270185237231 1375070798068812707 -0.014301474 -0.039664768 0.70759726 
1270248475443 1375070798133052209 -0.012394077 -0.04113588 0.7141864 
1270326424473 1375070798196009973 -0.0037390883 -0.04343317 0.7196687 
1270386305444 1375070798259913781 0.00422655 -0.038291834 0.7256494 
1270457784156 1375070798323115686 0.01243425 -0.035069793 0.72985995 
1270505456977 1375070798387019494 0.017535321 -0.035365753 0.73161787 
1270565124306 1375070798450251916 0.020632371 -0.03894471 0.7328435 
1270621220750 1375070798514360711 0.019772466 -0.048259348 0.73327935 
1270749009549 1375070798634783075 0.017245777 -0.044693176 0.74267405 
1270815452400 1375070798698381708 0.022842208 -0.042850677 0.74908924 
1270877988643 1375070798761919305 0.023844227 -0.04640103 0.75202143 
1270961339779 1375070798825517938 0.022055903 -0.038476545 0.7530726 
1271007517103 1375070798889086053 0.024283294 -0.032249223 0.75493664 
1271069748142 1375070798952654169 0.022533692 -0.03180754 0.75538534 
1271145133462 1375070799016313836 0.01832049 -0.036082767 0.7566325 
1271207669705 1375070799079027460 0.01239093 -0.0504635 0.76121926 
1271265475290 1375070799143327997 0.003804743 -0.051764607 0.76584375 
1271335031219 1375070799206896112 0.0030857967 -0.048758663 0.77279747 
1271418412875 1375070799270464227 0.0050285743 -0.05485965 0.7786783 
1271457173750 1375070799334368036 0.007840228 -0.05241013 0.7845421 
1271511164288 1375070799397722528 0.015255817 -0.04629739 0.7901729 
1271575257069 1375070799461164289 0.020392058 -0.041492056 0.79371786 
1271637488108 1375070799524732404 0.025196042 -0.04175323 0.7952893 
1271705792702 1375070799588300519 0.02973358 -0.046681598 0.7942315 
1271781910511 1375070799651899152 0.022648837 -0.05797252 0.7923256 
1271828606680 1375070799715741926 0.010982492 -0.050527643 0.79325134 
1271893615074 1375070799779065900 0.013914927 -0.040896088 0.7986877 
1271957250050 1375070799842603498 0.015085429 -0.041476257 0.80145675 
1272029003445 1375070799904828840 0.011458264 -0.02960111 0.80197495 
1272101794533 1375070799969709211 0.013618041 -0.017272227 0.8037878 
1272162499554 1375070800033307843 0.013987106 -0.011159857 0.8056355 
1272226165051 1375070800096875959 0.011203619 -0.006779958 0.80764437 
1272291539688 1375070800160718732 0.0073237987 -0.011176893 0.81157804 
1272360607290 1375070800223981672 0.0043194047 -0.02263196 0.818552 
1272405319637 1375070800287519269 0.0029152026 -0.023788434 0.8248181 
1272468618888 1375070800351148420 0.0056909285 -0.02431355 0.83194536 
1272527736850 1375070800414686017 0.008777502 -0.026685756 0.8360129 
1272595278433 1375070800478284650 0.012258367 -0.022514926 0.8369272 
1272658577686 1375070800542127424 0.017878275 -0.015200835 0.8367099 
1272718367095 1375070800605390363 0.021269584 -0.010504001 0.8345826 
1272783100805 1375070800668958478 0.024902984 -0.015158851 0.8326825 
1272859371215 1375070800730634504 0.024810685 -0.031224966 0.8305436 
1272919465828 1375070800796094709 0.018406061 -0.05542291 0.8275403 
1272980964379 1375070800859693342 0.011238979 -0.05925421 0.8264599 
1273039105688 1375070800923230939 0.013967986 -0.054744076 0.827733 
1273110340237 1375070800987104230 0.01753501 -0.049543362 0.82847714 
1273178125984 1375070801050397687 0.015976893 -0.034050062 0.8287127 
1273251252797 1375070801113324933 0.017619938 -0.023287643 0.8290365 
1273291722810 1375070801177533918 0.019147027 -0.018211206 0.82826686 
1273354686338 1375070801241071515 0.014983221 -0.015984219 0.8262933 
1273419969414 1375070801304872404 0.0074950336 -0.020013161 0.8269485 
1273487419437 1375070801368684660 0.002808351 -0.03417942 0.8302031 
1273550840772 1375070801432100187 -0.0036563564 -0.03697013 0.83530855 
1273622136361 1375070801495576750 -0.0020767197 -0.03716153 0.8407599 
1273672006650 1375070801559114348 0.0013539434 -0.04094825 0.8452198 
1273735275381 1375070801622682463 8.006847E-4 -0.03591282 0.84798604 
1273799429204 1375070801686281096 0.0017561427 -0.02784693 0.85106766 
1273877805521 1375070801749818693 0.003464679 -0.022574726 0.8541092 
1273936252033 1375070801813447844 0.0088849 -0.02573316 0.85678375 
1274013560137 1375070801876954924 0.013971972 -0.037510734 0.8583945 
1274089433782 1375070801939485441 0.01507056 -0.056316346 0.8567155 
1274116749515 1375070802004091154 0.009032784 -0.06269547 0.85351306 
1274180964380 1375070802067689787 0.008701357 -0.059879825 0.8520341 
1274243836346 1375070802131227385 0.0115914475 -0.05889221 0.84967387 
1274308600576 1375070802195070158 0.0107316915 -0.051139265 0.8459134 
1274376966209 1375070802258602851 0.012956965 -0.03713283 0.8433156 
1274500726321 1375070802392117256 0.032181863 0.031979244 0.83915454 
1274573181684 1375070802455929511 0.049588893 0.08871696 0.83022535 
1274631689238 1375070802519253486 0.059353344 0.13792206 0.8206152 
1274703595235 1375070802583279365 0.060653765 0.15796714 0.81666684 
1274757005886 1375070802646389717 0.055327583 0.1577233 0.81582445 
1274829613853 1375070802710293525 0.05127048 0.14113344 0.81949764 
1274892058534 1375070802773509296 0.067156956 0.11273014 0.8302469 
1274964452857 1375070802837352069 0.087894455 0.0870539 0.84261495 
1275007547623 1375070802900615009 0.10203743 0.07988929 0.85160017 
1275084275838 1375070802964488300 0.11436868 0.08946818 0.8510376 
1275140708008 1375070803027781757 0.12427504 0.091570474 0.8500775 
1275198574633 1375070803091594013 0.12852472 0.078550465 0.84748214 
1275268924092 1375070803154399189 0.116501406 0.062064815 0.84421444 
1275325234179 1375070803218760761 0.08869654 0.06157261 0.8379629 
1275388014585 1375070803282023700 0.07498233 0.06633687 0.8311432 
1275474936605 1375070803345896991 0.075388625 0.06499922 0.82700425 
1275516200148 1375070803409190448 0.0647037 0.07417411 0.8230108 
1275579621482 1375070803473307880 0.058323566 0.08672576 0.82066315 
1275648811167 1375070803536296161 0.063303486 0.088319115 0.8196986 
1275716505352 1375070803600291523 0.07369982 0.075195886 0.8211322 
1275814872512 1375070803663432392 0.07765409 0.05219652 0.828034 
1275834069826 1375070803727453872 0.08717961 0.030883132 0.83313817 
1275900695801 1375070803790655777 0.08236651 0.028790146 0.83915156 
1275967321773 1375070803854468033 0.065654755 0.037974093 0.8436954 
1276029278128 1375070803917761490 0.05871685 0.049372666 0.8470976 
1276097765843 1375070803981665298 0.05466085 0.06274023 0.8509566 
1276171472544 1375070804044958755 0.05474463 0.067884356 0.8560319 
1276215666043 1375070804108740494 0.060702752 0.06628462 0.8604059 
1276279056855 1375070804172064468 0.06981199 0.055870432 0.86303884 
1276342935995 1375070804235937759 0.077003725 0.036595587 0.8641797 
1276416917376 1375070804299170181 0.069987945 0.032246415 0.86370075 
1276486320705 1375070804363135025 0.064661585 0.03753289 0.86212736 
1276560851453 1375070804426306411 0.06394795 0.04211062 0.8613517 
1276617649866 1375070804490210220 0.055259008 0.05444527 0.8585708 
1276677988642 1375070804553473160 0.050582156 0.06476692 0.8582852 
1276731765538 1375070804617285415 0.051141843 0.06666471 0.85984504 
1276787495739 1375070804680884048 0.051480625 0.062330782 0.86302644 
1276864101873 1375070804744482681 0.053618293 0.05179011 0.86696655 
1276928133613 1375070804807837173 0.05623106 0.039534178 0.87159956 
1277008768437 1375070804871649429 0.050518144 0.03482618 0.8765006 
1277048994288 1375070804934851333 0.055040248 0.032504633 0.8793166 
1277105762182 1375070804998724624 0.057278585 0.03450827 0.8821435 
1277168939352 1375070805062048599 0.04938503 0.04532828 0.8823283 
1277246766301 1375070805125860855 0.049379796 0.05409219 0.88373804 
1277296148263 1375070805189184829 0.05441173 0.056501042 0.8850942 
1277366039917 1375070805252997085 0.063419916 0.0525273 0.8862696 
1277436023130 1375070805316290542 0.07342466 0.04339595 0.8842612 
1277517268361 1375070805380194351 0.0792772 0.027918652 0.88185185 
1277571930347 1375070805443396255 0.07303463 0.020252438 0.8784218 
1277647254628 1375070805507239029 0.06795525 0.019093968 0.8748416 
1277677561358 1375070805570768138 0.06812231 0.01939011 0.87335175 
1277741379455 1375070805634641429 0.060933497 0.029214267 0.87232053 
1277807395022 1375070805697934886 0.057266343 0.040301617 0.87090707 
1277869412418 1375070805761808177 0.057675242 0.043118387 0.8706606 
1277942447668 1375070805825101634 0.054496735 0.042154625 0.8708056 
1278000436375 1375070805889188548 0.04882798 0.042468823 0.8712199 
1278081010159 1375070805952176829 0.045612875 0.034796324 0.87594205 
1278137991694 1375070806016141673 0.042879142 0.028506648 0.8790933 
1278205502759 1375070806079343577 0.04266093 0.026212307 0.88213575 
1278249513135 1375070806143186351 0.046971843 0.022792924 0.8837798 
1278313392273 1375070806206479808 0.044609096 0.028419586 0.88276553 
1278377362975 1375070806270292063 0.042188246 0.039593622 0.8801049 
1278447803994 1375070806333585521 0.04348965 0.044266198 0.8785825 
1278508264851 1375070806397489329 0.047873892 0.041142724 0.8770831 
1278568542586 1375070806460752269 0.05489638 0.032767996 0.8756188 
1278638983605 1375070806524682360 0.054425802 0.024007583 0.874522 
1278702160777 1375070806587975817 0.053620357 0.018329289 0.8721797 
1278779896165 1375070806651849108 0.062373616 0.016264196 0.8694419 
1278835015958 1375070806715112048 0.058827497 0.028920343 0.8673585 
1278902862745 1375070806779015856 0.051254533 0.04833706 0.8642162 
1278964513899 1375070806842278796 0.057181176 0.05687685 0.8633097 
1279030682065 1375070806906152087 0.06225389 0.056386903 0.8633696 
1279082932942 1375070806969384508 0.06285781 0.0517551 0.8630261 
1279139914477 1375070807033227282 0.060366366 0.043818306 0.86336017 
1279209867171 1375070807096795397 0.06420805 0.032184254 0.8620189 
1279266940266 1375070807160394030 0.05864462 0.027791023 0.8636687 
1279335275381 1375070807223687487 0.05408669 0.02491316 0.8620536 
1279395339473 1375070807287469225 0.054970182 0.019586043 0.8616861 
1279458455604 1375070807350793200 0.051655915 0.020928746 0.85944104 
1279604404025 1375070807471825915 0.056780353 0.028473636 0.85771984 
1279649513135 1375070807535210924 0.06433996 0.028699378 0.8583196 
1279715254016 1375070807598626452 0.068759724 0.019688742 0.85775054 
1279777759739 1375070807662225085 0.07170574 0.009520408 0.8570564 
1279842951254 1375070807725762682 0.06776821 0.0141820125 0.8563416 
1279915192977 1375070807789330798 0.06733661 0.020343844 0.854994 
1279976966209 1375070807852898913 0.066806324 0.029861497 0.8526933 
1280043988948 1375070807916558581 0.059844088 0.048185628 0.8487942 
1280095812540 1375070807980065661 0.060506564 0.05910773 0.8450322 
1280157524732 1375070808042779284 0.059362367 0.06372702 0.8406782 
1280259737460 1375070808107171374 0.050826345 0.067049526 0.8392043 
1280283818033 1375070808170770006 0.04575821 0.06388848 0.84077275 
1280346873121 1375070808234338122 0.045434345 0.05798217 0.8465057 
1280412308800 1375070808298211413 0.03852264 0.06001535 0.8518813 
1280483421268 1375070808361474352 0.042146113 0.05795366 0.856272 
1280557127968 1375070808425184807 0.048623014 0.05501376 0.8591935 
1280602755924 1375070808488722405 0.047784362 0.059602264 0.8592451 
1280665231127 1375070808552290520 0.05495506 0.06283846 0.85896933 
1280728591419 1375070808615889153 0.06534451 0.063921474 0.85866034 
1280793477730 1375070808679731927 0.07627898 0.063558966 0.8579876 
1280866909746 1375070808743116936 0.08323587 0.054392397 0.857736 
1280935092258 1375070808806715569 0.08447895 0.045420107 0.85830283 
1280995339473 1375070808868727288 0.07549311 0.0522052 0.85899216 
1281064254474 1375070808933699212 0.06911715 0.059101876 0.8587487 
1281111255848 1375070808997267327 0.06397584 0.06434301 0.8585218 
1281193172527 1375070809060835442 0.056184232 0.07500608 0.8573997 
1281237213425 1375070809124678216 0.058879986 0.081054926 0.8563019 
1281302557541 1375070809188124261 0.060771544 0.08250179 0.8545205 
1281385054109 1375070809251417718 0.052237958 0.084972866 0.8526641 
1281428789802 1375070809315107903 0.044438172 0.08195682 0.8523977 
1281492394257 1375070809378793030 0.042994503 0.069320284 0.85572755 
1281555754550 1375070809442361145 0.03806059 0.063071236 0.8588366 
1281623265614 1375070809505929260 0.0372448 0.06056492 0.8625372 
1281687755161 1375070809569588928 0.04003151 0.056403786 0.8655457 
1281761583942 1375070809633034973 0.038520668 0.05771862 0.8660609 
1281816947897 1375070809694680481 0.040717464 0.06098375 0.86610836 
1281874143074 1375070809760171204 0.04324315 0.061926533 0.8668062 
1281936862440 1375070809823769837 0.048289575 0.058324933 0.8680505 
1282069351376 1375070809887337952 0.053703938 0.049529765 0.8701458 
1282079606221 1375070809950906067 0.05791451 0.030240063 0.87294143 
1282126851758 1375070810014443665 0.051822342 0.019807931 0.8723716 
1282190852978 1375070810077309876 0.047656987 0.019182323 0.8706479 
1282256075014 1375070810141579895 0.047880914 0.019965626 0.8664029 
1282319282706 1375070810205148010 0.0365512 0.031371724 0.8616797 
1282385328791 1375070810268746643 0.025419474 0.040380318 0.8572262 
1282457967277 1375070810332589417 0.02085679 0.04142718 0.8543968 
1282509485665 1375070810395852356 0.022319186 0.0408031 0.8553477 
1282580750735 1375070810459420471 0.025909312 0.041918546 0.8586181 
1282640906390 1375070810522988587 0.030344324 0.034599703 0.86305827 
1282705579058 1375070810586587219 0.029348902 0.030501964 0.86591023 
1282774188855 1375070810650124817 0.02702174 0.03372927 0.8692024 
1282852351529 1375070810713723450 0.030270921 0.03000246 0.8726085 
1282906586230 1375070810777383118 0.031204669 0.028678482 0.8742582 
1282956548081 1375070810840890198 0.025929585 0.031834114 0.8740491 
1283018016110 1375070810903176575 0.023073124 0.034259908 0.873859 
1283085130409 1375070810967995911 0.02747619 0.033836342 0.87468857 
1283143882126 1375070811031564026 0.03337538 0.029931644 0.8765094 
1283208371672 1375070811095132141 0.04016946 0.018446343 0.8780294 
1283342752871 1375070811228921204 0.022601165 0.026405092 0.8800748 
1283399337642 1375070811292478379 0.018324776 0.037500884 0.8785067 
1283462850537 1375070811356290635 0.020897321 0.038693484 0.8767107 
1283526088749 1375070811419614610 0.0130884955 0.044415742 0.8742403 
1283591005581 1375070811483426866 0.010314828 0.051543567 0.87229323 
1283658791327 1375070811546720323 0.01197298 0.056742966 0.8714944 
1283725020535 1375070811610593614 0.012319255 0.059076037 0.871113 
1283791158183 1375070811673917588 0.010387922 0.06134972 0.8704997 
1283844049988 1375070811737699327 0.011751103 0.05478573 0.87286997 
1283907074557 1375070811800992784 0.007625972 0.053485382 0.87320846 
1283975684353 1375070811864866075 0.001871816 0.054874524 0.87342316 
1284041852520 1375070811928129014 -0.0016333085 0.05001285 0.8741913 
1284113850080 1375070811992215928 -0.010772729 0.04846318 0.8741376 
1284161797584 1375070812055295762 -0.015188998 0.0543849 0.8726425 
1284235290641 1375070812118619737 -0.013284073 0.05803429 0.8726851 
1284298742494 1375070812182396425 -0.0049804044 0.054841567 0.87141865 
1284371411500 1375070812246391786 0.0010443683 0.051124025 0.87027854 
1284437152384 1375070812309563173 9.949246E-4 0.038180444 0.8693559 
1284502984826 1375070812373497499 0.001219458 0.023448557 0.8658432 
1284557799415 1375070812436699404 -0.0020171495 0.025261022 0.8615129 
1284622105840 1375070812500633730 -0.0019325332 0.029343698 0.85764533 
1284685893417 1375070812563866152 5.512035E-5 0.029670745 0.852322 
1284735397462 1375070812627678408 -0.0035011875 0.035710428 0.844969 
1284797689541 1375070812691093935 -0.002666837 0.03884178 0.83825964 
1284866787665 1375070812754814638 0.0013791454 0.034931336 0.83323723 
1284937411806 1375070812818108095 0.0068280813 0.028285833 0.83078563 
1285003915697 1375070812882042421 0.018857615 0.015516315 0.8313405 
1285108356412 1375070812945244325 0.024252508 0.009275093 0.83070064 
1285116291708 1375070813009087099 0.025401995 0.0060152914 0.8312981 
1285179072114 1375070813072380556 0.024597593 0.0011603099 0.8327605 
1285243439579 1375070813136223329 0.018086553 0.006133591 0.83477634 
1285306250507 1375070813199516786 0.012962366 0.017367538 0.8387288 
1285369671840 1375070813263359560 0.009502342 0.02744088 0.842178 
1285444965598 1375070813326714052 0.0057717143 0.036431704 0.84516484 
1285499078218 1375070813390465273 0.0014185909 0.043098863 0.8486751 
1285566741885 1375070813453789247 -0.0025871487 0.03867695 0.8517944 
1285625035795 1375070813517601503 -0.0017981959 0.028970676 0.8521086 
1285687388915 1375070813580894960 0.0013845939 0.026296828 0.8523217 
1285765307426 1375070813644798769 -1.9193506E-4 0.026028171 0.85254276 
1285827660549 1375070813708092226 -0.005724621 0.02515339 0.850697 
1285888731813 1375070813771965517 -0.011609549 0.029013319 0.8465728 
1285961919665 1375070813835197939 -0.016438924 0.037509225 0.8415513 
1286021831155 1375070813899132265 -0.023999222 0.04613614 0.83715546 
1286084947285 1375070813962334169 -0.031062687 0.054789685 0.8316532 
1286147697173 1375070814026268495 -0.03404331 0.06084449 0.8303235 
1286203671535 1375070814089439882 -0.03404714 0.05397845 0.8335773 
1286259706938 1375070814153488004 -0.037649725 0.048279338 0.8361786 
1286323158791 1375070814216811978 -0.035655286 0.040658716 0.84029895 
1286386946372 1375070814280685269 -0.02742876 0.029746067 0.8439019 
1286457051666 1375070814343917691 -0.019231787 0.02718812 0.8463114 
1286521358090 1375070814407790982 -0.011367226 0.028162394 0.8466885 
1286582307274 1375070814471084439 -0.0068481364 0.028254002 0.84892637 
1286653938588 1375070814534988248 0.0012264841 0.029099604 0.85083383 
1286720656122 1375070814598220670 0.0048541594 0.033920795 0.85362834 
1286785511912 1375070814662124478 0.0034969652 0.032251876 0.8531608 
1286847559829 1375070814725356900 -7.7963044E-4 0.030265873 0.84987456 
1286912873426 1375070814789260709 -0.0049655 0.035629135 0.8478671 
1286981727387 1375070814852798306 -0.0034384218 0.03911033 0.849227 
1287024028623 1375070814916305386 -0.0022084168 0.038845383 0.8508113 
1287086351222 1375070814979598843 -0.005259247 0.043290246 0.85090834 
1287155998713 1375070815043472134 -0.0068028606 0.04954998 0.8515212 
1287218046629 1375070815106791889 -0.011076653 0.05004502 0.85194 
1287282719298 1375070815170604145 -0.0198069 0.050212074 0.85083747 
1287356303916 1375070815233928119 -0.029783027 0.05259894 0.8527202 
1287420366178 1375070815297862446 -0.035511542 0.04881739 0.8567561 
1287468161081 1375070815361033832 -0.041798286 0.0412416 0.86345434 
1287531612935 1375070815424876606 -0.04570556 0.03839177 0.86945385 
1287595064790 1375070815488170063 -0.044011846 0.036925595 0.87552065 
1287668252642 1375070815552012836 -0.038848016 0.03664022 0.8775204 
1287738144296 1375070815615428364 -0.032166164 0.03648029 0.8781755 
1287800375334 1375070815679240619 -0.025524842 0.035014722 0.8760368 
1287870877394 1375070815742595112 -0.021292351 0.037829984 0.8738065 
1287925539381 1375070815806285297 -0.016141064 0.04246343 0.87194717 
1287976691525 1375070815869578754 -0.01596177 0.040527713 0.8705127 
1288043592181 1375070815933421528 -0.024503825 0.041282494 0.86927414 
1288104602406 1375070815996745502 -0.030698111 0.05357651 0.86940205 
1288170862134 1375070816060893452 -0.030620063 0.061959304 0.8728565 
1288238861524 1375070816123851215 -0.030311124 0.061363116 0.87650084 
1288317909287 1375070816187724506 -0.03337713 0.0643006 0.87962186 
1288370343288 1375070816251017963 -0.03829989 0.069487594 0.88381237 
1288422075319 1375070816314830219 -0.044185746 0.070484184 0.88815457 
1288485160928 1375070816378123676 -0.048879568 0.06892173 0.8922995 
