#SysTm EventTmStmp Acc:x Acc:y Acc:z
1217680399758 1375070745365876359 -0.6908264 2.527069 9.652405 
1217737839099 1375070745429444474 -0.5587158 2.6056213 8.4646 
1217749070597 1375070745492982072 -0.4623108 2.1331177 9.805939 
1217759447524 1375070745556885880 -1.3501892 2.2283325 9.663116 
1217765856802 1375070745620266490 -1.1490479 2.8365173 8.33725 
1217805350163 1375070745683834605 -0.5932312 3.0221863 10.384369 
1217853633392 1375070745747433238 -2.4999084 2.006958 9.2144165 
1217915620268 1375070745811001353 -0.8503113 3.0828857 8.395569 
1217979468887 1375070745874538951 -1.9417114 1.8617554 9.642883 
1218043073343 1375070745938107066 -0.31591797 2.7936707 10.180847 
1218106830401 1375070746001766734 -0.73843384 2.3128357 10.574799 
1218170770581 1375070746065243297 -0.2480774 2.6008606 9.279877 
1218235870535 1375070746128857944 -0.46350098 1.4475708 11.644775 
1218297521687 1375070746192426059 -0.53015137 0.67871094 11.642395 
1218361492389 1375070746255963656 0.038757324 0.79296875 8.590759 
1218456075021 1375070746319562289 0.6183777 0.68466187 8.737152 
1218487572046 1375070746383252475 1.165863 0.1954956 10.546234 
1218551268063 1375070746446698520 -0.22665405 -0.18536377 10.462921 
1218615086161 1375070746510236117 -0.5361023 0.26690674 9.62146 
1218678538017 1375070746573834750 0.29821777 1.217865 8.283691 
1218742325594 1375070746637372348 0.39343262 1.5142212 9.134674 
1218804831317 1375070746700940463 -0.15286255 1.493988 9.882111 
1218869412424 1375070746764539096 0.09945679 1.558258 10.834259 
1218932986360 1375070746828107211 -0.40875244 1.4082947 11.446014 
1218997262265 1375070746891675326 0.90164185 1.2071533 9.741669 
1219058760814 1375070746953931186 -1.021698 -0.65667725 12.150604 
1219123982850 1375070747018781039 -1.1954651 0.3609314 6.9364014 
1219222441571 1375070747082436480 0.18991089 0.6822815 8.718109 
1219251527486 1375070747146096148 -0.5753784 0.19192505 11.113953 
1219314002689 1375070747209603228 -1.1026306 0.6311035 8.655029 
1219377912348 1375070747273140826 0.044708252 1.5951538 8.640747 
1219441699926 1375070747336678423 -0.23736572 1.6011047 10.024933 
1219505579066 1375070747400277056 0.3125 1.346405 10.847351 
1219568634154 1375070747463814654 0.7243042 0.51327515 10.84021 
1219632879539 1375070747527382769 0.8159485 -0.09967041 13.220581 
1219695843066 1375070747590981402 0.2303772 0.6239624 6.755493 
1219759844287 1375070747654519000 1.8204651 0.9274597 7.749298 
1219822960418 1375070747718087115 1.1039734 0.46328735 11.304382 
1219886870077 1375070747781685748 -0.4039917 0.70251465 8.975189 
1219949742044 1375070747845284380 0.6005249 1.7832031 8.306305 
1220012858174 1375070747908791461 1.0587463 2.026001 10.018982 
1220076157426 1375070747972390093 0.45056152 1.6903687 11.682861 
1220140494372 1375070748035958209 0.19943237 1.493988 10.660492 
1220204526113 1375070748099526324 1.4241333 0.6013489 11.955414 
1220267398079 1375070748162423052 -1.650116 -0.90185547 10.07254 
1220330941494 1375070748226662554 -1.1966553 0.072906494 7.9504395 
1220394606992 1375070748290230669 0.22561646 0.38235474 9.519104 
1220458089367 1375070748353798785 -0.7753296 0.5192261 8.973999 
1220522639954 1375070748417366900 -0.31115723 1.4273376 8.252747 
1220586274929 1375070748480904498 0.11968994 1.7344055 8.8038025 
1220648750134 1375070748544503130 0.118499756 1.4475708 10.534332 
1220712018865 1375070748608071246 -0.12548828 1.0905151 10.496246 
1220775898003 1375070748671608843 1.7930908 0.3942566 11.973267 
1220845667574 1375070748735207476 -0.19332886 -0.33532715 12.668335 
1220902801711 1375070748798775591 -0.17071533 0.8536682 5.7628784 
1220966039923 1375070748862313189 2.159668 1.153595 8.1492 
1221031322999 1375070748925881304 1.65979 0.6263428 11.250824 
1221095293700 1375070748989837667 0.14230347 0.99053955 8.762146 
1221158440350 1375070749053283712 1.1634827 2.096222 9.197754 
1221222014285 1375070749116973897 1.6252747 2.4247131 10.097534 
1221285588222 1375070749180450460 0.32440186 1.5975342 11.059204 
1221349009555 1375070749244018575 1.4265137 1.577301 9.809509 
1221413590664 1375070749307556173 0.37677002 -0.41864014 14.511932 
1221478538015 1375070749371124288 -1.7393799 0.07052612 6.175873 
1221539914484 1375070749434692403 1.2658386 0.55374146 10.754517 
1221604007266 1375070749498260518 -0.22784424 0.2776184 9.81427 
1221667001314 1375070749561859151 0.4124756 1.1607361 7.9956665 
1221755907159 1375070749625427266 0.42913818 1.6296692 8.757385 
1221793752421 1375070749689270040 0.43984985 1.5630188 10.077301 
1221858333530 1375070749752532979 0.49935913 1.2892761 10.70929 
1221921541220 1375070749816131612 2.057312 1.346405 11.692383 
1221984962554 1375070749879669210 1.4050903 0.5097046 12.032776 
1222048444929 1375070749943263644 0.9706726 0.7501221 7.414856 
1222111286374 1375070750006831759 1.954956 1.1964417 9.857117 
1222175043432 1375070750070369356 0.6171875 1.051239 8.816895 
1222240387550 1375070750133937472 1.1087341 1.7296448 8.889496 
1222305243340 1375070750197536105 1.2253723 2.071228 10.348663 
1222367260738 1375070750261134737 0.97662354 1.8653259 11.280579 
1222433306823 1375070750324641817 1.2384644 0.56207275 12.047058 
1222492974152 1375070750388240450 -0.27664185 -0.8102112 10.559326 
1222563995058 1375070750451778048 0.5767212 0.13360596 9.213226 
1222620549309 1375070750515346163 0.6814575 -0.04373169 9.989227 
1222683726479 1375070750578944796 0.68026733 0.28475952 10.259399 
1222747117291 1375070750642512911 -0.4194641 0.57159424 8.037323 
1222810935390 1375070750706050509 0.12207031 1.0131531 9.208466 
1222875394417 1375070750769618624 0.38034058 1.1274109 10.272491 
1222938449506 1375070750833186739 0.55410767 0.5989685 10.209412 
1223003244257 1375070750897090548 2.872589 0.38116455 11.791168 
1223066238305 1375070750960353487 0.19229126 -0.83758545 14.181061 
1223130331088 1375070751023921603 0.39938354 0.6239624 6.3353577 
1223192409524 1375070751087459200 1.4360352 1.198822 7.915924 
1223255830859 1375070751151027315 0.8873596 0.9881592 10.279633 
1223319130110 1375070751214656466 0.45651245 1.1274109 9.7404785 
1223405441723 1375070751278194064 0.8230896 1.7129822 8.802612 
1223462667421 1375070751341731661 0.9159241 1.9212646 9.032318 
1223510553886 1375070751405330294 1.1480103 1.8486633 10.739044 
1223572845965 1375070751468867892 0.04232788 1.3356934 8.512207 
1223636236780 1375070751532436007 1.4003296 0.20977783 15.592621 
1223700421122 1375070751596034640 -1.8131714 -0.20916748 6.644806 
1223765612638 1375070751659602755 0.61242676 0.053863525 11.175842 
1223830437909 1375070751723140353 0.45056152 0.525177 10.32605 
1223894988495 1375070751786708468 -0.8384094 1.1607361 8.477692 
1223957066933 1375070751850542857 0.2637024 1.9700623 7.993286 
1224020640869 1375070751914110972 -0.092163086 1.4749451 9.642883 
1224083695957 1375070751977709605 0.103027344 1.3749695 9.908295 
1224147483537 1375070752041247203 -0.5182495 2.0367126 9.883301 
1224209134688 1375070752105120494 0.5005493 0.66204834 11.461487 
1224272342380 1375070752168413951 -0.32901 0.0014953613 11.265106 
1224336252039 1375070752232012584 -5.187988E-4 0.88342285 7.95401 
1224399581813 1375070752295550181 0.75286865 1.0357666 8.944244 
1224464437603 1375070752359148814 0.5172119 1.0559998 10.0225525 
1224530849933 1375070752422686412 -0.9086304 1.2857056 8.242035 
1224591677035 1375070752486254527 -0.31591797 2.0890808 8.994232 
1224655830858 1375070752549822642 0.17800903 1.8653259 9.914246 
1224719313232 1375070752613360240 0.7302551 2.0724182 11.234161 
1224784169024 1375070752676958873 -0.2314148 0.096710205 10.963989 
1224848567010 1375070752740496470 -1.0324097 0.012207031 9.641693 
1224911835742 1375070752804090821 -0.46469116 0.44781494 8.813324 
1224974707708 1375070752867689453 -1.2133179 0.6346741 10.292725 
1225037671237 1375070752931257569 -0.44802856 1.1631165 10.126099 
1225119435314 1375070752994825684 -1.0526428 1.1869202 7.5838623 
1225162194356 1375070753058363281 -1.0502625 1.2928467 9.694061 
1225226439739 1375070753121992432 -1.1966553 1.2809448 8.159912 
1225289891593 1375070753185499512 -0.87887573 1.05719 9.995178 
1225354716865 1375070753249128662 -1.1585693 0.024108887 10.743805 
1225417283628 1375070753312940918 -0.55633545 -0.7114258 12.908752 
1225482749826 1375070753376234375 -0.11715698 0.4359131 8.27536 
1225545988037 1375070753439802490 -0.38256836 0.77511597 8.614563 
1225610660706 1375070753503309571 1.3991394 0.8727112 9.013275 
1225671243647 1375070753566938721 1.0849304 0.68585205 12.302948 
1225734603939 1375070753630537354 -0.35281372 1.5201721 7.6874084 
1225798513599 1375070753694105469 0.27679443 1.8153381 8.478882 
1225916871603 1375070753757612549 0.005432129 1.564209 11.598358 
1225937076089 1375070753821211182 -1.3561401 1.0559998 10.77475 
1225989204885 1375070753884779297 -0.97528076 0.5561218 11.261536 
1226052626218 1375070753948316895 -0.53253174 0.049102783 11.7352295 
1226116535878 1375070754011915528 -0.855072 0.6465759 7.8873596 
1226179865650 1375070754075483643 -0.25402832 0.44662476 9.482208 
1226244172076 1375070754139021240 -0.31710815 0.5751648 9.608368 
1226307227164 1375070754202589356 -0.45516968 0.87390137 8.413422 
1226371014743 1375070754266157471 -0.48492432 1.0583801 9.30249 
1226435199086 1375070754329725586 -0.29925537 1.089325 9.778564 
1226499047705 1375070754393324219 -0.6670227 0.576355 11.217499 
1226562224876 1375070754456861817 0.31726074 0.48233032 10.662872 
1226626653382 1375070754520429932 -0.18380737 -0.6531067 13.493134 
1226707105083 1375070754583998047 0.04232788 0.15740967 8.0278015 
1226752580438 1375070754647627198 0.57196045 1.0798035 6.9578247 
1226815727089 1375070754711461280 1.1860962 0.8869934 10.282013 
1226879209463 1375070754774846290 0.6029053 0.6584778 10.204651 
1226942905480 1375070754838444923 -0.12548828 1.1762085 8.4039 
1227008493760 1375070754901982520 0.42437744 1.4142456 9.503632 
1227072311858 1375070754965550636 -0.27664185 0.788208 11.5876465 
1227135397469 1375070755029118751 -0.20523071 1.102417 10.655731 
1227199154526 1375070755092717384 -0.77770996 -0.5447998 13.136078 
1227262606380 1375070755156254981 -1.4680176 -0.084198 7.683838 
1227325386786 1375070755219823096 0.064941406 -0.12942505 10.212982 
1227390425699 1375070755283421729 -0.66345215 0.21334839 8.91806 
1227458303008 1375070755346959327 -0.12310791 0.91555786 9.6250305 
1227516505358 1375070755410557960 -0.44326782 0.7905884 9.296539 
1227600894187 1375070755474126075 0.055419922 0.69299316 10.974701 
1227642859700 1375070755537663673 1.3479614 1.2345276 10.07135 
1227705395942 1375070755601231788 0.80166626 -0.3876953 14.401245 
1227769000399 1375070755664948214 0.12921143 0.15264893 7.999237 
1227832391211 1375070755728485811 0.7814331 0.75964355 8.064697 
1227898132094 1375070755792084444 0.71240234 0.86676025 8.965668 
1227961187183 1375070755855622042 -0.62298584 0.5156555 9.605988 
1228023723425 1375070755917847384 -0.5610962 1.1678772 8.202759 
1228091142929 1375070755982788790 -0.092163086 1.1940613 9.210846 
1228153740212 1375070756046326388 -0.00289917 0.8881836 11.958984 
1228215788129 1375070756109925020 0.1399231 0.70251465 10.963989 
1228279545187 1375070756173570314 0.2875061 -0.24963379 12.777832 
1228341165818 1375070756237168947 -0.412323 0.40377808 6.9506836 
1228405838488 1375070756300706544 0.524353 -0.32937622 11.629303 
1228468008486 1375070756364305177 -0.005279541 0.14431763 8.639557 
1228532223349 1375070756427896514 0.12683105 0.56207275 8.819275 
1228595461562 1375070756491464630 0.22442627 0.7977295 8.6883545 
1228660561515 1375070756555032745 0.25775146 0.5073242 9.851166 
1228725295225 1375070756618600860 0.3862915 0.33950806 10.058258 
1228788411354 1375070756682138458 1.1230164 0.4501953 10.370087 
1228853206105 1375070756745706573 2.2346497 0.021728516 13.9418335 
1228914796218 1375070756809305206 0.5862427 -0.41506958 9.597656 
1228980415017 1375070756872842804 0.6564636 -0.10562134 7.7635803 
1229042920739 1375070756936457588 1.0670776 0.4513855 8.46936 
1229105701146 1375070757000025704 -0.44088745 0.025299072 10.092773 
1229167626981 1375070757063563301 -0.17785645 0.8381958 8.130157 
1229267550680 1375070757126521065 1.5657654 1.1559753 9.968994 
1229294713812 1375070757190821602 0.48269653 0.30142212 11.597168 
1229357921502 1375070757254328682 0.9694824 0.13360596 10.011841 
1229421861684 1375070757317866280 0.43151855 -1.2303467 14.7309265 
1229487907769 1375070757381403877 -0.9800415 -0.54956055 6.8721313 
1229554930506 1375070757445002510 1.0313721 -0.34603882 10.812836 
1229614506273 1375070757508570625 0.40652466 0.099090576 8.65979 
1229677591882 1375070757572108223 0.1315918 0.29904175 8.628845 
1229741684666 1375070757635706856 0.42437744 0.44900513 9.3941345 
1229805533284 1375070757699274971 0.36724854 0.43829346 9.422699 
1229868863056 1375070757762812569 0.8052368 0.27999878 10.546234 
1229933657807 1375070757826411202 1.1801453 -0.21154785 11.09729 
1229996529774 1375070757890005640 2.2798767 -0.18774414 12.028015 
1230057662081 1375070757953543238 0.48864746 -0.43411255 10.168945 
1230126241357 1375070758017111353 1.1932373 0.44424438 8.933533 
1230185084634 1375070758080740503 0.2053833 0.19073486 10.173706 
1230248444927 1375070758144247583 0.06613159 0.90960693 8.126587 
1230313331240 1375070758207876734 1.1622925 1.3452148 9.232269 
1230376905174 1375070758271414331 0.5933838 1.0036316 10.347473 
1230440936916 1375070758334921411 -0.15167236 0.7394104 10.408173 
1230504175127 1375070758398550562 0.806427 -0.35079956 13.036102 
1230568115307 1375070758462118677 -0.12072754 -0.31152344 9.602417 
1230633001618 1375070758525686792 -1.1799927 -0.9399414 9.525055 
1230695537862 1375070758589224390 0.52197266 0.036010742 9.438171 
1230757829942 1375070758652792505 -0.09692383 0.24310303 8.40509 
1230822533131 1375070758716391138 -0.121917725 0.5823059 8.483643 
1230903900444 1375070758779928736 0.27322388 0.4597168 10.348663 
1230947819259 1375070758843527368 0.25180054 0.049102783 10.321289 
1231010996430 1375070758907064966 0.6243286 -0.47457886 10.695007 
1231074997651 1375070758970633081 1.9037781 -0.7019043 12.521942 
1231138235863 1375070759034201197 -0.13381958 -1.3362732 12.726654 
1231204281949 1375070759097769312 0.42437744 -0.33532715 7.5065002 
1231267581200 1375070759161337427 1.3301086 0.42282104 7.452942 
1231331277217 1375070759224936060 0.8457031 0.083618164 9.569092 
1231394942715 1375070759288473657 -0.72058105 -0.199646 9.233459 
1231457906243 1375070759352041773 0.24942017 0.6882324 8.8359375 
1231521083414 1375070759415640406 1.3551025 1.0690918 9.703583 
1231585420359 1375070759479208521 0.8397522 0.75131226 12.175598 
1231647498795 1375070759542746118 1.4895935 0.1633606 11.22464 
1231711377935 1375070759606314234 -1.0490723 -1.2601013 10.608124 
1231773822617 1375070759669912866 -0.4611206 -0.8851929 8.0159 
1231838037480 1375070759733713954 0.80999756 -0.6626282 10.661682 
1231902343904 1375070759797251551 -0.5837097 -0.46624756 8.897827 
1231965154831 1375070759860850184 0.6481323 0.16931152 8.33725 
1232029369694 1375070759924387782 0.1637268 0.021728516 9.632172 
1232094408609 1375070759988016932 0.47198486 0.17883301 10.289154 
1232155327271 1375070760051524012 0.5184021 -0.27581787 11.2413025 
1232219969420 1375070760115122645 1.3408203 -1.0744324 11.299622 
1232284489487 1375070760178660243 0.47079468 -1.546936 14.30484 
1232348856952 1375070760242258876 0.5862427 -0.56503296 6.7709656 
1232414140028 1375070760305826991 2.0466003 0.25024414 8.520538 
1232473288510 1375070760369364588 0.6409912 -0.0592041 9.339386 
1232536801404 1375070760432963221 0.24227905 0.19668579 9.502441 
1232600924707 1375070760496531336 0.30654907 0.42282104 9.147766 
1232664101877 1375070760560068934 0.54696655 0.58706665 9.835693 
1232728042059 1375070760623667567 0.36367798 0.4597168 10.693817 
1232791371830 1375070760687235682 0.7243042 -0.5686035 12.25058 
1232856319184 1375070760750802109 0.16967773 -0.44006348 10.0047 
1232920686648 1375070760814431260 0.025665283 -0.45791626 9.200134 
1232983924859 1375070760877938340 -0.32662964 0.018157959 8.620514 
1233047376713 1375070760941536973 -0.30877686 0.35736084 7.446991 
1233113758523 1375070761005044053 0.25180054 0.7167969 8.683594 
1233174860310 1375070761068917344 -0.7158203 0.23834229 10.690247 
1233236725104 1375070761132363389 0.21014404 0.3847351 10.074921 
1233299902275 1375070761195778916 0.9242554 -0.513855 13.527649 
1233363537251 1375070761259347031 -0.5420532 -0.8840027 12.931366 
1233440143385 1375070761322915147 -0.03265381 -0.0044555664 7.292267 
1233490990327 1375070761386452744 1.3872375 0.70370483 8.59314 
1233553862293 1375070761450020859 0.93258667 0.6168213 9.542908 
1233619053808 1375070761513588975 -0.12548828 0.4513855 9.248932 
1233682963467 1375070761577157090 0.23989868 0.9465027 8.34082 
1233748063422 1375070761640725205 0.17800903 1.1357422 9.197754 
1233811637358 1375070761704293320 0.3053589 1.0214844 11.644775 
1233874539845 1375070761767861436 1.0861206 0.76678467 11.373413 
1233938113782 1375070761831429551 -0.8062744 -1.0042114 13.228912 
1234001443554 1375070761894997666 -0.5956116 0.13598633 8.121826 
1234065872059 1375070761958596299 -0.17666626 -0.23654175 10.558136 
1234128194660 1375070762022133897 -0.70391846 0.2288208 8.219421 
1234192043278 1375070762085702012 -1.0359802 0.53826904 8.117065 
1234255037327 1375070762149300645 -0.27069092 1.1512146 8.297974 
1234316688478 1375070762212868760 -0.15048218 1.2535706 8.779999 
1234381391669 1375070762276742051 0.39343262 1.2785645 9.076355 
1234444202594 1375070762339974473 -0.2730713 0.12765503 12.126801 
1234509027866 1375070762403542588 0.59576416 -0.34365845 12.611206 
1234574005738 1375070762467110703 -0.49206543 -0.3638916 11.457916 
1234635199085 1375070762530709336 0.23751831 0.15264893 8.6050415 
1234698559377 1375070762594246934 0.23156738 0.27642822 10.00827 
1234762377477 1375070762658050627 0.19348145 0.8858032 9.635742 
1234826134534 1375070762721618743 -0.15167236 1.2000122 8.118256 
1234890593561 1375070762785156340 0.78619385 1.5058899 8.293213 
1234954747384 1375070762848724456 0.07208252 1.0690918 8.865692 
1235018321319 1375070762912292571 -0.007659912 0.7905884 11.891144 
1235124898459 1375070762975860686 -0.7098694 0.41567993 10.177277 
1235143729529 1375070763039428801 -0.7646179 -0.09729004 12.623108 
1235207150863 1375070763103027434 -0.8407898 0.29071045 7.9813843 
1235271915094 1375070763166565032 -0.8669739 -0.430542 9.997559 
1235335153304 1375070763230224700 -0.08859253 0.014587402 9.49054 
1235398269435 1375070763293731780 -0.13619995 0.42401123 9.060883 
1235462575858 1375070763357269377 -0.13858032 0.7977295 8.4646 
1235526180315 1375070763420837493 -0.025512695 0.6251526 10.451019 
1235594057624 1375070763484741301 -1.2573547 -0.33651733 11.09491 
1235653999634 1375070763548004241 0.6671753 -0.32580566 11.829254 
1235717390448 1375070763611720805 0.043518066 -0.3555603 11.366272 
1235782002076 1375070763675319438 0.57077026 -0.30081177 9.133484 
1235842646055 1375070763738887553 0.20062256 -0.28533936 10.255829 
1235906494675 1375070763802425151 0.020904541 0.28356934 8.527679 
1235969641325 1375070763866023784 0.28988647 0.8381958 8.023041 
1236034588677 1375070763929622417 0.8992615 1.2654724 9.258453 
1236099261347 1375070763993160014 0.9647217 1.37854 10.276062 
1236165521074 1375070764056728130 -0.78723145 0.5513611 11.1258545 
1236223814987 1375070764120281904 0.33868408 0.7298889 11.592407 
1236287663605 1375070764183850020 -0.95266724 -0.30438232 11.692383 
1236351603785 1375070764247418135 -0.7503357 0.63705444 8.02066 
1236415177721 1375070764311047285 -0.121917725 0.58587646 10.113007 
1236480704959 1375070764374554365 -0.6075134 0.57873535 9.323914 
1236544065253 1375070764438122480 0.0042419434 1.2940369 8.397949 
1236606693057 1375070764501690596 -0.13024902 1.3404541 8.317017 
1236699230825 1375070764565289228 -0.54681396 1.1059875 9.9392395 
1236732864276 1375070764628857344 -0.21594238 0.8048706 11.429352 
1236796651854 1375070764692425459 0.41366577 0.58587646 10.9592285 
1236862179094 1375070764755993574 0.2875061 -0.27819824 13.624054 
1236926119274 1375070764819531172 -0.38494873 -0.07824707 8.27298 
1236987739906 1375070764881603926 1.5360107 0.45614624 9.185852 
1237053145065 1375070764946667402 0.2791748 0.22644043 9.914246 
1237117115764 1375070765010235518 -0.029083252 0.6560974 8.332489 
1237178278591 1375070765073891181 0.58981323 1.5523071 7.261322 
1237243378544 1375070765137489814 0.5041199 1.5201721 9.503632 
1237306891439 1375070765201027412 0.09112549 1.7927246 10.204651 
1237372357639 1375070765264595527 -0.44683838 1.808197 11.73642 
1237437366031 1375070765328133125 1.5871887 1.3285522 11.318665 
1237541837265 1375070765391701240 -1.4442139 -0.71380615 12.351746 
1237566467206 1375070765455299873 -0.48492432 0.89294434 7.544586 
1237622746772 1375070765518867988 -0.30877686 0.48114014 10.503387 
1237686534352 1375070765582405586 -1.0621643 0.47161865 9.264404 
1237749833603 1375070765645973701 -0.66226196 1.1690674 8.224182 
1237815452404 1375070765709602851 0.58743286 2.0045776 8.696686 
1237880216634 1375070765773140449 -0.35876465 1.6439514 9.289398 
1237945499710 1375070765836678047 0.4124756 1.4582825 10.758087 
1238008249596 1375070765900276679 1.2158508 0.8858032 10.985413 
1238067855883 1375070765963875312 0.49816895 0.31332397 12.357697 
1238131094095 1375070766027412910 1.0873108 1.0964661 8.843079 
1238194423867 1375070766090126533 0.23275757 0.27999878 9.94281 
1238273807356 1375070766154549140 0.19824219 0.9381714 8.165863 
1238336160477 1375070766218086738 0.838562 1.8153381 7.37796 
1238385511918 1375070766281807441 1.3479614 2.0795593 9.137054 
1238450245629 1375070766345253486 0.34106445 1.6130066 9.651215 
1238513422799 1375070766408821601 -0.025512695 1.4963684 11.441254 
1238578919518 1375070766472359199 0.7492981 1.0928955 12.585022 
1238641699923 1375070766535957832 0.010192871 0.0062561035 11.3377075 
1238705395942 1375070766599495429 -1.1014404 0.47994995 8.21228 
1238770282252 1375070766663063545 -0.6336975 0.3038025 10.226074 
1238831872364 1375070766726692695 -0.8253174 0.47280884 8.833557 
1238894286525 1375070766790230293 -0.52182007 1.0869446 7.614807 
1238958135144 1375070766853767890 0.5017395 1.6332397 8.318207 
1239022746772 1375070766917366523 -0.021942139 1.4273376 9.5607605 
1239153557089 1375070766981108839 0.08755493 1.0952759 10.485535 
1239175073952 1375070767044676954 0.64694214 0.56207275 10.983032 
1239244904563 1375070767108275587 0.9302063 -0.05682373 14.11203 
1239276065862 1375070767171843702 0.060180664 0.11694336 9.472687 
1239340158644 1375070767235411817 1.6776428 0.25619507 9.497681 
1239405319641 1375070767298827345 1.1051636 0.17883301 10.26416 
1239467123395 1375070767362548048 0.13397217 0.30856323 8.508636 
1239531735022 1375070767426085645 0.52911377 1.1559753 7.608856 
1239594240744 1375070767489653761 0.76119995 1.435669 8.151581 
1239658913413 1375070767553252394 0.8088074 1.5523071 9.842834 
1239723555564 1375070767617095167 0.29821777 1.3321228 11.200836 
1239787068458 1375070767680388624 1.2896423 1.0131531 11.678101 
1239862972623 1375070767743956739 0.032806396 -0.23773193 12.563599 
1239912507188 1375070767807494337 -0.96813965 0.58706665 7.7695313 
1239976233725 1375070767871123487 -0.15286255 0.20977783 10.600983 
1240038769967 1375070767934656760 -0.10406494 0.56207275 8.963287 
1240102557546 1375070767998224875 0.10897827 1.0345764 7.300598 
1240165856799 1375070768061762473 0.03994751 1.0726624 8.737152 
1240231628201 1375070768125391623 -0.29092407 1.0274353 9.514343 
1240294927454 1375070768188929221 0.19348145 0.80130005 10.167755 
1240357036411 1375070768252466819 0.40890503 0.5430298 10.940186 
1240420579825 1375070768316065451 1.1182556 -0.17822266 12.993256 
1240484550527 1375070768379603049 -0.5706177 -0.36032104 10.347473 
1240547117290 1375070768443171164 0.73739624 0.19787598 9.244171 
1240613865345 1375070768506739279 0.5600586 0.2859497 10.111816 
1240677683443 1375070768570337912 -0.06716919 0.6251526 8.101593 
1240789388005 1375070768633906027 0.11254883 1.1286011 7.587433 
1240802633847 1375070768697443625 0.18395996 0.788208 9.460785 
1240865749977 1375070768761072776 -0.33258057 0.68585205 10.885437 
1240929323913 1375070768824915549 0.97424316 0.26333618 11.759033 
1240992714726 1375070768888209006 -0.9479065 -0.93637085 12.245819 
1241059676423 1375070768951746604 -0.39923096 0.26452637 8.268219 
1241122029544 1375070769015284201 0.43865967 -0.13894653 10.4653015 
1241185054113 1375070769078882834 -0.19689941 0.03363037 8.97876 
1241248811170 1375070769142450949 -0.5206299 0.21096802 7.363678 
1241312812392 1375070769206019065 -0.11239624 0.57873535 8.816895 
1241376050603 1375070769269556662 -0.046936035 0.63586426 10.340332 
1241438403723 1375070769333155295 0.26846313 0.08004761 11.003265 
1241503473157 1375070769396723410 1.6252747 -0.42697144 10.6640625 
1241604556630 1375070769460261008 0.51364136 -0.9982605 13.574066 
1241627965757 1375070769523859641 0.48150635 -0.2984314 8.195618 
1241691203968 1375070769587397238 0.73501587 -0.24368286 10.448639 
1241755144149 1375070769651026389 0.30059814 0.35736084 10.046356 
1241819450572 1375070769714533469 0.5267334 1.1773987 7.690979 
1241884001159 1375070769778101584 0.76000977 1.2547607 8.703827 
1241948673829 1375070769841874891 0.8135681 0.9476929 9.485779 
1242013529620 1375070769905473524 -0.37661743 0.4501953 10.439117 
1242075485976 1375070769969011122 -0.30877686 0.15979004 9.500061 
1242139456675 1375070770032884413 -0.46826172 -0.6185913 14.066803 
1242203152693 1375070770096177870 -1.2502136 0.062194824 7.968292 
1242264254479 1375070770159745985 -0.102874756 0.21453857 10.896149 
1242327187486 1375070770223283583 -0.55514526 0.29071045 8.97876 
1242412858172 1375070770286973768 -0.3385315 0.67633057 8.897827 
1242454426919 1375070770350450331 -0.21713257 0.903656 8.293213 
1242518245017 1375070770413987928 -0.38494873 0.7251282 9.197754 
1242583650175 1375070770477586561 0.22561646 0.71203613 10.314148 
1242645576010 1375070770541154677 0.09945679 0.4430542 10.19751 
1242713117595 1375070770604692274 1.0646973 -0.28414917 13.209869 
1242775684358 1375070770668260389 -1.0895386 -0.54241943 10.351044 
1242836938746 1375070770731859022 1.434845 0.32165527 9.531006 
1242900329559 1375070770795544944 0.3791504 0.12646484 10.245117 
1242965032749 1375070770859113059 -0.2814026 0.6465759 8.797852 
1243027233267 1375070770922681174 -0.31829834 1.1821594 7.4898376 
1243090288357 1375070770986279807 0.6755066 1.3440247 9.018036 
1243153923333 1375070771049817405 0.18395996 1.1904907 9.307251 
1243221678559 1375070771113416038 0.2137146 1.230957 10.641449 
1243281040683 1375070771176984153 1.2646484 0.5001831 12.099426 
1243345957515 1375070771240826926 -0.5265808 -0.84710693 11.730469 
1243408707402 1375070771304136409 -0.6039429 0.49661255 7.0792236 
1243472464459 1375070771367704525 -0.023132324 0.07647705 10.337952 
1243536709844 1375070771431242122 -0.13739014 0.4668579 9.040649 
1243599429208 1375070771494840755 -0.10168457 0.90841675 7.9254456 
1243663552510 1375070771558408870 -0.023132324 1.0964661 8.876404 
1243727034885 1375070771621976986 0.12802124 0.30499268 11.294861 
1243790852983 1375070771685514583 0.08755493 -0.28652954 10.574799 
1243857967282 1375070771749113216 0.16967773 -0.9958801 14.391724 
1243917237844 1375070771812711849 -0.0040893555 -0.71380615 8.896637 
1243980628658 1375070771876218929 2.3679504 0.31689453 9.094208 
1244044507798 1375070771939817562 0.46246338 -0.35437012 10.335571 
1244109088905 1375070772003385677 -0.057647705 0.30142212 8.511017 
1244172632321 1375070772066923275 0.13516235 0.903656 8.265839 
1244237549153 1375070772130613460 0.6195679 1.1202698 9.272736 
1244305426460 1375070772194120540 0.67193604 1.217865 9.864258 
1244363995056 1375070772257745942 0.16967773 1.1512146 10.52243 
1244427721592 1375070772321314058 1.2955933 0.5561218 10.727142 
1244491692293 1375070772384912690 0.022094727 -0.89352417 13.445526 
1244558440347 1375070772448450288 0.23156738 0.77749634 6.451996 
1244619450571 1375070772512048921 0.3696289 -0.053253174 9.395325 
1244684184282 1375070772575617036 0.062561035 0.10147095 10.110626 
1244746934167 1375070772639246186 0.07446289 0.6572876 9.133484 
1244808371676 1375070772702753266 0.032806396 1.1773987 8.884735 
1244911591575 1375070772766306495 -0.10525513 1.2202454 9.633362 
1244934695497 1375070772829966163 0.036376953 0.8453369 10.988983 
1244997628506 1375070772893412208 0.10064697 0.3930664 10.975891 
1245061995970 1375070772957010840 1.6264648 0.13598633 11.537659 
1245124867938 1375070773020578956 0.44580078 -1.0970459 13.090851 
1245189906852 1375070773084116553 1.3955688 -0.14608765 6.362732 
1245251771646 1375070773147684669 1.8692627 0.19668579 9.373901 
1245315406623 1375070773211313819 0.3612976 -0.063964844 10.864014 
1245378766915 1375070773274881934 0.20419312 0.7394104 7.9956665 
1245442707095 1375070773338450049 0.197052 1.3297424 8.78952 
1245512629269 1375070773401987647 -0.1076355 1.499939 9.922577 
1245571411506 1375070773465525245 -0.35995483 1.3606873 10.354614 
1245635656890 1375070773529123878 -1.2502136 0.99172974 9.531006 
1245698010009 1375070773592661475 -0.7967529 -0.41149902 13.85495 
1245760302090 1375070773656229590 -1.8119812 0.23001099 8.169434 
1245823876026 1375070773719945894 -0.32305908 0.78582764 8.728821 
1245887449961 1375070773783483491 -0.9145813 0.37164307 10.64859 
1245950688173 1375070773845464693 -0.90625 0.98339844 8.615753 
1246015391362 1375070773910680757 -0.30163574 1.5415955 9.0346985 
1246079484143 1375070773974218355 -0.21713257 1.8248596 9.423889 
1246146232199 1375070774037755952 -0.1076355 1.6356201 9.546478 
1246207364504 1375070774101293550 0.6029053 1.3059387 9.664307 
1246270968960 1375070774164892183 0.4517517 0.062194824 13.5954895 
1246334024050 1375070774228429781 -0.49801636 -0.29367065 8.826416 
1246397689545 1375070774291997896 0.35058594 0.19906616 9.648834 
1246460592034 1375070774355596529 0.23394775 0.83343506 9.312012 
1246539365114 1375070774419164644 0.23989868 1.333313 8.158722 
1246587343140 1375070774482702241 0.4196167 1.5784912 8.33963 
1246651496963 1375070774546270357 -0.023132324 1.4689941 9.88092 
1246715650784 1375070774609838472 0.06613159 1.7474976 10.182037 
1246779102640 1375070774673406587 -0.32424927 1.3273621 10.378418 
1246842005126 1375070774737005220 0.60409546 0.65252686 11.531708 
1246905212818 1375070774800573335 -1.1383362 -0.91137695 12.101807 
1246968512070 1375070774864141450 -0.6158447 0.45376587 7.5719604 
1247031841843 1375070774927679048 -0.2980652 0.12527466 9.156097 
1247095751503 1375070774991308199 -1.3097229 -0.29248047 10.174896 
1247158959193 1375070775053991304 -0.5765686 0.7144165 8.665741 
1247223479260 1375070775118413911 -0.71939087 0.76797485 8.8871155 
1247286992155 1375070775181982027 -0.5587158 0.92388916 9.81308 
1247350779735 1375070775245550142 -0.66226196 0.6894226 10.429596 
1247413712742 1375070775309087740 -0.27664185 0.6965637 10.90329 
1247477927605 1375070775372686372 0.55648804 0.7298889 11.0746765 
1247542569753 1375070775436254488 -1.2787781 -0.99468994 13.749023 
1247605685883 1375070775499792085 0.16253662 -0.008026123 6.6662292 
1247669473463 1375070775563360200 0.69692993 -0.22821045 10.00827 
1247732192827 1375070775627164119 0.0066223145 0.3764038 9.533386 
1247796743414 1375070775690701717 0.019714355 0.9429321 8.8680725 
1247860561513 1375070775754269832 -0.113586426 1.435669 8.384857 
1247923525041 1375070775817837947 -0.59799194 1.1321716 9.423889 
1247987190538 1375070775881406063 -0.8907776 0.89056396 10.107056 
1248096026187 1375070775945004695 -1.2430725 0.88342285 10.226074 
1248112568229 1375070776008572811 -0.47659302 0.096710205 13.115845 
1248175806439 1375070776072110408 -0.6836853 -0.6340637 10.814026 
1248239594017 1375070776135709041 -0.38256836 0.3680725 7.7195435 
1248304510849 1375070776199277156 -1.6394043 -0.55789185 9.402466 
1248367047092 1375070776262631649 -1.1478577 0.118133545 10.063019 
1248432604853 1375070776326413387 -0.73724365 0.71798706 9.335815 
1248495812543 1375070776389950985 -0.6527405 1.1309814 9.112061 
1248558928672 1375070776453549617 -0.5539551 1.3535461 9.222748 
1248623418219 1375070776517117733 -0.28497314 1.2773743 9.538147 
1248685923943 1375070776580681580 -0.78723145 1.0738525 9.853546 
1248751512223 1375070776644249695 -0.62893677 0.820343 10.043976 
1248825005279 1375070776707939881 -0.36471558 -0.15917969 13.244385 
1248876004821 1375070776771385925 0.025665283 0.30975342 10.71048 
1248942111947 1375070776835076111 0.37319946 0.4847107 9.789276 
1249003122174 1375070776898491638 -0.28497314 0.48947144 9.382233 
1249069351381 1375070776962059754 -0.42303467 0.9381714 8.819275 
1249134146131 1375070777025627869 -0.3873291 1.3749695 8.40271 
1249196468730 1375070777089226502 -0.17547607 1.4559021 9.488159 
1249259401738 1375070777152794617 -0.23498535 1.5439758 9.633362 
1249323402960 1375070777216362732 0.032806396 1.5380249 10.240356 
1249386519089 1375070777279900330 -0.47183228 1.1762085 10.495056 
1249447224110 1375070777343498963 -0.5610962 0.79415894 11.712616 
1249511194810 1375070777407067078 -0.6777344 0.47756958 11.569794 
1249574524583 1375070777470635193 -0.42303467 1.269043 8.059937 
1249639044650 1375070777534172791 -1.8691101 0.14907837 8.897827 
1249702588066 1375070777597771424 -1.7227173 0.016967773 10.418884 
1249765948358 1375070777661309021 -0.87768555 0.79177856 9.36319 
1249829674896 1375070777724907654 -0.7753296 1.1631165 8.884735 
1249894439126 1375070777788475769 -0.18856812 1.4606628 9.090637 
1249961828107 1375070777852043884 0.092315674 1.6546631 10.039215 
1250064101876 1375070777915581482 -0.5991821 1.397583 10.176086 
1250100573721 1375070777979180115 -0.14453125 1.6689453 9.94043 
1250167413336 1375070778042748230 -0.5848999 1.5903931 9.74881 
1250227630032 1375070778106285828 0.21014404 1.448761 12.307709 
1250310462321 1375070778169884461 -0.014801025 0.91793823 10.71286 
1250366863971 1375070778233452576 -0.17428589 0.19192505 9.670258 
1250447834517 1375070778296990174 -0.0909729 0.39901733 8.747864 
1250464956446 1375070778360558289 0.12564087 0.39901733 10.660492 
1250528744024 1375070778424156922 -0.53967285 0.64538574 9.659546 
1250591829633 1375070778487991123 -0.33139038 1.3606873 8.763336 
1250655586692 1375070778551589756 -0.45516968 1.5023193 9.5286255 
1250734329253 1375070778615157871 -0.77890015 1.6368103 9.221558 
1250783314451 1375070778678725987 -0.80270386 1.3690186 9.460785 
1250846308499 1375070778742263584 -0.73724365 1.1714478 10.846161 
1250911194811 1375070778805831699 -0.5539551 0.409729 11.262726 
1250973486891 1375070778869430332 -1.3728027 0.5180359 9.288208 
1251037366029 1375070778933028965 -1.4275513 0.51446533 9.836884 
1251105090735 1375070778996871738 -2.4403992 0.3692627 9.314392 
1251164605462 1375070779060104160 -2.003601 0.6263428 9.744049 
1251227324827 1375070779123672276 -2.1285706 0.8239136 8.499115 
1251292028017 1375070779187270908 -1.8703003 0.9203186 11.435303 
1251355083106 1375070779250839024 -1.4120789 1.5380249 9.407227 
1251419175888 1375070779314468174 -0.46469116 1.5499268 9.550049 
1251482261497 1375070779377975254 -1.5191956 0.8953247 9.314392 
1251546079597 1375070779441569625 0.51483154 1.0619507 9.241791 
1251609317807 1375070779505107223 0.24346924 0.65133667 10.473633 
1251672922264 1375070779568705856 0.32678223 0.51446533 9.630981 
1251736496198 1375070779632273971 0.280365 0.38711548 9.500061 
1251815421881 1375070779695811569 0.4767456 0.25619507 10.668823 
1251863369388 1375070779759410202 0.02923584 -0.053253174 9.7916565 
1251926943322 1375070779822978317 0.62908936 0.8132019 9.377472 
1251991036105 1375070779886668502 0.37557983 0.8381958 9.62265 
1252054243796 1375070779950145065 0.54696655 1.3428345 9.535767 
1252117329405 1375070780013682662 -0.05407715 1.0607605 10.183228 
1252181422188 1375070780077220260 0.060180664 1.3214111 10.618835 
1252244904561 1375070780140788375 -0.48968506 1.2892761 8.296783 
1252309058384 1375070780204692184 -0.7562866 1.0905151 10.9592285 
1252371991392 1375070780267924606 -0.99432373 -0.26867676 10.723572 
1252435962092 1375070780331614791 -0.39804077 0.9881592 8.475311 
1252499261345 1375070780395091354 -0.9133911 0.5346985 10.825928 
1252562652158 1375070780458628952 -1.8072205 0.043151855 9.523865 
1252626348176 1375070780522197067 -1.303772 0.3026123 10.203461 
1252690715640 1375070780585765182 -1.5870361 0.60849 8.421753 
1252753953852 1375070780649333297 -1.3287659 0.2454834 11.142517 
1252817436227 1375070780712901412 -2.6427307 -0.29248047 9.250122 
1252880735478 1375070780776469528 -1.9357605 0.23953247 10.346283 
1252944462016 1375070780840068160 -2.5725098 0.70370483 8.763336 
1253011637355 1375070780903605758 -1.926239 0.91793823 9.901154 
1253072006651 1375070780967173873 -2.1023865 0.045532227 12.526703 
1253135550068 1375070781030772506 -1.7048645 1.0405273 8.808563 
1253199093482 1375070781094340621 -1.54776 0.8453369 8.239655 
1253284733648 1375070781157878219 -0.7765198 1.6368103 10.716431 
1253325966670 1375070781221476852 -1.1062012 1.2654724 8.08493 
1253389021760 1375070781285044967 -0.38375854 2.116455 9.890442 
1253453450266 1375070781348848706 -0.3456726 2.097412 9.921387 
1253516932639 1375070781412752514 0.041137695 2.4151917 8.973999 
1253581178023 1375070781476015454 -0.444458 1.8855591 9.616699 
1253643470105 1375070781539553051 -0.93481445 2.154541 10.1380005 
1253707684967 1375070781603151684 -0.4539795 2.9091187 8.589569 
1253771655668 1375070781666719800 -0.9217224 2.410431 9.10849 
1253835046480 1375070781730257397 -0.06716919 2.1783447 9.190613 
1253898193131 1375070781793856030 0.097076416 1.609436 10.818787 
1253972723881 1375070781857424145 0.21966553 1.3547363 10.021362 
1254025005278 1375070781920961743 -0.6027527 0.7822571 10.126099 
1254088487653 1375070781984560376 -0.43255615 0.62039185 11.060394 
1254152488874 1375070782048128491 -0.9479065 0.57040405 10.172516 
1254216368012 1375070782111696606 -1.3787537 1.019104 8.876404 
1254290715641 1375070782175264721 -2.2047424 0.3359375 12.518372 
1254343912649 1375070782238802319 -1.4608765 1.2785645 9.001373 
1254407303462 1375070782302396769 -1.2133179 1.7201233 8.753815 
1254470328031 1375070782365934367 -1.1918945 2.012909 9.700012 
1254533535722 1375070782429532999 -1.7346191 2.006958 9.076355 
1254597689546 1375070782493101115 -1.4382629 2.08432 9.892822 
1254691844894 1375070782556638712 -1.765564 1.9795837 9.250122 
1254724806896 1375070782620603556 -0.9562378 2.0688477 10.315338 
1254788228230 1375070782683774943 -1.387085 0.60372925 12.033966 
1254852839857 1375070782747373576 -1.1990356 0.85009766 9.567902 
1254913911123 1375070782809232706 -0.39923096 0.8691406 9.571472 
1254979163679 1375070782874479288 -0.40042114 0.77630615 9.283447 
1255043622705 1375070782938077921 -0.63726807 0.6465759 10.26178 
1255105945306 1375070783001615519 -0.22784424 1.4309082 9.820221 
1255168939353 1375070783065214152 -0.527771 1.6570435 10.107056 
1255232940575 1375070783128751749 -0.9086304 1.987915 8.314636 
1255297033357 1375070783192319865 -0.06716919 2.4473267 8.937103 
1255360424170 1375070783255918497 -0.7574768 2.423523 8.561005 
1255423753943 1375070783319456095 -0.68844604 2.513977 9.403656 
1255487419440 1375070783383024210 -1.066925 2.262848 10.5164795 
1255565948358 1375070783446622843 -1.2466431 1.9355469 9.957092 
1255614933556 1375070783510160441 -0.5420532 1.9522095 10.222504 
1255678019165 1375070783573728556 -1.823883 0.54541016 11.362701 
1255742020386 1375070783637327189 -1.8703003 0.5263672 9.735718 
1255805075476 1375070783701017374 -2.2130737 1.1785889 7.6231384 
1255868802013 1375070783764432902 -1.2085571 1.4047241 9.608368 
1255932589591 1375070783828031535 -2.1404724 1.0464783 10.606934 
1255995919363 1375070783891569132 -1.5572815 1.5570679 8.645508 
1256059310177 1375070783955167765 -1.4870605 1.6189575 8.871643 
1256122487347 1375070784017728800 -0.7182007 2.1116943 9.382233 
1256213987423 1375070784082303995 -1.0371704 1.660614 10.323669 
1256250550830 1375070784146074738 -0.7669983 2.2985535 9.796417 
1256313239674 1375070784209642853 -0.3956604 2.0617065 10.541473 
1256377149335 1375070784273241486 -0.43850708 1.1036072 10.426025 
1256482536180 1375070784336809601 0.20300293 1.064331 11.284149 
1256520686645 1375070784400408234 0.35534668 1.1762085 7.638611 
1256588167189 1375070784463945832 0.6505127 0.7965393 10.3927 
1256654426918 1375070784527513947 0.012573242 0.92626953 10.864014 
1256723982846 1375070784591082062 0.66241455 1.9343567 8.5729065 
1256793325132 1375070784654650178 0.32559204 1.923645 9.012085 
1256828545641 1375070784718218293 0.66122437 2.2021484 9.052551 
1256939426153 1375070784781755890 0.44818115 2.1140747 9.573853 
1256960759895 1375070784845385041 0.22442627 1.9962463 10.562897 
1257013346496 1375070784908892121 0.19229126 2.205719 9.666687 
1257076310024 1375070784972460236 -1.4346924 0.35855103 11.699524 
1257155113626 1375070785036058869 -1.5953674 0.6810913 8.508636 
1257203793619 1375070785099626984 -1.3121033 1.4535217 7.4386597 
1257268039002 1375070785163162780 -1.1978455 0.9512634 11.398407 
1257331094092 1375070785226456237 -1.2085571 1.2154846 10.730713 
1257394271263 1375070785290329528 -0.51467896 2.0021973 8.439606 
1257458089363 1375070785353867126 -0.5372925 2.0426636 8.8038025 
1257521968502 1375070785417435241 -0.10525513 2.1081238 9.469116 
1257608035951 1375070785481033874 -0.31948853 1.8474731 9.899963 
1257648994290 1375070785544907165 -0.04336548 2.0164795 10.2855835 
1257712873429 1375070785608170104 0.85284424 1.4749451 12.035156 
1257779041599 1375070785671738219 -0.54681396 -0.03778076 12.714752 
1257839807659 1375070785735275817 0.13278198 0.8536682 8.056366 
1257903595237 1375070785798843932 1.1313477 1.0881348 8.580048 
1257967016570 1375070785862442565 0.7254944 0.22525024 10.103485 
1258031384035 1375070785925980163 -0.065979004 0.41567993 10.179657 
1258094408606 1375070785989548278 0.8230896 1.4892273 8.21228 
1258157952020 1375070786053146911 1.4836426 2.0462341 8.40033 
1258221556476 1375070786116715026 0.7576294 2.0033875 8.206329 
1258285160932 1375070786180252624 0.2970276 1.9510193 9.632172 
1258398452555 1375070786243851256 0.68621826 1.5880127 10.652161 
1258411820478 1375070786307388854 0.6933594 0.18240356 13.934692 
1258475363893 1375070786370956969 -0.6598816 0.008636475 11.16156 
1258539120950 1375070786434555602 -1.3132935 1.4570923 5.734314 
1258602633845 1375070786498123717 -0.3968506 1.1762085 8.431274 
1258665688933 1375070786561661315 -0.8503113 -0.1496582 13.901367 
1258729507033 1375070786625229430 -1.9488525 0.29785156 8.543152 
1258796865494 1375070786688828063 -0.7003479 1.3547363 7.8171387 
1258857082189 1375070786752670836 -0.18023682 0.84176636 9.68335 
1258920656126 1375070786815964294 0.097076416 0.2692871 10.8628235 
1258983894336 1375070786879532409 1.2670288 0.61087036 11.717377 
1259047712436 1375070786943070006 1.6086121 -0.15322876 12.117279 
1259115589743 1375070787006668639 -0.2314148 -0.85543823 11.532898 
1259174982387 1375070787070472484 0.40771484 0.77630615 5.51532 
1259238220599 1375070787134040599 2.012085 0.60849 8.946625 
1259302862747 1375070787197547679 0.8171387 0.46566772 10.161804 
1259365215868 1375070787261146312 0.026855469 0.7215576 8.903778 
1259429125528 1375070787324744945 0.52197266 1.5761108 7.939728 
1259492943627 1375070787388282543 -0.014801025 1.6618042 8.908539 
1259556090278 1375070787451850658 -0.25045776 1.2607117 11.16275 
1259619450570 1375070787515449291 0.65289307 0.16217041 12.389832 
1259683482312 1375070787578986888 -1.0562134 -0.03302002 9.157288 
1259746720523 1375070787642585521 -0.67297363 0.37164307 8.2777405 
1259858241963 1375070787706123119 0.07922363 0.32998657 11.005646 
1259873471629 1375070787769721752 -0.75509644 0.5834961 8.577667 
1259937778053 1375070787833289867 -0.35757446 1.2845154 7.626709 
1260004495588 1375070787896980052 0.26489258 1.4011536 8.996613 
1260066726627 1375070787960670238 0.5612488 0.95840454 9.885681 
1260130636288 1375070788024112058 0.9611511 0.7406006 9.8749695 
1260191890674 1375070788087680173 2.0942078 0.61087036 10.187988 
1260277866563 1375070788151217771 -0.20404053 -0.8006897 12.938507 
1260319282709 1375070788214816404 0.4850769 0.4668579 7.113739 
1260382673521 1375070788278384519 2.2191772 0.6549072 9.985657 
1260447590353 1375070788341922117 0.9528198 0.35617065 10.90686 
1260510737004 1375070788405490232 1.0908813 1.2345276 8.100403 
1260574677183 1375070788469132974 1.236084 1.5142212 8.390808 
1260638373201 1375070788532823159 0.34701538 1.1071777 10.512909 
1260713972163 1375070788596238687 0.50531006 1.2666626 11.237732 
1260764178176 1375070788659837319 1.0968323 0.5346985 13.095612 
1260828545641 1375070788723374917 0.60409546 0.016967773 11.595978 
1260893828718 1375070788786943032 -0.17904663 0.70965576 7.6755066 
1260956639644 1375070788850572183 0.755249 0.61920166 10.797363 
1261021617516 1375070788914109780 0.51364136 0.43829346 10.71286 
1261084642085 1375070788977647378 0.45651245 1.0464783 8.063507 
1261148887469 1375070789041246011 -0.63726807 1.0583801 7.710022 
1261213132852 1375070789104814126 -1.1728516 0.4597168 9.160858 
1261278538011 1375070789168656899 -0.45159912 0.027679443 10.680725 
1261339731357 1375070789231919839 0.17086792 -0.26391602 10.886627 
1261399856491 1375070789295640542 -0.95266724 -1.4386292 13.21225 
1261464590200 1375070789359086587 -0.3385315 0.13717651 6.8792725 
1261561706025 1375070789422624185 0.723114 0.7548828 6.978058 
1261590578298 1375070789486220925 1.3229675 0.3371277 11.185364 
1261653419744 1375070789549758523 -1.1490479 -0.22702026 9.904724 
1261720381441 1375070789617721170 0.34106445 1.0798035 10.113007 
1261740524886 1375070789637893289 0.28274536 1.0357666 10.633118 
1261760820935 1375070789657821267 0.22085571 1.1428833 10.974701 
1261780659177 1375070789676742166 -0.09335327 0.9607849 11.018738 
1261804373506 1375070789697890847 -0.48849487 0.73583984 11.2222595 
1261821800639 1375070789718215554 -0.58966064 0.4597168 11.687622 
1261843134379 1375070789738357156 -0.12548828 0.52874756 12.212494 
1261861690765 1375070789758529275 0.5683899 0.29190063 11.913757 
1261881895251 1375070789778640359 0.9135437 0.06576538 12.539795 
1261912232503 1375070789798812478 0.58148193 -0.08181763 13.969208 
1261941776223 1375070789818923562 0.086364746 -0.7840271 13.937073 
1261944919821 1375070789839370339 0.17443848 -1.3838806 12.805206 
1261963567768 1375070789859542459 -0.707489 -1.0458679 11.734039 
1261993355651 1375070789880813211 -0.9729004 -0.6673889 10.1058655 
1262009378847 1375070789899489968 -1.1704712 -0.13656616 7.8028564 
1262023814983 1375070789919631570 -1.3097229 0.32403564 6.061615 
1262057417913 1375070789939803689 -1.4204102 0.6001587 6.1044617 
1262063094703 1375070789959914773 -0.9145813 0.2788086 8.257507 
1262083085547 1375070789980086892 -0.5765686 0.24429321 9.901154 
1262103900441 1375070790000228494 -0.3623352 0.2788086 9.671448 
1262123402958 1375070790020370095 -0.21118164 0.28237915 9.570282 
1262143515883 1375070790040511697 -0.15048218 0.1954956 10.359375 
1262167108131 1375070790061080545 -0.4289856 0.11218262 11.000885 
1262182887163 1375070790079299539 -0.7146301 0.05267334 9.799988 
1262204251424 1375070790100478738 -0.68963623 0.3192749 7.7469177 
1262226348174 1375070790121078103 -0.41351318 0.640625 6.9816284 
1262258180922 1375070790141189187 -0.36947632 0.903656 7.1113586 
1262265597372 1375070790161330789 -0.296875 1.0238647 7.793335 
1262285221971 1375070790181472390 -0.3373413 0.9595947 8.124207 
1262315498181 1375070790201613992 -0.24093628 0.9512634 8.541962 
1262366345121 1375070790221786111 -0.22784424 0.76083374 9.369141 
1262368206864 1375070790242263406 -0.35995483 0.6584778 10.308197 
1262376935690 1375070790262008279 -0.2552185 0.5025635 11.078247 
1262385481395 1375070790282516091 0.12445068 0.38711548 11.185364 
1262405228077 1375070790302352517 0.46484375 0.6227722 10.692627 
1262425402043 1375070790322494119 0.58981323 0.6156311 10.474823 
1262445484448 1375070790342635720 0.39343262 0.43948364 9.62146 
1262466329862 1375070790362777322 0.53149414 0.4347229 10.2534485 
1262493706635 1375070790382918923 0.84213257 0.31332397 11.302002 
1262506433630 1375070790403060525 0.3779602 -0.45315552 12.227966 
1262526607598 1375070790423202127 -0.34448242 -0.9328003 13.846619 
1262563750891 1375070790443313211 -0.6253662 -1.2089233 14.088226 
1262577118814 1375070790463454812 -0.41708374 -0.72927856 11.54718 
1262586854812 1375070790481887429 0.16848755 0.036010742 8.061127 
1262610263938 1375070790503219216 0.42199707 0.42877197 5.6938477 
1262639075169 1375070790523879617 0.4267578 0.7084656 5.220154 
1262648597525 1375070790544051736 0.9302063 0.7060852 6.779297 
1262668161083 1375070790564223855 1.4205627 0.723938 8.397949 
1262703473155 1375070790584304421 1.8204651 0.5811157 9.264404 
1262710675962 1375070790604446023 1.9442444 0.5823059 10.166565 
1262728347258 1375070790624618142 1.6205139 0.37997437 10.71405 
1262762896319 1375070790644759744 0.87783813 0.07766724 11.381744 
1262769549760 1375070790665176003 0.33273315 0.13479614 11.54361 
1262789754248 1375070790685317605 0.46722412 0.35379028 10.616455 
1262863918752 1375070790706740945 0.6517029 0.7870178 9.135864 
1262864651241 1375070790725295632 0.7409668 1.1833496 8.327728 
1262865872056 1375070790745467752 0.93496704 1.282135 8.288452 
1262870602713 1375070790765578836 1.0861206 1.3952026 8.696686 
1262888579213 1375070790785750955 1.2146606 1.3904419 9.050171 
1262908722659 1375070790805892556 1.2575073 1.1107483 9.290588 
1262929629114 1375070790826003640 1.0944519 0.89294434 9.802368 
1262949131632 1375070790846175759 0.9147339 0.82510376 10.141571 
1262969366638 1375070790866317361 0.67788696 0.7715454 10.492676 
1262989235400 1375070790884627908 0.607666 0.8869934 10.899719 
1263009348326 1375070790905685037 0.86117554 0.9798279 10.90686 
1263030895710 1375070790926711648 0.84213257 1.2797546 10.182037 
1263053541826 1375070790946853250 1.107544 1.0631409 9.254883 
1263081071201 1375070790967055886 1.3622437 0.34188843 10.871155 
1263097216478 1375070790988418191 0.8742676 0.1217041 13.671661 
1263112140940 1375070791007308572 0.9135437 -0.43411255 14.866608 
1263156822766 1375070791027419656 1.0492249 -0.7840271 13.704987 
1263157524734 1375070791047896951 0.6766968 -1.0042114 12.463623 
1263171289422 1375070791068038552 0.25775146 -0.1329956 11.2413025 
1263200863662 1375070791087844461 0.17562866 0.42877197 8.499115 
1263212278281 1375070791108016580 -0.24569702 0.6501465 6.3341675 
1263230987270 1375070791128158181 -0.09811401 0.8548584 6.274658 
1263251649562 1375070791148299783 0.43865967 0.6477661 8.14682 
1263271793008 1375070791168441384 0.6517029 0.46090698 10.273682 
1263292119576 1375070791188582986 0.5088806 0.3371277 10.749756 
1263322243185 1375070791208724587 0.37438965 0.008636475 10.26059 
1263332345428 1375070791228866189 0.14111328 -0.29248047 9.502441 
1263352214190 1375070791249007791 -0.081451416 -0.40197754 9.209656 
1263376355804 1375070791269301980 -0.6015625 -0.46981812 9.575043 
1263392531601 1375070791289290994 -0.75390625 -0.44958496 9.551239 
1263413041291 1375070791308272927 -0.6158447 -0.090148926 8.695496 
1263434436072 1375070791329746852 -0.1076355 0.38830566 7.56839 
1263456532822 1375070791349980006 0.3624878 0.82748413 7.208954 
1263472922262 1375070791370091090 0.6421814 1.1357422 7.3089294 
1263493035187 1375070791390232692 0.5993347 1.2642822 7.990906 
1263513239673 1375070791410374294 0.36486816 0.9512634 8.859741 
1263533535722 1375070791430576930 0.35058594 0.7632141 9.976135 
1263553648647 1375070791450718532 -0.03503418 0.9203186 10.642639 
1263574005735 1375070791470799098 -0.2314148 0.84176636 10.675964 
1263594118660 1375070791491276393 -0.06954956 0.86676025 10.040405 
1263613987422 1375070791511112819 0.033996582 0.98101807 10.924713 
1263634222431 1375070791531254420 0.40057373 0.9048462 12.50528 
1263654335356 1375070791551396022 1.2218018 0.107421875 12.387451 
1263674387240 1375070791571537624 0.7992859 -0.012786865 13.59787 
1263724562732 1375070791591679225 0.48031616 -0.21273804 14.035858 
1263727187484 1375070791611820827 0.09112549 -0.66619873 12.69809 
1263738266379 1375070791631962428 0.038757324 -0.67214966 11.080627 
1263756853286 1375070791652073512 0.14349365 -0.28295898 10.975891 
1263775287591 1375070791672245631 0.6993103 0.44543457 8.203949 
1263795034272 1375070791692387233 0.96710205 0.7870178 6.5186462 
1263816612174 1375070791711155544 0.96710205 0.7870178 6.5186462 
1263836541977 1375070791732365260 1.3051147 0.7905884 6.8138123 
1263856654903 1375070791752781520 1.762146 0.78463745 8.152771 
1263878080205 1375070791772984157 2.0787354 0.76797485 9.169189 
1263896545030 1375070791793095241 2.3370056 0.61325073 9.827362 
1263917176801 1375070791813236842 1.6585999 0.16217041 10.767609 
1263936923483 1375070791833408961 0.45651245 -0.2722473 11.86734 
1263965154828 1375070791853489528 -0.5991821 -0.5221863 11.601929 
1264006540452 1375070791873966823 -0.75390625 -0.315094 9.479828 
1264007456063 1375070791894138942 -0.0040893555 0.3680725 7.665985 
1264020213579 1375070791914768825 0.395813 1.0119629 7.286316 
1264036877702 1375070791934086452 0.7076416 1.2083435 7.5791016 
1264057021147 1375070791954228053 0.7302551 1.3071289 7.6743164 
1264077256155 1375070791974369655 0.9813843 1.2868958 7.8980713 
1264097216478 1375070791994511256 1.1313477 1.2392883 8.482452 
1264117329403 1375070792014652858 1.0527954 1.1119385 9.228699 
1264138144297 1375070792034763942 0.71240234 0.8155823 9.7916565 
1264157646815 1375070792054936061 0.46365356 0.6906128 10.460541 
1264178125986 1375070792075077663 0.17562866 0.576355 11.0354 
1264203793619 1375070792095524440 0.118499756 0.6584778 11.317474 
1264217924551 1375070792113773952 0.197052 0.67633057 11.566223 
1264238892047 1375070792134922633 0.28988647 0.8120117 11.313904 
1264261507642 1375070792155674586 0.46722412 0.7060852 10.615265 
1264280064029 1375070792175816188 0.8492737 0.51446533 11.428162 
1264307105079 1375070792195927272 0.85879517 -0.11038208 12.934937 
1264319435309 1375070792216068874 1.0944519 -1.0101624 14.476227 
1264343454842 1375070792236179958 0.8409424 -1.1601257 15.080841 
1264360698852 1375070792256352077 0.3791504 -0.8482971 13.328888 
1264380506575 1375070792276794012 0.17324829 0.012207031 9.36438 
1264408432715 1375070792296630438 0.10064697 0.36212158 6.2698975 
1264420976588 1375070792317077215 0.03161621 0.9619751 4.8642883 
1264440387544 1375070792336913641 0.1887207 0.9381714 6.511505 
1264466635064 1375070792357085760 0.56243896 0.2371521 10.034454 
1264480582876 1375070792377196844 0.30773926 -0.21511841 11.726898 
1264500909444 1375070792397338446 0.20895386 -0.39959717 12.458862 
1264529629114 1375070792417449530 0.20062256 -0.47576904 11.895905 
1264540860611 1375070792437621649 0.25180054 -0.18774414 10.126099 
1264561004056 1375070792457763250 0.5326843 0.29309082 8.804993 
1264582765082 1375070792477904852 0.6921692 0.50613403 8.237274 
1264601382509 1375070792498046453 0.51483154 0.48709106 7.961151 
1264619969416 1375070792516326483 0.34225464 0.4335327 7.82666 
1264642585012 1375070792537536200 0.4612732 0.51327515 7.6183777 
1264662789498 1375070792558440741 0.9194946 0.87390137 8.014709 
1264682993984 1375070792578643377 1.2825012 1.0131531 8.713348 
1264702801706 1375070792598723944 0.85165405 0.7536926 9.436981 
1264725508863 1375070792618896063 0.4112854 0.32998657 10.065399 
1264743027557 1375070792639007147 0.427948 0.24905396 10.430786 
1264768328945 1375070792659179266 0.8623657 0.42163086 10.276062 
1264818138194 1375070792679320868 1.2884521 0.44900513 10.273682 
1264819023285 1375070792699767645 1.2051392 0.5823059 10.4843445 
1264870694275 1375070792719909246 1.2265625 0.38116455 9.872589 
1264884031677 1375070792740905340 1.2241821 0.20620728 10.209412 
1264884764166 1375070792759887274 1.7204895 0.17883301 10.540283 
1264886107062 1375070792780089911 1.941864 -0.35913086 12.126801 
1264902954308 1375070792800139959 1.3158264 -0.7161865 14.321503 
1264923158795 1375070792820312078 0.083984375 -1.1470337 14.845184 
1264943210679 1375070792840453680 -0.1730957 -1.3112793 12.387451 
1264964361297 1375070792860595282 0.4934082 -0.50671387 9.23941 
1264983802774 1375070792880736883 0.71954346 0.15859985 6.914978 
1265003610496 1375070792900878485 0.7254944 0.36450195 5.812866 
1265033184737 1375070792922240789 0.8968811 0.44424438 6.0378113 
1265044019469 1375070792940124090 1.5729065 0.5168457 7.6350403 
1265065383729 1375070792961394842 2.2846375 0.78582764 9.119202 
1265087236316 1375070792981475409 2.627411 0.871521 10.182037 
1265104419287 1375070793001555975 2.42984 0.7298889 10.833069 
1265125264701 1375070793022552069 1.6633606 0.53826904 11.131805 
1265144706178 1375070793041900213 0.7659607 0.32998657 10.642639 
1265164727542 1375070793061980780 0.35534668 0.4013977 9.378662 
1265185633997 1375070793082458075 0.42556763 0.76916504 8.311066 
1265205411198 1375070793102599676 0.45651245 1.0667114 7.8409424 
1265226989102 1375070793122527655 0.6326599 1.2833252 7.775482 
1265245789651 1375070793142577703 0.8909302 1.3618774 8.117065 
1265267001309 1375070793162719305 0.9694824 1.3356934 8.527679 
1265286168103 1375070793182830389 1.0480347 1.2964172 9.326294 
1265306006345 1375070793203002508 0.8230896 1.1869202 10.07373 
1265326332913 1375070793223144110 0.7076416 0.97387695 10.8116455 
1265346567920 1375070793243285711 0.3136902 0.8036804 11.104431 
1265366467203 1375070793263427313 -0.17547607 0.50613403 11.428162 
1265387037933 1375070793283568914 -0.65393066 0.6072998 11.171082 
1265419542131 1375070793303741034 -0.29449463 0.576355 10.229645 
1265427660550 1375070793323852118 1.1313477 0.56326294 10.577179 
1265543332761 1375070793428863104 -0.08859253 -1.6802368 15.453369 
1265641913563 1375070793492156561 0.026855469 0.3109436 5.953308 
1265667764318 1375070793555968817 0.4945984 -0.15203857 10.226074 
1265739578756 1375070793619262274 0.2886963 0.4192505 9.04184 
1265790303614 1375070793683135565 -0.008850098 0.7334595 8.102783 
1265854732120 1375070793746429022 0.29464722 0.9048462 9.225128 
1265915040375 1375070793810241278 0.16134644 0.8965149 9.000183 
1265981330624 1375070793873534735 0.9278259 0.5168457 10.184418 
1266056319180 1375070793937408026 1.5062561 0.06338501 11.22821 
1266111103247 1375070794000670965 0.5850525 -1.1387024 13.252716 
1266179011076 1375070794064635809 0.36605835 -0.042541504 7.992096 
1266237030303 1375070794127868231 1.4645996 0.7001343 7.2256165 
1266315711823 1375070794191639108 1.7561951 0.58706665 10.498627 
1266378095465 1375070794255176706 0.1149292 0.6584778 8.902588 
1266464468118 1375070794318988962 0.46365356 1.3249817 9.031128 
1266490685118 1375070794382312936 0.40176392 0.9191284 10.010651 
1266554991543 1375070794446155710 -0.40161133 0.39663696 11.119904 
1266624486430 1375070794509479684 -0.15167236 0.6572876 11.118713 
1266682444617 1375070794573322458 1.2598877 1.37854 9.8237915 
1266748460183 1375070794636585397 -0.707489 -1.4671936 14.958252 
1266826348174 1375070794700489206 -0.7515259 -0.28771973 8.024231 
1266897979488 1375070794763752145 -0.38375854 -0.8268738 10.3927 
1266936007872 1375070794827564401 0.29464722 0.6311035 7.614807 
1266998116828 1375070794890857858 0.60528564 0.79177856 8.97876 
1267061232959 1375070794954761667 0.8004761 0.81796265 9.028748 
1267126363433 1375070795017994089 0.88974 0.21334839 10.506958 
1267195278435 1375070795081928415 2.0596924 0.1300354 11.92923 
1267261202439 1375070795145277897 0.35534668 -1.4909973 14.378632 
1267317359923 1375070795209090153 1.1991882 0.14074707 7.8278503 
1267379468883 1375070795272414127 2.5393372 1.3321228 7.677887 
1267444538316 1375070795336287418 2.0846863 0.576355 9.277496 
1267508295373 1375070795399550358 0.64575195 0.28833008 9.454834 
1267584779426 1375070795463484684 0.6171875 1.1095581 8.1944275 
1267649055329 1375070795526686588 1.3598633 1.5523071 9.501251 
1267714155286 1375070795590667436 1.1503906 1.4963684 10.215363 
1267763842451 1375070795653899858 1.9121094 1.019104 10.979462 
1267826836499 1375070795717803666 1.2003784 -1.8908997 16.388855 
1267922639948 1375070795781066606 -0.3635254 -0.42816162 7.665985 
1267954075931 1375070795844848344 0.15539551 0.38354492 7.6290894 
1268013804301 1375070795908172319 1.2206116 0.9524536 9.600037 
1268109088902 1375070795972015092 0.0018615723 0.8477173 8.737152 
1268144217851 1375070796035278032 0.344635 1.4404297 8.408661 
1268220549302 1375070796099120805 0.46365356 1.5166016 8.926392 
1268285008329 1375070796162444780 0.6755066 1.0107727 10.499817 
1268336954003 1375070796226257036 1.5348206 1.1690674 9.858307 
1268397842145 1375070796289550493 1.7442932 -0.4805298 13.722839 
1268459462778 1375070796353423784 0.8873596 -0.62335205 10.848541 
1268524165966 1375070796416686723 1.4050903 0.52874756 6.6626587 
1268587037934 1375070796480560014 1.313446 0.7548828 9.146576 
1268654732120 1375070796543975541 0.6255188 0.7798767 10.13324 
1268719160625 1375070796607844689 0.12445068 1.3023682 8.214661 
1268780689697 1375070796671046594 0.16134644 1.3702087 9.113251 
1268849299493 1375070796734858850 0.5124512 1.4654236 9.9713745 
1268905609581 1375070796798091272 0.34344482 1.0821838 11.230591 
1268969244556 1375070796861934045 0.9052124 -0.0925293 13.795441 
1269031017790 1375070796925563195 -0.79437256 -0.76498413 9.410797 
1269096392428 1375070796989131311 -0.27783203 -0.7245178 9.453644 
1269159203354 1375070797052363732 0.6326599 -0.29962158 9.640503 
1269225402041 1375070797116237023 0.04827881 0.32403564 8.409851 
1269285984981 1375070797179560998 -0.13143921 0.4847107 8.818085 
1269350596608 1375070797243373254 0.4184265 0.77749634 9.5286255 
1269421525954 1375070797306697229 0.62075806 0.5108948 9.313202 
1269485649256 1375070797370509484 0.57077026 0.21929932 10.052307 
1269549497876 1375070797433802941 1.33844 -0.34246826 12.38269 
1269606509931 1375070797497615197 -1.5715637 -1.7599792 12.419586 
1269680247151 1375070797560939172 0.31607056 -0.12109375 9.55481 
1269729262869 1375070797624781945 0.7016907 0.54422 8.939484 
1269795797280 1375070797688044885 0.1887207 0.47161865 8.895447 
1269858486125 1375070797751918176 0.24465942 0.4501953 9.386993 
1269935458505 1375070797815211633 0.5660095 0.6180115 9.4964905 
1269986274924 1375070797879084924 0.3458252 0.3859253 10.690247 
1270049574177 1375070797942347863 0.85998535 -0.45077515 12.174408 
1270115528701 1375070798006282189 -0.70391846 -1.3303223 12.022064 
1270177546097 1375070798069453576 -0.12310791 -0.7102356 8.953766 
1270241120034 1375070798133693078 -0.34329224 -0.8506775 10.095154 
1270316261190 1375070798196650842 0.25656128 0.014587402 8.631226 
1270374341458 1375070798260554650 0.39105225 0.23001099 7.755249 
1270454915241 1375070798323756555 0.2553711 -0.016357422 9.132294 
1270497063875 1375070798387660363 -0.00289917 -0.30081177 10.340332 
1270561583943 1375070798450892785 0.48983765 -0.49005127 10.938995 
1270622777289 1375070798515001581 1.826416 -0.79592896 12.094666 
1270684397922 1375070798581713006 -0.34805298 -1.1101379 8.040894 
1270704419286 1375070798601854608 0.20181274 -0.5614624 5.919983 
1270724623772 1375070798621782586 0.82785034 -0.04611206 5.6545715 
1270745560747 1375070798640764520 1.5526733 0.15145874 7.298218 
1270765429510 1375070798661943719 1.7871399 0.07052612 8.795471 
1270785695037 1375070798682207391 2.0168457 3.0517578E-4 9.901154 
1270805105993 1375070798702318475 1.9180603 -0.02468872 10.725952 
1270825920889 1375070798722490594 1.2063293 -0.38531494 11.023499 
1270845911732 1375070798742754266 0.41366577 -0.757843 10.752136 
1270865933096 1375070798762804315 0.2137146 -0.76498413 9.446503 
1270889861068 1375070798782915399 0.65289307 -0.13537598 8.263458 
1270907013517 1375070798803331659 0.9290161 0.3026123 7.812378 
1270957311090 1375070798823473260 1.1837158 0.441864 7.788574 
1270966833446 1375070798844255731 1.3491516 0.47756958 8.087311 
1270967504894 1375070798863481805 1.5705261 0.6072998 8.438416 
1270986213883 1375070798883623407 1.499115 0.6882324 8.987091 
1271012583485 1375070798903734491 1.3908081 0.80963135 9.436981 
1271027202743 1375070798923906610 0.8171387 0.5680237 9.315582 
1271047102025 1375070798944048211 0.21847534 0.058624268 9.536957 
1271076187941 1375070798964159295 0.035186768 -0.18536377 10.377228 
1271087480478 1375070798984331415 0.033996582 0.06814575 11.824493 
1271108081729 1375070799004473016 0.6255188 -0.15917969 11.496002 
1271157036408 1375070799025713251 1.2908325 -0.9220886 11.013977 
1271167138651 1375070799043352411 1.5800476 -1.3041382 12.269623 
1271172540757 1375070799064623163 0.93496704 -1.8028259 14.678558 
1271191829632 1375070799085008905 -0.07550049 -2.0575256 14.9618225 
1271220305139 1375070799105150506 -0.68844604 -1.6147766 11.985168 
1271230559984 1375070799126116083 -0.28616333 -0.78759766 8.27536 
1271249482615 1375070799145433710 -0.10525513 -0.3234253 6.34964 
1271278110725 1375070799165605829 0.19943237 -0.2889099 7.402954 
1271289738987 1375070799185747430 0.46365356 -0.76498413 9.952332 
1271310279198 1375070799206163690 0.5267334 -1.1375122 10.8949585 
1271346690001 1375070799226030633 0.6017151 -1.0494385 10.153473 
1271351634302 1375070799246446893 0.26965332 -0.9078064 9.402466 
1271370343290 1375070799266283319 -0.18499756 -0.9316101 9.722626 
1271424974755 1375070799286455438 -0.3623352 -0.8578186 9.784515 
1271438647883 1375070799306566522 -0.33258057 -0.7114258 9.250122 
1271441974605 1375070799326708124 0.043518066 -0.6209717 8.670502 
1271461995969 1375070799346849725 0.4362793 -0.3388977 8.27298 
1271485527175 1375070799367021844 0.85998535 -0.12585449 7.9194946 
1271490349394 1375070799387163446 0.8968811 0.012207031 8.14801 
1271512812388 1375070799407300763 0.89212036 0.16217041 8.763336 
1271530514204 1375070799427472883 0.6671753 0.04434204 9.081116 
1271549650477 1375070799445966535 0.3874817 -0.1579895 9.068024 
1271571991389 1375070799467145734 0.34225464 -0.060394287 9.834503 
1271591402347 1375070799487836652 0.4267578 -0.23892212 10.477203 
1271611545792 1375070799507978254 0.7243042 -0.48886108 11.054443 
1271631414554 1375070799528150373 0.9980469 -0.6792908 11.121094 
1271652015805 1375070799548291974 1.0158997 -0.28295898 11.2222595 
1271671457283 1375070799568464093 1.4074707 -0.6185913 10.154663 
1271691570208 1375070799588605695 1.6585999 -0.87924194 10.102295 
1271714216324 1375070799608686261 2.0739746 -0.9875488 11.9328 
1271732711670 1375070799629163556 1.3741455 -2.0896606 14.516693 
1271754961021 1375070799649305158 -0.36947632 -2.3895874 16.109161 
1271804434546 1375070799670911603 -1.1669006 -2.4336243 13.362213 
1271805258596 1375070799689252668 -0.8312683 -1.8968506 9.075165 
1271812583485 1375070799709394269 0.24346924 -1.1089478 6.0080566 
1271832910053 1375070799729566388 1.2325134 -0.56741333 5.427246 
1271853206100 1375070799749707990 2.4667358 -0.45791626 7.6683655 
1271873013822 1375070799769849592 2.660736 -0.44244385 10.307007 
1271898162609 1375070799789960676 1.973999 -0.7019043 11.551941 
1271913056552 1375070799810132795 1.1194458 -0.73760986 11.407928 
1271933230518 1375070799830304914 0.43151855 -0.82925415 9.991608 
1271954045411 1375070799848584943 0.11373901 -0.55789185 8.458649 
1271973578449 1375070799869733625 0.29940796 -0.098480225 8.055176 
1271994210221 1375070799890668683 0.5826721 0.18121338 7.82547 
1272016581653 1375070799910810285 0.76239014 0.46328735 7.7659607 
1272042157725 1375070799930951886 0.89331055 0.6977539 7.69812 
1272054579517 1375070799951124006 1.0385132 0.8608093 7.9837646 
1272076004819 1375070799971265607 1.300354 0.83462524 8.090881 
1272120534042 1375070799991407209 1.3110657 0.7620239 8.456268 
1272123463998 1375070800011823468 1.1730042 0.71203613 9.5928955 
1272136343595 1375070800031995588 0.7254944 0.3109436 10.480774 
1272178156504 1375070800052655988 0.15301514 -0.029449463 10.689056 
1272181269582 1375070800071943097 0.29464722 0.018157959 10.622406 
1272196834972 1375070800092084699 0.29345703 0.16812134 10.526001 
1272236053651 1375070800112256818 0.40890503 0.44900513 10.095154 
1272244355192 1375070800132367902 0.73501587 -0.053253174 9.460785 
1272256929585 1375070800152509504 1.4574585 -0.40197754 10.952087 
1272305243335 1375070800172651105 1.5157776 -1.1565552 13.677612 
1272307807047 1375070800192823224 0.33273315 -1.8278198 15.610474 
1272316047547 1375070800212964826 -0.86221313 -2.1063232 14.166779 
1272362224870 1375070800233136945 -0.85388184 -1.3231812 10.4010315 
1272372937520 1375070800253278547 -0.53967285 -0.55789185 7.4707947 
1272375928517 1375070800272352033 -0.49087524 -0.2163086 7.3922424 
1272397811625 1375070800293500715 0.36843872 -0.60549927 9.829742 
1272417100500 1375070800313672834 0.7171631 -0.7090454 11.127045 
1272436938742 1375070800333783918 0.9302063 -0.67333984 10.900909 
1272461721284 1375070800353925519 0.5529175 -0.7161865 10.048737 
1272477011991 1375070800374097638 -0.10406494 -0.9232788 9.498871 
1272497155436 1375070800394269758 -0.35043335 -0.82806396 9.824982 
1272517176801 1375070800414380842 -0.3551941 -0.6185913 9.507202 
1272537259206 1375070800434522443 -0.027893066 -0.26748657 8.565765 
1272557768896 1375070800454969220 0.6112366 0.075286865 7.9754333 
1272577698699 1375070800474805646 0.8397522 0.4025879 8.024231 
1272600588978 1375070800494947248 0.8302307 0.51208496 7.9123535 
1272617985591 1375070800515088849 0.7385864 0.47875977 7.8159485 
1272638373200 1375070800535230451 0.710022 0.46447754 7.7147827 
1272660378388 1375070800555738263 0.5184021 0.58587646 7.8992615 
1272678568530 1375070800575513654 0.17086792 0.6739502 8.001617 
1272698650935 1375070800595655256 -0.1481018 0.5156555 8.1111145 
1272720350919 1375070800615796857 -0.124298096 0.48114014 8.620514 
1272739059907 1375070800635968976 0.12802124 0.36688232 9.167999 
1272759050752 1375070800656080060 0.31845093 0.083618164 9.608368 
1272779346799 1375070800674939924 0.5505371 -0.0032653809 10.305817 
1272799764928 1375070800696119123 0.95758057 0.377594 11.496002 
1272821129188 1375070800716474347 1.1837158 -0.50671387 12.416016 
1272844874039 1375070800736615949 0.8659363 -1.3291321 12.888519 
1272871396242 1375070800756788068 1.332489 -1.7040405 11.211548 
1272880888078 1375070800776899152 1.7204895 -1.8409119 12.530273 
1272901916614 1375070800797101789 0.24822998 -1.7207031 14.797577 
1272935092260 1375070800817212873 0.28631592 -1.5005188 11.372223 
1272943485363 1375070800837629133 0.38510132 -1.1886902 7.856415 
1272967291253 1375070800857770734 0.8564148 -1.12323 7.8552246 
1272989479563 1375070800878339582 1.8049927 -1.4421997 10.909241 
1273003610495 1375070800897779279 2.0561218 -1.617157 12.424347 
1273021648035 1375070800917920881 1.8347473 -1.6290588 12.304138 
1273043134377 1375070800938062482 1.2408447 -1.3612671 10.45578 
1273062331692 1375070800958204084 0.86831665 -1.0518188 8.894257 
1273082902423 1375070800978345685 0.607666 -0.6340637 7.993286 
1273123738680 1375070800998487287 0.44818115 -0.41625977 7.3791504 
1273135977349 1375070801018598371 0.6659851 -0.09729004 7.112549 
1273143210679 1375070801038801008 0.6600342 0.25143433 7.2577515 
1273183161845 1375070801059522443 0.6195679 0.36688232 7.413666 
1273245484447 1375070801077527814 0.77786255 0.4585266 7.6231384 
1273246522140 1375070801098737531 1.1265869 0.6644287 7.987335 
1273247376710 1375070801119306379 1.3086853 0.76916504 8.200378 
1273254243794 1375070801139447980 1.6835938 0.7655945 8.618134 
1273263064181 1375070801159894758 1.5229187 0.76797485 8.912109 
1273282932943 1375070801179792218 1.1622925 0.6739502 9.529816 
1273303228991 1375070801199903302 0.9790039 0.5680237 9.949951 
1273323189314 1375070801220075422 0.6647949 0.4335327 10.065399 
1273343729524 1375070801240491681 0.0078125 0.28833008 10.379608 
1273365460030 1375070801260328107 -0.54919434 0.026489258 10.678345 
1273383985896 1375070801280774885 -0.087402344 -0.39959717 10.893768 
1273404159862 1375070801300813566 1.197998 -0.65667725 12.18631 
1273424242266 1375070801320955168 1.8847351 -1.039917 14.707123 
1273444660395 1375070801341096769 1.3170166 -1.5136108 16.281738 
1273467123390 1375070801361238371 0.32321167 -1.9468384 14.041809 
1273494561204 1375070801381349455 -0.124298096 -1.5505066 10.727142 
1273504724488 1375070801401521574 -0.33496094 -0.80545044 8.666931 
1273524837413 1375070801421663176 -0.58966064 -0.6031189 7.343445 
1273558196182 1375070801441835295 -0.26831055 -0.70547485 7.9373474 
1273566955529 1375070801461946379 0.37200928 -0.8899536 9.905914 
1273585237232 1375070801480348478 0.86831665 -0.98516846 11.149658 
1273606937216 1375070801501558195 0.7064514 -0.9161377 11.084198 
1273636450416 1375070801522340666 0.051849365 -0.9137573 9.552429 
1273647437750 1375070801542482267 -0.32543945 -0.89590454 8.519348 
1273665536330 1375070801562623869 -0.30282593 -0.6090698 8.8680725 
1273685923940 1375070801582795988 -0.15167236 -0.5602722 9.244171 
1273705823222 1375070801602937590 -0.055267334 -0.27938843 8.7847595 
1273725997188 1375070801623079191 0.0066223145 -0.08657837 7.9575806 
1273747483530 1375070801643190275 0.09945679 0.047912598 7.416046 
1273766528243 1375070801663667570 0.19467163 0.3204651 7.498169 
1273786671688 1375070801683809172 0.21966553 0.22406006 7.673126 
1273818901201 1375070801705354582 0.19943237 0.18954468 8.176575 
1273827752109 1375070801723756682 0.14230347 0.08004761 8.564575 
1273848048156 1375070801743928801 0.0066223145 -0.08657837 9.23822 
1273884123238 1375070801764070402 0.107788086 -0.042541504 9.777374 
1273896575550 1375070801784181486 0.40652466 -0.17346191 9.670258 
1273909241504 1375070801804323088 0.6850281 -0.4138794 9.667877 
1273942783393 1375070801824464689 0.6195679 -0.70547485 10.523621 
1273962896318 1375070801844667326 0.5124512 -0.6923828 11.967316 
1273969488718 1375070801864747892 1.1908569 -0.873291 11.401978 
1273997018095 1375070801882936369 1.9490051 -0.8018799 11.4721985 
1274020427220 1375070801904146086 1.9918518 -0.7780762 12.31604 
1274028667721 1375070801925172697 1.3443909 -1.6861877 13.459808 
1274078599050 1375070801945466887 0.6564636 -1.7409363 13.779968 
1274092852064 1375070801965455900 0.36605835 -1.3196106 12.111328 
1274093615073 1375070801985628019 0.5422058 -0.9792175 9.570282 
1274108570055 1375070802005739103 0.66241455 -1.0411072 8.138489 
1274128713501 1375070802025880705 0.973053 -1.3338928 8.061127 
1274149192670 1375070802046358000 1.8216553 -1.2993774 9.548859 
1274169275076 1375070802066499601 2.0799255 -1.0661011 10.965179 
1274189632165 1375070802086702238 1.7050171 -1.0613403 11.153229 
1274209256764 1375070802106477629 1.1218262 -0.97088623 10.052307 
1274229430730 1375070802126619230 0.8314209 -0.59121704 8.561005 
1274249909900 1375070802146760832 0.7135925 -0.2484436 7.5588684 
1274269687101 1375070802166902433 0.62908936 -0.07110596 7.5481567 
1274289800026 1375070802187044035 0.72787476 0.051483154 8.237274 
1274310828563 1375070802207155119 0.742157 0.23596191 8.259888 
1274330544724 1375070802227327238 0.6921692 0.4180603 7.4886475 
1274350779730 1375070802247647041 0.77905273 0.6644287 6.54364 
1274381757909 1375070802267788642 0.6433716 0.7965393 7.0518494 
1274391036102 1375070802287930244 1.1063538 1.1547852 8.894257 
1274498254170 1375070802392758125 0.06732178 0.7620239 11.054443 
1274564025572 1375070802456570381 0.41604614 2.3616333 10.847351 
1274627172223 1375070802519894355 0.27560425 2.7734375 10.6319275 
1274695782020 1375070802583920234 -1.1633301 1.8427124 10.45697 
1274760973534 1375070802647030586 -1.6417847 1.2119141 9.312012 
1274820549302 1375070802710934394 -0.26712036 1.0250549 9.68811 
1274883512830 1375070802774180683 -0.43017578 0.9453125 9.156097 
1274966070437 1375070802837992939 1.281311 2.3056946 7.9968567 
1275009409366 1375070802901255878 1.5621948 2.1831055 7.89093 
1275089281179 1375070802965129169 1.6026611 3.0436096 9.0156555 
1275145438666 1375070803028422626 1.7597656 2.8817444 11.601929 
1275201382507 1375070803092234882 2.7035828 2.4604187 12.687378 
1275261904406 1375070803155040058 1.3027344 0.7620239 11.156799 
1275326821238 1375070803219401630 0.5910034 0.46328735 9.486969 
1275389510083 1375070803282664569 1.6347961 1.0619507 9.81189 
1275463064181 1375070803346537860 0.5445862 0.9298401 8.871643 
1275517695646 1375070803409831317 0.2387085 1.7593994 6.5960083 
1275581483225 1375070803473948749 0.7064514 1.8998413 6.8983154 
1275642981776 1375070803536937030 0.50531006 1.7915344 8.411041 
1275709058382 1375070803600932392 0.95758057 1.7284546 12.391022 
1275816612173 1375070803664073261 1.3122559 0.8048706 16.063934 
1275836786139 1375070803728094742 2.5095825 1.2345276 11.235352 
1275906555712 1375070803791296646 1.7073975 0.94174194 10.52005 
1275971716707 1375070803855108902 0.43865967 0.8036804 8.40271 
1276025096837 1375070803918402359 0.3612976 1.083374 6.728119 
1276089464302 1375070803982306167 0.5326843 1.3428345 7.9266357 
1276163598288 1375070804045599624 0.4529419 1.4047241 10.272491 
1276217161541 1375070804109381363 1.1991882 1.5880127 10.885437 
1276280735476 1375070804172705337 2.2858276 1.3666382 11.793549 
1276344584095 1375070804236578628 1.5086365 0.2454834 12.623108 
1276409073641 1375070804299811050 1.0063782 -0.009216309 8.987091 
1276482353057 1375070804363775894 2.5417175 0.90722656 10.314148 
1276542234026 1375070804426947281 0.47317505 0.62991333 8.006378 
1276608005428 1375070804490851089 0.83380127 1.5415955 6.6031494 
1276662514813 1375070804554144546 0.9528198 1.7022705 7.692169 
1276729415469 1375070804617926285 1.0254211 1.6022949 9.783325 
1276788930197 1375070804681524917 0.97662354 1.3321228 11.357941 
1276870541671 1375070804745123550 2.0882568 1.1095581 13.744263 
1276919008022 1375070804808478042 1.0337524 0.2871399 12.010162 
1276985481393 1375070804872290298 0.26489258 0.05505371 10.749756 
1277041669399 1375070804935492203 2.0370789 0.8977051 10.251068 
1277107318721 1375070804999365494 0.105407715 0.6560974 7.5279236 
1277170556932 1375070805062689468 0.26132202 1.2702332 6.3996277 
1277244324671 1375070805126501724 0.30178833 1.4094849 8.239655 
1277297582721 1375070805189825699 0.6100464 1.8367615 9.6440735 
1277364178174 1375070805253637954 1.332489 1.6963196 12.035156 
1277426958580 1375070805316931411 2.4631653 1.6594238 10.983032 
1277489708464 1375070805380835220 1.716919 0.35379028 12.235107 
1277565154825 1375070805444037124 0.46365356 -0.100860596 9.089447 
1277644996121 1375070805507910415 1.8680725 0.34783936 10.761658 
1277679117897 1375070805571409007 0.6838379 0.48233032 8.362244 
1277742966515 1375070805635282298 0.48388672 1.0464783 7.1220703 
1277806265768 1375070805698575755 1.2908325 2.006958 7.0661316 
1277866970788 1375070805762449046 1.5074463 1.8677063 9.776184 
1277934939656 1375070805825742503 0.7754822 1.5332642 10.784271 
1277995492075 1375070805889829417 1.4360352 1.2761841 9.882111 
1278068924092 1375070805952817698 1.0456543 -0.06991577 14.212006 
1278125905627 1375070806016782542 0.5422058 0.29190063 9.710724 
1278190273093 1375070806079984446 1.3658142 -0.015167236 11.444824 
1278251405398 1375070806143827220 0.7980957 0.56326294 10.033264 
1278314857251 1375070806207120677 0.20181274 1.0155334 6.2972717 
1278378858473 1375070806270932933 0.5612488 1.3618774 6.3972473 
1278441669399 1375070806334226390 -0.044555664 1.1916809 8.261078 
1278505884262 1375070806398130198 0.59576416 1.1702576 10.299866 
1278566375640 1375070806461393138 1.4753113 1.0857544 10.295105 
1278631628196 1375070806525323229 1.0730286 0.056243896 10.1058655 
1278706616752 1375070806588616686 2.1953735 -0.34127808 11.841156 
1278770129646 1375070806652489977 2.2834473 0.35617065 10.387939 
1278823814982 1375070806715752917 0.054229736 0.38235474 5.9295044 
1278888701293 1375070806779656725 1.2134705 1.3249817 6.5900574 
1278952671993 1375070806842919665 1.813324 1.7141724 7.76239 
1279036847180 1375070806906792956 1.7609558 1.673706 10.254639 
1279074784003 1375070806970025378 1.7978516 1.4249573 11.332947 
1279142874953 1375070807033868151 2.0751648 0.8381958 12.962311 
1279204861830 1375070807097436266 2.8261719 0.7798767 11.319855 
1279268466285 1375070807161034899 -0.5587158 -0.6340637 9.736908 
1279340372283 1375070807224328356 1.1622925 0.26571655 9.715485 
1279396957053 1375070807288110094 0.3612976 0.5358887 8.766907 
1279456197097 1375070807351434069 0.20657349 0.89294434 7.5065002 
1279531429814 1375070807425774889 0.607666 1.628479 9.7404785 
1279548307579 1375070807444756823 0.5779114 1.6011047 10.237976 
1279577027250 1375070807464898424 0.64694214 1.3797302 10.691437 
1279606021605 1375070807485223131 0.9123535 1.230957 10.731903 
1279608432714 1375070807504968005 1.3598633 1.2678528 11.060394 
1279628393037 1375070807525109606 1.3503418 1.2880859 11.661438 
1279651008633 1375070807545220690 1.4943542 0.9476929 10.693817 
1279668710449 1375070807565392809 1.6966858 0.99887085 9.250122 
1279689006496 1375070807585534411 1.8216553 1.0952759 10.898529 
1279711408449 1375070807604607897 1.53125 0.5239868 13.607391 
1279729568070 1375070807625787096 1.730011 0.27404785 15.792572 
1279749650476 1375070807645928698 2.153717 0.5335083 13.932312 
1279769427677 1375070807666070299 2.217987 0.81915283 10.497437 
1279789388000 1375070807686272936 1.7609558 0.79415894 8.582428 
1279809531446 1375070807706353503 1.4062805 0.10266113 8.189667 
1279830071657 1375070807726525622 1.5467224 -0.38174438 9.538147 
1279852259968 1375070807746636706 2.2013245 -0.24130249 10.6319275 
1279872952780 1375070807767114001 2.6512146 0.11694336 11.027069 
1279893218307 1375070807787225085 2.6619263 0.5156555 10.8116455 
1279925783546 1375070807808587389 1.9787598 0.5358887 9.8749695 
1279932498027 1375070807827203112 1.2527466 0.37878418 8.601471 
1279954381134 1375070807847344714 0.8171387 0.42282104 7.82428 
1279982398836 1375070807867516833 0.68859863 0.54660034 7.363678 
1279996346646 1375070807887627917 0.8004761 0.9298401 6.8530884 
1280011789954 1375070807907769518 1.1884766 1.3452148 6.407959 
1280049146891 1375070807927911120 1.4753113 1.7903442 5.9235535 
1280058425084 1375070807948083239 1.3848572 1.8938904 6.60672 
1280072159252 1375070807968224840 1.2694092 1.8046265 8.27655 
1280097338558 1375070807988915758 1.2967834 1.5677795 9.546478 
1280111957817 1375070808007195788 1.3896179 1.8415222 9.502441 
1280131887619 1375070808028374987 1.3789063 2.2152405 9.397705 
1280153251880 1375070808048760729 0.98376465 2.2771301 9.556 
1280172571275 1375070808068902331 0.33511353 1.8938904 10.116577 
1280192073794 1375070808089043932 -0.025512695 1.6582336 10.794983 
1280255708770 1375070808109185534 -0.023132324 1.8010559 11.774506 
1280270968956 1375070808129327135 0.34939575 1.9891052 11.686432 
1280271793006 1375070808149499255 0.66360474 1.9902954 10.235596 
1280273013821 1375070808169946032 1.3551025 1.9676819 11.049683 
1280293889756 1375070808189904528 1.2563171 1.2904663 13.270569 
1280314063722 1375070808210229235 1.2848816 0.7477417 14.733307 
1280333047393 1375070808230096178 1.5990906 0.7167969 14.1215515 
1280353099278 1375070808250176745 0.9397278 0.90960693 9.957092 
1280373181683 1375070808270318346 -0.16357422 1.2023926 7.965912 
1280393355649 1375070808290551501 -1.0121765 0.9536438 8.350342 
1280414750430 1375070808310601549 -0.8491211 0.5644531 9.267975 
1280433825663 1375070808330773669 0.37438965 0.8869934 10.020172 
1280454396394 1375070808350915270 1.3919983 1.269043 10.370087 
1280488121405 1375070808371026354 1.5050659 1.2416687 10.185608 
1280501397767 1375070808391198473 0.857605 1.1571655 9.028748 
1280514643608 1375070808409783678 0.3529663 1.1131287 8.256317 
1280538174817 1375070808431166253 0.12802124 1.064331 7.9766235 
1280560546249 1375070808451735100 0.09945679 1.147644 7.8040466 
1280580415012 1375070808471907220 0.2637024 1.2190552 7.235138 
1280594820627 1375070808492079339 0.4434204 1.4344788 6.7245483 
1280615025113 1375070808512159905 0.30892944 1.5070801 7.305359 
1280635199079 1375070808532362542 0.1803894 1.4737549 8.428894 
1280655464607 1375070808552504143 0.24942017 1.4927979 8.908539 
1280675547013 1375070808572615227 0.32440186 1.6939392 9.213226 
1280696209305 1375070808593062005 0.39224243 1.8677063 9.804749 
1280715955985 1375070808613203606 0.48983765 1.9367371 10.249878 
1280739975518 1375070808634443841 0.55648804 1.7415466 10.418884 
1280756090275 1375070808653181634 0.99923706 1.8355713 10.687866 
1280776355802 1375070808673323235 1.0206604 1.8450928 11.331757 
1280796377166 1375070808693403802 0.93377686 1.673706 11.194885 
1280816795295 1375070808713606438 0.89450073 1.5880127 10.637878 
1280837243945 1375070808733748040 1.1563416 1.410675 12.029205 
1280871915087 1375070808753859124 1.3122559 1.134552 14.088226 
1280881132239 1375070808774000725 1.3408203 0.9215088 15.733063 
1280898193128 1375070808794142327 1.6157532 0.92388916 14.04657 
1280919191144 1375070808812697014 1.646698 1.1881104 10.381989 
1280950718689 1375070808833754143 1.2646484 1.2416687 8.494354 
1280959081270 1375070808854597649 0.7326355 0.8370056 8.071838 
1280980811776 1375070808874708733 0.7326355 0.38949585 8.772858 
1281007456061 1375070808894911370 1.6050415 0.68704224 9.579803 
1281023662378 1375070808916456780 2.204895 1.0500488 9.921387 
1281039319329 1375070808935164055 2.146576 1.1595459 10.193939 
1281073593709 1375070808955305657 1.3717651 1.0048218 9.659546 
1281079239978 1375070808975721917 0.7016907 0.7905884 9.090637 
1281104266683 1375070808995894036 0.49578857 0.8608093 8.257507 
1281119221665 1375070809015883050 0.5255432 1.147644 7.646942 
1281182581957 1375070809035872063 0.57910156 1.3297424 7.0197144 
1281185939198 1375070809056013665 0.6505127 1.5892029 6.79953 
1281196773931 1375070809076124749 0.7266846 1.8153381 6.972107 
1281201382508 1375070809096296868 1.0742188 2.0617065 7.479126 
1281219328487 1375070809116438470 1.3693848 2.1497803 7.902832 
1281239471933 1375070809136580071 1.6157532 2.173584 8.582428 
1281259981622 1375070809156721673 1.7395325 2.334259 9.646454 
1281279880905 1375070809176863274 1.646698 2.372345 10.179657 
1281304053040 1375070809197310052 1.165863 2.2866516 9.457214 
1281318885940 1375070809215162835 0.8790283 2.2604675 9.256073 
1281340067079 1375070809236342034 0.6564636 2.2783203 9.7595215 
1281366833447 1375070809257399163 0.42080688 2.2842712 11.248444 
1281405930043 1375070809277540764 0.56481934 2.231903 10.828308 
1281409714569 1375070809297834954 0.81118774 2.2414246 9.608368 
1281422014279 1375070809317885003 1.1432495 2.1628723 10.858063 
1281440814828 1375070809337965569 0.81832886 1.5594482 12.05896 
1281460897233 1375070809358168206 0.6314697 1.032196 13.197968 
1281481284842 1375070809378670960 0.7171631 0.723938 12.8385315 
1281501367246 1375070809398476868 0.08755493 1.1059875 9.7404785 
1281521602254 1375070809418954163 -0.38137817 1.12146 9.178711 
1281541409975 1375070809438790589 -0.67178345 0.6477661 9.659546 
1281561644982 1375070809458962708 -0.081451416 0.691803 10.245117 
1281581941029 1375070809479073792 0.7647705 1.0345764 10.203461 
1281604068300 1375070809499215393 0.8492737 1.1750183 9.553619 
1281626409212 1375070809519295960 0.29226685 1.0750427 9.269165 
1281643256457 1375070809539498596 -0.20285034 0.9191284 9.254883 
1281662789496 1375070809559640198 -0.21356201 0.99887085 9.134674 
1281693462471 1375070809579781799 0.13873291 1.3214111 8.349152 
1281705121253 1375070809599923401 0.3053589 1.5737305 7.820709 
1281724806893 1375070809620034485 0.105407715 1.4904175 7.448181 
1281746690000 1375070809639016419 -0.06359863 1.5784912 7.179199 
1281775043426 1375070809660195618 0.0078125 1.7058411 7.401764 
1281785206709 1375070809680489807 0.23275757 1.8581848 7.717163 
1281806235246 1375070809700661926 0.25894165 1.8558044 8.215851 
1281825127357 1375070809720742493 0.025665283 1.7713013 8.547913 
1281844049988 1375070809740945130 -0.25759888 1.5844421 8.876404 
1281864162913 1375070809761086731 -0.13977051 1.6963196 9.320343 
1281883940114 1375070809781197815 0.15301514 1.5987244 9.635742 
1281905365416 1375070809801644592 0.5279236 1.5665894 10.172516 
1281924715332 1375070809821786194 0.71954346 1.4773254 10.943756 
1281945835429 1375070809842690735 0.5350647 1.2880859 12.200592 
1281965917834 1375070809861764221 0.8123779 1.0012512 10.6128845 
1282065048004 1375070809881905823 1.0599365 1.2845154 10.32605 
1282071487802 1375070809902047424 1.0670776 0.7489319 12.243439 
1282074539840 1375070809922189026 0.9278259 0.04434204 14.092987 
1282075577532 1375070809942330628 1.1420593 0.21453857 14.796387 
1282081803688 1375070809962441712 1.8942566 0.70370483 13.719269 
1282085374572 1375070809982613831 1.4039001 1.0726624 9.858307 
1282105792700 1375070810002755432 0.7219238 0.9798279 7.984955 
1282128377777 1375070810023354798 0.26013184 0.50494385 8.006378 
1282144980859 1375070810041634827 0.710022 0.25143433 9.484589 
1282166070436 1375070810062783508 1.4574585 0.37402344 10.499817 
1282187648339 1375070810083291321 1.9252014 0.5680237 11.444824 
1282206784612 1375070810103493958 1.8609314 0.77749634 11.468628 
1282226287131 1375070810123574524 1.1289673 0.75964355 9.883301 
1282246461097 1375070810143746643 0.6755066 0.7965393 8.578857 
1282266970787 1375070810163888245 0.35534668 0.8132019 7.8230896 
1282286961630 1375070810184029846 0.24584961 0.94055176 7.2958374 
1282307746005 1375070810204476624 0.30178833 1.1512146 7.093506 
1282329201827 1375070810224313049 0.4446106 1.3571167 7.69693 
1282347910815 1375070810244759827 0.22799683 1.3583069 8.151581 
1282367718536 1375070810264596253 0.024475098 1.2059631 8.397949 
1282388533430 1375070810284707337 0.094696045 1.3214111 8.763336 
1282414292624 1375070810304848938 0.36367798 1.4927979 9.319153 
1282428728760 1375070810325021057 0.55529785 1.5606384 9.576233 
1282462057007 1375070810345162659 0.4184265 1.499939 9.785706 
1282469259815 1375070810365304260 0.056610107 1.2714233 9.970184 
1282488884414 1375070810385445862 -0.13977051 1.1678772 10.312958 
1282511866254 1375070810405587464 -0.35043335 1.1012268 10.798553 
1282528744021 1375070810425729065 -0.07788086 1.301178 11.319855 
1282547697172 1375070810444192200 0.43389893 1.3809204 10.797363 
1282570465369 1375070810465401917 0.8540344 1.5058899 9.87973 
1282589723724 1375070810486123352 0.81951904 0.9774475 11.426971 
1282610599659 1375070810506325989 0.15539551 0.19430542 13.208679 
1282629705413 1375070810526437073 -0.12310791 -0.33294678 14.282227 
1282650154063 1375070810546548157 0.05899048 -0.33294678 14.188202 
1282670389069 1375070810566781311 -0.12310791 0.015777588 11.182983 
1282690837718 1375070810586861878 -0.18856812 0.6144409 8.01947 
1282719709990 1375070810607003479 -0.25164795 0.922699 7.4815063 
1282731673976 1375070810627450257 -0.26712036 0.5108948 8.841888 
1282752763554 1375070810647561340 -0.09573364 0.059814453 9.695251 
1282786122321 1375070810668984680 0.2720337 0.3692627 10.098724 
1282791524426 1375070810687539368 0.43865967 0.53707886 9.966614 
1282811484750 1375070810707742005 0.060180664 0.6430054 9.167999 
1282863277822 1375070810727853089 -0.09573364 0.67752075 8.901398 
1282882139412 1375070810747964173 -0.012420654 0.8310547 8.618134 
1282885557693 1375070810768136292 0.15420532 0.8881836 8.319397 
1282909333063 1375070810788277893 0.118499756 0.9191284 7.869507 
1282913056549 1375070810808419495 0.13754272 1.0821838 7.0839844 
1282949406313 1375070810828561096 -0.09692383 1.153595 7.467224 
1282951084934 1375070810846871643 -0.444458 0.8941345 8.66217 
1282971625144 1375070810868020325 -0.592041 0.81796265 8.91806 
1282992531599 1375070810888955383 -0.4694519 0.9619751 8.634796 
1283013346493 1375070810909158020 -0.24212646 1.2726135 8.487213 
1283031963920 1375070810929238587 -0.31710815 1.3678284 9.471497 
1283053236620 1375070810950265198 -0.38375854 1.2714233 10.789032 
1283073044341 1375070810969582825 -0.04574585 1.2452393 10.640259 
1283096483987 1375070810989663391 0.26132202 1.1631165 10.3927 
1283113270192 1375070811010140686 0.28512573 1.1083679 11.580505 
1283133047393 1375070811030282288 0.2791748 1.179779 11.306763 
1283155815591 1375070811050179749 0.6171875 1.153595 9.337006 
1283173212203 1375070811070260315 0.9385376 0.81082153 10.418884 
1283193477730 1375070811090401917 0.86117554 0.19073486 12.8909 
1283213438053 1375070811110513001 1.2539368 0.15026855 15.71402 
1283233581500 1375070811130685120 1.8347473 0.33236694 16.299591 
1283337381286 1375070811229562073 -0.068359375 -0.35317993 8.270599 
1283402664362 1375070811293119249 1.4943542 0.42520142 9.74762 
1283464284994 1375070811356931504 0.36010742 0.6322937 8.497925 
1283527492686 1375070811420255479 0.14944458 0.81915283 8.1111145 
1283588594470 1375070811484067735 1.0623169 1.4832764 8.449127 
1283654671077 1375070811547361192 1.3063049 1.6725159 9.256073 
1283719862592 1375070811611234483 0.5660095 1.263092 11.03064 
1283781818949 1375070811674558458 0.3113098 1.153595 10.620026 
1283845667567 1375070811738340196 0.59814453 -0.30081177 14.579773 
1283908539534 1375070811801633653 -1.1966553 0.27285767 7.510071 
1283979682521 1375070811865506944 -0.19213867 -0.050872803 10.191559 
1284035901048 1375070811928769883 -0.58847046 0.13717651 8.251556 
1284106677792 1375070811992856797 -0.6170349 0.34902954 8.894257 
1284163354123 1375070812055936631 0.14706421 1.583252 7.477936 
1284226622855 1375070812119260606 -0.5622864 1.204773 9.221558 
1284289403260 1375070812183042344 0.06970215 1.3642578 11.060394 
1284359172831 1375070812247032656 -0.09573364 1.0655212 10.410553 
1284420976586 1375070812310234560 0.032806396 -0.18893433 14.129883 
1284483818032 1375070812374138368 -0.08383179 -0.51504517 10.983032 
1284546110112 1375070812437340273 0.34344482 -0.2805786 9.053741 
1284609500925 1375070812501274599 0.7885742 -0.05444336 9.692871 
1284687510997 1375070812564507021 0.197052 0.14312744 8.024231 
1284736923481 1375070812628349794 0.48150635 0.8548584 6.836426 
1284799215560 1375070812691734804 0.658844 1.2547607 8.695496 
1284871854046 1375070812755455507 0.18395996 0.94055176 11.688812 
1284927736848 1375070812818748964 0.95996094 0.3692627 11.687622 
1285011179546 1375070812882683290 0.67193604 -0.7661743 12.946838 
1285061019315 1375070812945885195 -0.47659302 -0.494812 8.375336 
1285118092410 1375070813009727968 0.62075806 -0.44363403 10.949707 
1285180994898 1375070813073021425 -0.35043335 -0.08538818 9.738098 
1285245148720 1375070813136864199 0.11730957 0.6263428 7.9385376 
1285307746006 1375070813200157656 0.4100952 1.0298157 8.134918 
1285371228379 1375070813264000429 -0.07788086 0.96673584 8.895447 
1285439777135 1375070813327354921 -0.46707153 0.9453125 10.00708 
1285504571886 1375070813391106142 -0.04336548 0.76797485 10.817596 
1285571045257 1375070813454430116 -0.5420532 -0.13656616 12.586212 
1285622411043 1375070813518242372 -0.53253174 -0.24487305 10.545044 
1285688914934 1375070813581535829 0.6433716 -0.33413696 9.603607 
1285756792242 1375070813645439638 0.55410767 0.08123779 9.292969 
1285818687558 1375070813708733095 -0.031463623 0.5989685 8.288452 
1285896972313 1375070813772606386 0.4779358 1.1238403 8.514587 
1285945804909 1375070813835838808 0.7564392 1.5404053 8.751434 
1286009439884 1375070813899773134 -0.7562866 0.441864 10.71167 
1286075394409 1375070813962975038 -0.8050842 0.576355 10.641449 
1286136892961 1375070814026909365 -0.3456726 0.14193726 11.118713 
1286197445379 1375070814090080751 -1.4061279 -0.82925415 12.499329 
1286261446599 1375070814154128873 -1.7560425 -0.28414917 8.197998 
1286324562728 1375070814217452847 -0.91815186 -0.3222351 11.173462 
1286388380829 1375070814281326138 -0.42660522 0.29190063 9.201324 
1286461538161 1375070814344558560 -0.76223755 0.3430786 8.619324 
1286525447820 1375070814408431851 -0.092163086 1.0857544 7.8873596 
1286587098972 1375070814471725308 -1.1097717 0.8536682 9.504822 
1286658730286 1375070814535629117 0.3779602 1.2297668 10.616455 
1286707593402 1375070814598861539 -0.27069092 0.6965637 9.642883 
1286791524426 1375070814662765347 -0.10406494 0.25500488 14.546448 
1286839532971 1375070814726028287 -1.1573792 0.09552002 9.953522 
1286899902268 1375070814789901578 -0.2718811 -0.2901001 8.902588 
1286962224869 1375070814853439175 0.45770264 -0.26867676 9.715485 
1287025524121 1375070814916976773 -0.42422485 0.014587402 9.263214 
1287087816200 1375070814980239713 0.013763428 0.93341064 7.730255 
1287157768895 1375070815044143521 0.44104004 1.4225769 8.224182 
1287214384185 1375070815107432758 -0.5515747 1.000061 10.165375 
1287277988641 1375070815171245014 -0.7146301 1.0119629 10.381989 
1287344492532 1375070815234568989 -1.2002258 0.40615845 10.241547 
1287409806128 1375070815298503315 -0.27783203 0.25976563 12.794495 
1287469595539 1375070815361674702 -1.8369751 -0.4864807 10.2344055 
1287534329248 1375070815425517475 -0.97766113 -0.24130249 10.057068 
1287596407686 1375070815488810932 -1.1359558 -0.13894653 9.351288 
1287665475288 1375070815552653705 -0.25759888 0.7739258 7.9778137 
1287724837414 1375070815616069233 -0.6908264 0.68585205 9.019226 
1287791066621 1375070815679881489 -0.8074646 0.65371704 10.026123 
1287864742799 1375070815743235981 -0.8253174 0.4680481 10.321289 
1287927218001 1375070815806926166 -0.0909729 0.5001831 10.71048 
1287978187023 1375070815870219623 -0.52301025 0.13955688 13.821625 
1288046644218 1375070815934092914 -1.3216248 -0.44363403 9.137054 
1288103839396 1375070815997386371 -0.092163086 -0.12942505 8.242035 
1288175348629 1375070816061534321 -0.296875 -0.14846802 9.295349 
1288232055481 1375070816124492084 -0.86221313 0.09552002 9.865448 
1288304388763 1375070816188365375 -0.3123474 1.1321716 8.1753845 
1288366558762 1375070816251658832 -0.33496094 1.3475952 8.538391 
1288423876021 1375070816315471088 -1.0288391 1.019104 9.700012 
1288484428439 1375070816378764545 -0.9717102 1.12146 10.078491 
