#SysTm EventTmStmp Ori:x Ori:y Ori:z
1217685862905 1375070745367066544 0.8052647 -0.20164971 0.21459125 
1217743149645 1375070745430329484 0.79567844 -0.19794469 0.22160359 
1217756029242 1375070745494172257 0.7772241 -0.17895253 0.2161553 
1217762774244 1375070745557770890 0.7665978 -0.15194538 0.22434556 
1217771167346 1375070745621456676 0.76084673 -0.14140108 0.23548874 
1217808890526 1375070745684719615 0.75161165 -0.12968174 0.23897973 
1217858974457 1375070745748592906 0.7741131 -0.117567845 0.2556044 
1217922792555 1375070745811886363 0.7702959 -0.12360428 0.25603673 
1217989540610 1375070745875698619 0.7615889 -0.11563254 0.24350905 
1218048597531 1375070745938992076 0.7210982 -0.10111958 0.22744612 
1218112385109 1375070746002956920 0.6932667 -0.091638535 0.20941104 
1218176630493 1375070746066128306 0.67778724 -0.09293242 0.18619126 
1218242279813 1375070746130017611 0.6786682 -0.08476485 0.16091281 
1218304755015 1375070746193311069 0.6896236 -0.054248355 0.1430687 
1218368695197 1375070746257123324 0.69497865 -0.03307924 0.13762994 
1218463247309 1375070746320447299 0.6954363 -0.038120836 0.12890522 
1218491783858 1375070746384412143 0.70379394 -0.042900912 0.11125958 
1218555052589 1375070746447583529 0.74415034 -0.03001852 0.10540327 
1218620610349 1375070746511426303 0.78285366 -0.013933014 0.1176457 
1218685160937 1375070746574719760 0.78523374 -0.021521322 0.12335613 
1218748673831 1375070746638562533 0.769695 -0.038937785 0.11857777 
1218811423717 1375070746701825473 0.75989705 -0.04248146 0.119247526 
1218875211294 1375070746765698764 0.74534637 -0.039066337 0.123185955 
1218938418986 1375070746828992221 0.7265807 -0.03648773 0.13161723 
1219003274778 1375070746892834994 0.68741596 -0.043775458 0.13367453 
1219065109052 1375070746954816195 0.67740923 -0.036481276 0.13110685 
1219130666812 1375070747019940707 0.67541194 -0.03807772 0.13989481 
1219226073495 1375070747083321490 0.65461963 -0.06248418 0.12999146 
1219254945767 1375070747147255816 0.64966404 -0.05850091 0.10832519 
1219317817735 1375070747210488238 0.65829545 -0.04504772 0.11027489 
1219383131331 1375070747274300494 0.64553297 -0.056049656 0.09925729 
1219450154069 1375070747337563433 0.633999 -0.06887999 0.082666665 
1219513239679 1375070747401467242 0.62533045 -0.07342301 0.0723891 
1219573914179 1375070747464699664 0.6249006 -0.06659535 0.057366803 
1219638556328 1375070747528542437 0.6344349 -0.035881065 0.037872095 
1219701275693 1375070747591866412 0.64489084 -0.029430574 0.039901864 
1219765887322 1375070747655678668 0.6339152 -0.058214027 0.045224424 
1219829766461 1375070747718972125 0.64238435 -0.054532304 0.034459453 
1219893554038 1375070747782875933 0.67646116 -0.031894993 0.043827508 
1219955601955 1375070747846169390 0.6812852 -0.035378512 0.061035756 
1220016673220 1375070747909951128 0.661465 -0.04664443 0.066328734 
1220079758830 1375070747973275103 0.64460856 -0.046820853 0.07047145 
1220143882134 1375070748037117877 0.628538 -0.05350472 0.07623479 
1220210355504 1375070748100411334 0.6027527 -0.059424836 0.06729991 
1220272861226 1375070748163613238 0.6253473 -0.044767383 0.06953304 
1220337106610 1375070748227547564 0.6430702 -0.05085988 0.07349302 
1220401382516 1375070748291390337 0.6330401 -0.06761692 0.053475115 
1220465048012 1375070748354683794 0.63371754 -0.06385213 0.04205198 
1220534115613 1375070748418557086 0.6293435 -0.06969548 0.04131191 
1220597964232 1375070748481789507 0.6180032 -0.084933236 0.030568868 
1220652717782 1375070748545662798 0.61356735 -0.08779061 0.020954983 
1220716078074 1375070748608956255 0.61961675 -0.08369843 0.017859077 
1220779804611 1375070748672768511 0.62057716 -0.07635256 -0.0024376886 
1220856288664 1375070748736092486 0.65618443 -0.045761894 -0.014079187 
1220906647278 1375070748799935259 0.6761821 -0.044201177 0.005586023 
1220969824449 1375070748863198199 0.65578383 -0.08032532 0.0026595434 
1221053755472 1375070748927071490 0.65581405 -0.08084153 -0.023054592 
1221110614926 1375070748990722677 0.684897 -0.06186791 -0.01562801 
1221179438366 1375070749054473897 0.6871785 -0.06321811 -0.0013977723 
1221235351688 1375070749117858907 0.66563445 -0.07470864 5.478513E-4 
1221301702978 1375070749181610128 0.66098696 -0.080383174 0.0056851394 
1221364788587 1375070749244903585 0.6446215 -0.0871679 0.007553899 
1221429796981 1375070749308715841 0.65362173 -0.068013005 3.951051E-5 
1221494408609 1375070749372009298 0.68627185 -0.05450524 0.0067913653 
1221553953855 1375070749435882589 0.6813344 -0.060316913 -0.001876092 
1221617131026 1375070749499145528 0.68447125 -0.058462825 -0.02134377 
1221678019168 1375070749563018819 0.682984 -0.07157068 -0.025863575 
1221759783247 1375070749626312276 0.67886305 -0.093863934 -0.031984154 
1221803122175 1375070749690429708 0.6813768 -0.10540349 -0.03683823 
1221873746318 1375070749753417989 0.68944836 -0.11454742 -0.037465237 
1221935885795 1375070749817382833 0.6885704 -0.12142541 -0.051275525 
1221998727243 1375070749880584737 0.71204686 -0.102326356 -0.064641155 
1222052290495 1375070749944423312 0.73710585 -0.091564216 -0.060982917 
1222115009860 1375070750007716769 0.7532394 -0.09347781 -0.06419483 
1222178644836 1375070750071529024 0.7913347 -0.08149676 -0.06560968 
1222256502306 1375070750134852999 0.8199207 -0.07465414 -0.053493608 
1222322762036 1375070750198787325 0.836479 -0.072141096 -0.040734723 
1222389021763 1375070750262050265 0.84677285 -0.06975456 -0.036244575 
1222454732126 1375070750325893038 0.8551151 -0.06523639 -0.046268016 
1222496422954 1375070750389125460 0.8840796 -0.048892837 -0.06280277 
1222567199697 1375070750452937716 0.8993025 -0.038829096 -0.07938689 
1222624181233 1375070750516231173 0.91581273 -0.03635412 -0.09723139 
1222689738992 1375070750580104464 0.93929195 -0.0364864 -0.10707409 
1222757616299 1375070750643397921 0.9711231 -0.050677124 -0.09552434 
1222819755778 1375070750707210177 0.9908796 -0.06812249 -0.08462879 
1222889006503 1375070750770503634 0.99699116 -0.07831122 -0.080490775 
1222952397317 1375070750834468478 1.0008259 -0.08817824 -0.08239044 
1223019755778 1375070750897975558 0.99535173 -0.08814009 -0.109085366 
1223083024511 1375070750961604708 1.0383232 -0.051226646 -0.126309 
1223144919825 1375070751024837130 1.062307 -0.038121372 -0.091621965 
1223195705724 1375070751088618868 1.0524025 -0.06851745 -0.058127005 
1223265505817 1375070751151912325 1.0543356 -0.079896756 -0.061940134 
1223337472854 1375070751215816134 1.0661254 -0.07320287 -0.05724014 
1223409653535 1375070751279109591 1.0614065 -0.07888662 -0.04072396 
1223465933101 1375070751342891329 1.0472419 -0.097132176 -0.023465522 
1223513850086 1375070751406215304 1.0388789 -0.11228943 -0.011639784 
1223576233727 1375070751470027560 1.0506315 -0.12617038 1.9076109E-4 
1223640082347 1375070751533321017 1.0805949 -0.107648335 -0.010529657 
1223706555717 1375070751597194308 1.1268872 -0.08239239 -0.0048362017 
1223786610655 1375070751660518282 1.1479425 -0.08296784 -0.0022608344 
1223844263637 1375070751724391573 1.1457103 -0.08995776 -0.025238043 
1223908631102 1375070751787593478 1.1447428 -0.09963315 -0.013993755 
1223973853138 1375070751851794078 1.1289753 -0.12119175 3.9179026E-4 
1224040204427 1375070751915026500 1.1223861 -0.13532594 -0.004119486 
1224100848408 1375070751978960826 1.1255505 -0.13802536 -0.007973436 
1224178125990 1375070752042162730 1.1292918 -0.14518361 -0.0045524645 
1224214140029 1375070752106310679 1.1409819 -0.13690515 -0.007272687 
1224276004825 1375070752169298961 1.1616638 -0.10806756 -0.008668177 
1224340158647 1375070752233172252 1.1601988 -0.09710886 0.009903439 
1224406021611 1375070752296435191 1.1438906 -0.10879907 0.018470041 
1224478721137 1375070752360339000 1.1388675 -0.105833195 0.011676247 
1224544095775 1375070752423571421 1.1493607 -0.09285762 0.02093736 
1224602969573 1375070752487414195 1.1454228 -0.08663893 0.038982823 
1224672739144 1375070752550738170 1.1291004 -0.08444588 0.04878202 
1224736526723 1375070752614611461 1.1135929 -0.07654235 0.05458974 
1224802359165 1375070752677874400 1.1169454 -0.06579001 0.063269705 
1224863613554 1375070752741747691 1.1155782 -0.06475984 0.068880774 
1224926760204 1375070752804975830 1.1074411 -0.07984176 0.057991598 
1225010904871 1375070752868971192 1.1045077 -0.08015451 0.04872775 
1225063155748 1375070752932173096 1.0959591 -0.06288896 0.06423007 
1225122670473 1375070752995985352 1.0946167 -0.07295041 0.07968031 
1225166436688 1375070753059248291 1.1017838 -0.0930935 0.07981223 
1225231353519 1375070753123152100 1.1121615 -0.11318283 0.078658864 
1225301184131 1375070753186384522 1.1268332 -0.12774111 0.0715219 
1225359844288 1375070753250288330 1.1547443 -0.11606529 0.062063765 
1225430376867 1375070753313825928 1.1853405 -0.07788311 0.04890776 
1225505029698 1375070753377485596 1.1904315 -0.04749252 0.052271795 
1225564941189 1375070753440687500 1.1829298 -0.047729313 0.061408386 
1225629369694 1375070753504560791 1.165351 -0.054524533 0.0413901 
1225675547019 1375070753567823731 1.1573545 -0.036054406 0.022782238 
1225738815750 1375070753631697022 1.1559012 -0.029798748 0.041363202 
1225820152542 1375070753694990479 1.1443925 -0.05391786 0.058933 
1225926821244 1375070753758772217 1.1309823 -0.069037504 0.053270318 
1225947239373 1375070753822096192 1.1317394 -0.07522884 0.062852286 
1225994576470 1375070753885938965 1.1341976 -0.07600954 0.07613865 
1226063308349 1375070753949201905 1.1255355 -0.06409516 0.072402634 
1226127156968 1375070754013105713 1.1079636 -0.06537525 0.06235308 
1226200497424 1375070754076368653 1.0943247 -0.070270054 0.03771097 
1226254976288 1375070754140180908 1.0862076 -0.064121686 0.01548635 
1226317359929 1375070754203474365 1.0826347 -0.06665492 0.009385719 
1226381757914 1375070754267317139 1.0809053 -0.07568649 0.007766816 
1226450856037 1375070754330641114 1.078815 -0.08544578 0.00524543 
1226513972168 1375070754394575440 1.0865763 -0.08972655 7.249596E-4 
1226578522755 1375070754457746826 1.0954814 -0.08230411 -0.003413534 
1226640387550 1375070754521589600 1.1235914 -0.052818038 -0.007840779 
1226716413797 1375070754584883057 1.1426107 -0.038304467 -0.0016489844 
1226756578607 1375070754648930762 1.1379417 -0.05697793 0.014100287 
1226825554649 1375070754712346290 1.1312879 -0.06401099 0.007925191 
1226889525349 1375070754776005958 1.1412039 -0.049574256 -0.0068668015 
1226967535420 1375070754839329932 1.1571734 -0.04342179 0.0050720135 
1227023357182 1375070754903203223 1.1624514 -0.05056064 0.024134351 
1227085710302 1375070754966435645 1.1700622 -0.056215417 0.028913284 
1227152610959 1375070755030369971 1.1729662 -0.059089582 0.038764756 
1227219786298 1375070755093602393 1.189321 -0.044075295 0.047189508 
1227277897087 1375070755157475684 1.2057633 -0.038374472 0.049708165 
1227349497880 1375070755220708106 1.2110907 -0.043268606 0.03473723 
1227411087991 1375070755284672950 1.2116631 -0.047145903 0.015592212 
1227473776837 1375070755347844337 1.2087531 -0.055904802 0.006016841 
1227532040227 1375070755411778663 1.2082491 -0.06273792 3.0323918E-4 
1227611576317 1375070755475011085 1.2070993 -0.071929984 -0.0042764954 
1227659157578 1375070755538823341 1.1953408 -0.08517879 -0.017146694 
1227709149948 1375070755602116798 1.2167765 -0.0711734 -0.037470706 
1227772845966 1375070755666107882 1.2492132 -0.05369744 -0.03230502 
1227836267299 1375070755729370821 1.2699082 -0.06582456 -0.011920767 
1227914277370 1375070755793305147 1.2905465 -0.07542391 -0.011682267 
1227978736397 1375070755856507052 1.3281078 -0.06613887 -0.011969709 
1228039960263 1375070755919068087 1.3538575 -0.058684647 -0.0029110883 
1228105090739 1375070755983673800 1.3597316 -0.057362407 0.005432825 
1228166741890 1375070756047547091 1.3558371 -0.049700946 0.0036375911 
1228233367863 1375070756110810030 1.3450711 -0.039811693 0.0013202389 
1228294927454 1375070756174791017 1.3336443 -0.02623852 -0.004456886 
1228345255548 1375070756238053957 1.3114063 -0.026139837 -0.008174229 
1228410477585 1375070756301866212 1.2909763 -0.026029743 -0.02722869 
1228474570366 1375070756365190187 1.2713959 -0.017122677 -0.048591312 
1228536343600 1375070756429056182 1.2537601 -0.018036254 -0.05220052 
1228599032445 1375070756492349639 1.2356894 -0.024512887 -0.050747465 
1228672128736 1375070756556222931 1.2224312 -0.032616295 -0.049157478 
1228743180163 1375070756619516388 1.2145201 -0.043968968 -0.0501241 
1228806418375 1375070756683389679 1.208569 -0.05031113 -0.055567183 
1228872800184 1375070756746622100 1.2143093 -0.0325605 -0.076691635 
1228927523213 1375070756810525909 1.2468807 -0.0072236503 -0.07755524 
1228999917535 1375070756873758331 1.2814956 -0.0074578077 -0.05280179 
1229059462782 1375070756937708809 1.29914 -0.01875493 -0.044175126 
1229119618436 1375070757000941231 1.3244063 -0.010953267 -0.04870309 
1229177942867 1375070757064753487 1.3357908 -0.004159051 -0.046327844 
1229272311858 1375070757127406075 1.3165841 -0.008052706 -0.04431541 
1229302710149 1375070757191981270 1.3009526 -0.008108935 -0.046493605 
1229366253564 1375070757255213692 1.2909822 -0.0068064746 -0.04327181 
1229430346348 1375070757319025948 1.2937841 0.012324196 -0.044753917 
1229509760355 1375070757382319405 1.2975483 0.025869777 -0.03619781 
1229571106303 1375070757446253731 1.2831308 0.02525924 -0.03632358 
1229629491776 1375070757509455635 1.2616509 0.024318367 -0.05290458 
1229693370916 1375070757573389961 1.2499486 0.016394181 -0.05911862 
1229760637817 1375070757636622383 1.2399335 0.00516991 -0.065781794 
1229823387702 1375070757700526192 1.2289023 -0.009455924 -0.070765026 
1229893676118 1375070757763728096 1.2189801 -0.025341067 -0.07508529 
1229947636137 1375070757827662422 1.2156411 -0.035184186 -0.08609393 
1230009928218 1375070757890921167 1.2173921 -0.02867927 -0.10308874 
1230069351383 1375070757954702906 1.2418518 -0.01113221 -0.09676134 
1230131094096 1375070758017996363 1.2563187 -0.007252258 -0.08532002 
1230189357486 1375070758081900171 1.2679825 -0.007538062 -0.08562638 
1230258699772 1375070758145132593 1.2738107 -0.009615735 -0.074695386 
1230321571740 1375070758209066919 1.2602212 -0.017963277 -0.06339875 
1230392409523 1375070758272329859 1.2472148 -0.021009643 -0.058157552 
1230463186268 1375070758336142114 1.2434891 -0.016588692 -0.042539947 
1230517878774 1375070758399435572 1.2402501 -1.2494437E-4 -0.034654677 
1230586854815 1375070758463339380 1.2346436 0.0188496 -0.035529703 
1230646918908 1375070758526571802 1.2378663 0.030712716 -0.032056443 
1230714491014 1375070758590445093 1.218945 0.03594213 -0.045741964 
1230776508409 1375070758653677515 1.1938648 0.03552446 -0.057198513 
1230836328339 1375070758717611841 1.173043 0.025995221 -0.05699025 
1230907257685 1375070758780813745 1.1552894 0.014557416 -0.06461922 
1230951329102 1375070758844687036 1.1443769 0.0037322317 -0.071128905 
1231014445232 1375070758907949976 1.1425425 -0.002389504 -0.07519921 
1231078324372 1375070758971792749 1.1471828 0.011333869 -0.08679121 
1231154136976 1375070759035086206 1.1816727 0.045830302 -0.091409095 
1231219267451 1375070759098990015 1.207047 0.05476502 -0.074584 
1231282322540 1375070759162222437 1.200589 0.0317725 -0.058068182 
1231346903648 1375070759226156763 1.2008823 0.021362968 -0.06326442 
1231415452405 1375070759289358667 1.2239746 0.029150544 -0.06129984 
1231474509325 1375070759353262476 1.228079 0.030559095 -0.049269784 
1231530910974 1375070759416525415 1.2042253 0.021385405 -0.04116311 
1231597048620 1375070759480368189 1.1835972 0.01845759 -0.036187 
1231656990631 1375070759543692163 1.1720245 0.023428107 -0.033847712 
1231733474684 1375070759607473902 1.1902646 0.03559532 -0.031445388 
1231782887167 1375070759670797876 1.2060223 0.04200498 -0.031888865 
1231843653229 1375070759734873622 1.1988505 0.04739954 -0.051459722 
1231912995514 1375070759798136561 1.1949736 0.056091584 -0.060569983 
1231971442028 1375070759862009852 1.183063 0.05141983 -0.056406554 
1232040692752 1375070759925272792 1.1708336 0.046131033 -0.059242573 
1232112293547 1375070759989268153 1.1627697 0.043156922 -0.058720026 
1232159355960 1375070760052439540 1.1594836 0.038536146 -0.060062673 
1232225493608 1375070760116282313 1.1604226 0.042467855 -0.07063408 
1232301641936 1375070760179545253 1.1706449 0.07017488 -0.08595763 
1232366131482 1375070760243540614 1.1730101 0.07932115 -0.07425384 
1232429064490 1375070760306742518 1.1552947 0.057184335 -0.056687716 
1232477408760 1375070760370524256 1.1588148 0.04810406 -0.057341956 
1232540952176 1375070760433848231 1.1801966 0.045484025 -0.05052445 
1232604678713 1375070760497691004 1.1943978 0.0371808 -0.036462855 
1232670328034 1375070760560953944 1.1936275 0.023046713 -0.022380885 
1232731735024 1375070760624827235 1.1854875 0.0105356965 -0.014787332 
1232799398688 1375070760688120692 1.1845831 0.012299181 -0.018779842 
1232871640411 1375070760752053330 1.1836 0.013523738 -0.023527626 
1232934085092 1375070760815316270 1.1834984 0.007921141 -0.032665137 
1232997475905 1375070760879189561 1.1883562 0.0012625366 -0.040317688 
1233060836197 1375070760942452500 1.1910043 -0.0139689585 -0.041377198 
1233126729681 1375070761006295273 1.1871337 -0.034817804 -0.048637696 
1233193264094 1375070761069832871 1.1963997 -0.04676724 -0.050297473 
1233240997956 1375070761133523057 1.2041725 -0.052993305 -0.050235495 
1233303534200 1375070761196663926 1.2199116 -0.039242968 -0.058235355 
1233367291257 1375070761260506699 1.2537199 -0.0025857622 -0.05856212 
1233447132550 1375070761323800156 1.269291 0.0061721047 -0.03187377 
1233494256006 1375070761387612412 1.2517849 -0.014454085 -0.0117652 
1233557158493 1375070761450905869 1.2383925 -0.026917374 -0.018276177 
1233627935237 1375070761514748643 1.2457999 -0.029795306 -0.017771525 
1233694835893 1375070761578042100 1.248016 -0.036452577 -0.007901387 
1233764300260 1375070761641976426 1.2381444 -0.045991793 0.0040110536 
1233824425394 1375070761705178330 1.2234601 -0.0501906 0.008208832 
1233896026187 1375070761769021104 1.2058367 -0.049978532 0.010736331 
1233951115460 1375070761832314561 1.2166668 -0.03365235 0.01260042 
1234018565482 1375070761896218369 1.2215717 -0.026766388 0.019118689 
1234080643921 1375070761959481309 1.2204524 -0.032179367 0.013291079 
1234154686343 1375070762023354600 1.2178329 -0.035468474 -0.0016871023 
1234221190234 1375070762086587022 1.2146744 -0.042473167 0.0016626331 
1234259920587 1375070762150521348 1.1968741 -0.05445313 -6.315999E-4 
1234319954158 1375070762213753770 1.1722823 -0.06824261 -0.009866172 
1234387617825 1375070762277901719 1.1508878 -0.07936015 -0.023993058 
1234451954770 1375070762340859482 1.1569006 -0.073280215 -0.037359197 
1234519221671 1375070762404732773 1.1764312 -0.049824733 -0.051201653 
1234587282100 1375070762467995713 1.2048749 -0.022168469 -0.048415612 
1234638434245 1375070762531869004 1.2213634 -0.016466262 -0.02905064 
1234702923791 1375070762595131943 1.2244997 -0.02561766 -0.019948125 
1234766284085 1375070762659210295 1.2208492 -0.032699108 -0.022618297 
1234837152388 1375070762722503752 1.2143869 -0.04824956 -0.011520367 
1234905853747 1375070762786377043 1.2007253 -0.071288735 7.730166E-4 
1234968145828 1375070762849609465 1.1979612 -0.08474564 0.013067413 
1235054152236 1375070762913513274 1.2046785 -0.0805369 0.023935646 
1235128286220 1375070762976745696 1.2083204 -0.07284407 0.034602102 
1235147117290 1375070763040588469 1.2040285 -0.061791897 0.03752836 
1235211179552 1375070763103912444 1.1893456 -0.054184802 0.04188238 
1235275730140 1375070763167724700 1.1765735 -0.043019656 0.041148305 
1235341837266 1375070763231109709 1.1549916 -0.017577862 0.025418708 
1235405044957 1375070763294891448 1.1331192 0.0041089267 0.018905072 
1235472586541 1375070763358154387 1.1184127 0.0056362706 0.016035875 
1235540219686 1375070763422088713 1.1117628 -0.0040549366 0.008966666 
1235609317810 1375070763485656829 1.1211032 -0.007250032 0.0057708253 
1235668374729 1375070763549224944 1.1244421 1.4033355E-4 -0.009794949 
1235732742195 1375070763612636333 1.1268533 0.017242698 -0.028290555 
1235805105998 1375070763676570659 1.1301816 0.021438848 -0.02523696 
1235846277980 1375070763739772563 1.1373097 0.012059426 -0.017294794 
1235911469496 1375070763803584819 1.1466343 0.0013395644 -0.008901928 
1235973456371 1375070763866908794 1.1459316 -0.018059092 0.009105776 
1236041547322 1375070763930812602 1.1293961 -0.03966433 0.018732807 
1236116383275 1375070763994075542 1.1090406 -0.058467466 0.016084382 
1236186122326 1375070764058009868 1.1068203 -0.07162865 0.017140979 
1236227324829 1375070764121166914 1.100076 -0.07929601 0.018440254 
1236291265009 1375070764185009687 1.1030222 -0.074865416 0.014286998 
1236356090280 1375070764248303145 1.0992672 -0.071107596 0.017920911 
1236418962247 1375070764312206953 1.0878277 -0.06814883 0.018142933 
1236495507341 1375070764375469893 1.0805174 -0.060659945 0.010442776 
1236568084786 1375070764439373701 1.0703765 -0.060239457 0.009486767 
1236612308805 1375070764502575605 1.0623237 -0.067371644 0.009287316 
1236703106913 1375070764566448896 1.0645767 -0.07089073 0.0065427064 
1236736465680 1375070764629742353 1.0715505 -0.07006615 -0.004639003 
1236800985748 1375070764693585127 1.0761539 -0.068077214 -0.02100831 
1236875943782 1375070764756909102 1.0919559 -0.05342817 -0.03478066 
1236942020388 1375070764820782393 1.1099741 -0.04594518 -0.025604095 
1237005380681 1375070764882519453 1.1069707 -0.05976623 -0.0121257985 
1237067123395 1375070764947918623 1.1105176 -0.06948225 -0.011943571 
1237132620113 1375070765011151045 1.1225421 -0.076150276 -0.003333658 
1237181941035 1375070765075050849 1.1199731 -0.094793715 0.015600915 
1237248933252 1375070765138374824 1.1166033 -0.107225075 0.030283174 
1237323067236 1375070765202217597 1.1188686 -0.106517166 0.042947326 
1237386702214 1375070765265511054 1.1194259 -0.10189664 0.05257697 
1237456746467 1375070765329384345 1.1051158 -0.09862398 0.04154635 
1237557219533 1375070765392586250 1.1198784 -0.07850547 0.02631533 
1237574585625 1375070765456459541 1.1259493 -0.07117751 0.020411965 
1237626287135 1375070765519752998 1.1267654 -0.07446949 0.005450552 
1237689769511 1375070765583565254 1.1359632 -0.06896162 -0.01023704 
1237753099283 1375070765646858711 1.1372219 -0.077814616 -0.01688873 
1237818657043 1375070765710762519 1.1166376 -0.10148629 -0.03686707 
1237895690463 1375070765774055976 1.1033992 -0.11954576 -0.049925722 
1237993660859 1375070765837929267 1.0985626 -0.12770602 -0.061953306 
1238018016115 1375070765901161689 1.097411 -0.12529969 -0.07703563 
1238075394415 1375070765965034980 1.1102214 -0.10601954 -0.08698742 
1238138327423 1375070766028297920 1.1188835 -0.09431719 -0.09491264 
1238202023440 1375070766091286201 1.1438477 -0.088716 -0.08991975 
1238298864582 1375070766155434150 1.166079 -0.08529781 -0.0731169 
1238339120953 1375070766219246406 1.1627716 -0.09606108 -0.053869803 
1238388960720 1375070766282692451 1.14917 -0.108600475 -0.042648472 
1238456929590 1375070766346443672 1.1521394 -0.112111285 -0.03113695 
1238519648955 1375070766409706611 1.1634789 -0.109066896 -0.01706506 
1238592623165 1375070766473610420 1.1663243 -0.10015236 -0.008513894 
1238663125225 1375070766536842842 1.1713713 -0.0833377 -0.005212633 
1238720808729 1375070766600746650 1.1764929 -0.07596927 -5.029044E-4 
1238787129498 1375070766663979072 1.1795648 -0.0737657 -0.0074847066 
1238835015962 1375070766727852363 1.1780624 -0.067623295 -0.020382684 
1238898010010 1375070766791115302 1.1660264 -0.068172716 -0.022496192 
1238962530077 1375070766854927558 1.1380919 -0.07483958 -0.029568782 
1239033245780 1375070766918251533 1.1154363 -0.07781944 -0.038761407 
1239172296598 1375070766982390577 1.1049818 -0.07823391 -0.04693765 
1239178370152 1375070767045561964 1.1014396 -0.076003276 -0.05940593 
1239248475446 1375070767109435255 1.1091423 -0.055810984 -0.079247594 
1239279911429 1375070767172728712 1.12341 -0.036795072 -0.079735905 
1239344828261 1375070767236571485 1.1245534 -0.041581225 -0.07155994 
1239423021457 1375070767299712354 1.1269178 -0.048990358 -0.074573666 
1239471518328 1375070767363707716 1.1450293 -0.0550313 -0.07023178 
1239537076087 1375070767426970655 1.1542112 -0.07222783 -0.05741715 
1239598055790 1375070767490813429 1.1516668 -0.08946929 -0.046069488 
1239668069525 1375070767554137403 1.1486853 -0.093239255 -0.035985455 
1239736862446 1375070767618285352 1.1502169 -0.08799348 -0.024834745 
1239803915703 1375070767681273634 1.1461067 -0.082000494 -0.021185456 
1239874936609 1375070767745116407 1.1529263 -0.06485465 -0.019547105 
1239922182147 1375070767808379347 1.1611753 -0.05651131 -0.0067757927 
1239985511918 1375070767872278830 1.1655728 -0.05572587 -0.009102153 
1240047956599 1375070767935541770 1.1633813 -0.05383469 -0.023883669 
1240106433633 1375070767999384543 1.1578081 -0.061818715 -0.023118291 
1240170068610 1375070768062647483 1.1555243 -0.069053255 -0.022909373 
1240241333679 1375070768126581809 1.1591698 -0.06836858 -0.026841955 
1240312354587 1375070768189814231 1.1628735 -0.06715403 -0.03211298 
1240362713200 1375070768253718039 1.1682997 -0.064328305 -0.041653782 
1240428362520 1375070768316950461 1.1852595 -0.046349254 -0.052877955 
1240497399604 1375070768380793235 1.2195983 -0.020081712 -0.045976095 
1240551023897 1375070768444056174 1.2421542 -0.0141733615 -0.028991759 
1240635199085 1375070768507898947 1.2552108 -0.018996583 -0.023219787 
1240689098062 1375070768571222922 1.2709483 -0.022872524 -0.019325292 
1240796804456 1375070768635065695 1.278789 -0.03371839 -0.00768472 
1240805716404 1375070768698328635 1.277947 -0.037260167 -0.0025151402 
1240869168258 1375070768762232444 1.268747 -0.035544652 0.0017932089 
1240933138959 1375070768825800559 1.2483455 -0.02986235 0.0021175179 
1240996102487 1375070768889368674 1.2404584 -0.007529734 0.0013405064 
1241074326202 1375070768952631613 1.222937 0.005622067 0.0077655287 
1241136404640 1375070769016535422 1.1988997 0.01019954 0.0012865232 
1241201199390 1375070769079767844 1.1840826 0.015667414 -0.011233865 
1241269809186 1375070769143610617 1.1767265 0.008808466 -0.010716195 
1241327645293 1375070769206904074 1.16264 -0.004047121 -0.01817674 
1241394729070 1375070769270777365 1.1441125 -0.010793961 -0.03240021 
1241447956600 1375070769334040305 1.1304171 -0.011413814 -0.0471925 
1241537961178 1375070769397883078 1.1198916 -0.005734106 -0.06394489 
1241607791789 1375070769461146018 1.1310439 0.015202395 -0.074194595 
1241632330170 1375070769525019309 1.1506417 0.026000261 -0.06200297 
1241694561208 1375070769588282248 1.1674154 0.019181482 -0.046703335 
1241758318267 1375070769652186057 1.1796197 0.013149259 -0.043447424 
1241825463086 1375070769715418479 1.1823072 -0.0025334442 -0.031005992 
1241895751502 1375070769779261252 1.1808757 -0.02591011 -0.01851898 
1241967443858 1375070769842790419 1.1855516 -0.044358015 -0.011139861 
1242026958583 1375070769906724745 1.2034718 -0.056536384 -2.1951142E-4 
1242089067541 1375070769969926649 1.2198656 -0.06408561 0.01071644 
1242155510392 1375070770034135634 1.234794 -0.052777383 0.008025112 
1242219053806 1375070770097093397 1.2394811 -0.04188543 0.011378697 
1242267855883 1375070770160905653 1.2317181 -0.03939855 0.009696664 
1242332650633 1375070770224168593 1.2221233 -0.032591317 -0.0014456416 
1242416459576 1375070770288133436 1.2138798 -0.03142871 -0.003708653 
1242458119884 1375070770351335341 1.2035375 -0.040527254 -0.004887245 
1242521937983 1375070770415147596 1.197087 -0.051607843 -0.0052145715 
1242598422035 1375070770478471571 1.1911997 -0.06083094 -0.01259537 
1242657082191 1375070770542314344 1.1937804 -0.0660642 -0.022798285 
1242726271875 1375070770605607802 1.2123163 -0.05154594 -0.036893245 
1242787984069 1375070770669511610 1.2507538 -0.025188787 -0.036871888 
1242847681917 1375070770732744032 1.2664909 -0.023693962 -0.030481372 
1242910950650 1375070770796704612 1.2744995 -0.03397843 -0.029215852 
1242975745399 1375070770859998069 1.289511 -0.04192441 -0.02384839 
1243031872363 1375070770923840842 1.295771 -0.06068943 -0.007136248 
1243094469648 1375070770987164817 1.2876582 -0.07820136 0.0013937411 
1243164483381 1375070771050977073 1.280134 -0.0858773 0.010836648 
1243229552815 1375070771114301047 1.273613 -0.08771266 0.022310272 
1243287633083 1375070771178143821 1.2657287 -0.07769924 0.020024536 
1243355754554 1375070771241711936 1.2749927 -0.05126841 0.010433371 
1243417985595 1375070771305296077 1.2737615 -0.03873186 0.017035639 
1243482902426 1375070771368589534 1.2667837 -0.034628548 0.012959351 
1243546384802 1375070771432462825 1.2584299 -0.03055375 -0.0041816044 
1243609073646 1375070771495725765 1.2479385 -0.03744962 -0.0019462542 
1243675699618 1375070771559568538 1.2353094 -0.04655311 -0.002715012 
1243737320251 1375070771622861995 1.232505 -0.046936885 -0.014497829 
1243801718235 1375070771686674251 1.2399879 -0.042028625 -0.0272705 
1243861965451 1375070771749998226 1.2579488 -0.018855596 -0.03359219 
1243920869769 1375070771813871517 1.2714435 -3.070552E-4 -0.024722315 
1243984932030 1375070771877103939 1.2590953 -0.016791107 -0.018939262 
1244048139722 1375070771940977230 1.2676543 -0.028120799 -0.0226435 
1244121083411 1375070772004270687 1.2948112 -0.035307113 -0.016598815 
1244183283930 1375070772068113460 1.3106257 -0.05621323 -9.1106753E-4 
1244248567007 1375070772131498470 1.3136855 -0.07677458 0.00543345 
1244327370608 1375070772195341243 1.3125437 -0.09391054 0.0037108867 
1244367169174 1375070772258630952 1.3124145 -0.10656798 0.006572337 
1244432330169 1375070772322473725 1.311885 -0.10980016 0.0055288263 
1244496850236 1375070772385797700 1.3305968 -0.08713343 -2.237815E-4 
1244567871142 1375070772449670991 1.3374649 -0.07780543 0.011537663 
1244627935234 1375070772512933931 1.3509557 -0.08050369 0.01676228 
1244701764016 1375070772576807222 1.3766884 -0.06496625 0.0021674926 
1244761126141 1375070772640131196 1.408399 -0.051223874 3.17502E-4 
1244827446909 1375070772703912934 1.4378307 -0.049119268 0.006699991 
1244915009857 1375070772767191504 1.4664716 -0.05091774 0.012326349 
1244940921654 1375070772831125831 1.4966393 -0.053562738 0.010596578 
1245002115001 1375070772894297217 1.5265948 -0.059214823 0.002781093 
1245074173600 1375070772958201026 1.5594124 -0.064979985 -0.01156148 
1245135092262 1375070773021463965 1.6204996 -0.05861694 -0.017891744 
1245200283779 1375070773085276221 1.6891388 -0.07397293 -5.5555196E-4 
1245255952937 1375070773148569678 1.7634368 -0.10013767 0.015103047 
1245319496352 1375070773212473487 1.8588072 -0.100054 0.018240679 
1245382215717 1375070773275766944 1.9529653 -0.10479657 0.027882375 
1245445850693 1375070773339609717 2.0345898 -0.12360944 0.03902886 
1245526851762 1375070773402872657 2.1114497 -0.13816936 0.050126344 
1245583619654 1375070773466776465 2.1900635 -0.14915028 0.06524384 
1245648231283 1375070773530039405 2.2612832 -0.15800248 0.08426931 
1245707074561 1375070773593821143 2.3387978 -0.14427075 0.08826396 
1245763567769 1375070773657201753 2.3921366 -0.13310127 0.093234055 
1245827782634 1375070773721105562 2.4323046 -0.14186002 0.09355371 
1245895415778 1375070773784368501 2.4670365 -0.13842557 0.07817916 
1245963537249 1375070773846654878 2.5070624 -0.12918095 0.069131315 
1246028423561 1375070773911565767 2.5464 -0.13186425 0.061872154 
1246091356568 1375070773975469575 2.5808494 -0.14067015 0.04531936 
1246161156661 1375070774038640962 2.616429 -0.14888917 0.032879364 
1246219694734 1375070774102544771 2.65787 -0.15466331 0.023700519 
1246283177109 1375070774165807710 2.7125707 -0.13817099 0.01341979 
1246351878467 1375070774229681001 2.7723715 -0.11857502 0.022407096 
1246414231588 1375070774292913423 2.8263948 -0.11804809 0.036191486 
1246468130566 1375070774356756197 2.8609 -0.12080209 0.038592458 
1246542935999 1375070774420049654 2.8851657 -0.12829337 0.041167215 
1246593080970 1375070774483861909 2.906583 -0.13935629 0.04648483 
1246664803845 1375070774547155366 2.9290361 -0.13973504 0.05586447 
1246726668640 1375070774611059175 2.9544547 -0.13356715 0.070669174 
1246790273096 1375070774674322115 2.974792 -0.1310939 0.08461758 
1246845148725 1375070774738164888 2.9972405 -0.12782916 0.087511644 
1246908631099 1375070774801458345 3.012229 -0.10836403 0.08469403 
1246971808270 1375070774865301118 3.0261905 -0.09988314 0.083594844 
1247035168563 1375070774928564058 3.037208 -0.10253314 0.07282581 
1247099047703 1375070774992467866 3.051454 -0.08992756 0.053775337 
1247171442026 1375070775054876314 3.0713396 -0.0785663 0.044930268 
1247234924400 1375070775119634615 3.08102 -0.07636545 0.04081062 
1247290807202 1375070775182867036 3.0848553 -0.07558189 0.033911563 
1247354198016 1375070775246709810 3.081808 -0.075030655 0.02544377 
1247421953242 1375070775309972749 3.075718 -0.07756009 0.015723133 
1247487541522 1375070775373876558 3.0737975 -0.07568729 0.0053568804 
1247555968196 1375070775437139497 3.0732923 -0.048575416 0.0067680725 
1247617039462 1375070775501012788 3.082757 -0.04657692 0.02524037 
1247681376408 1375070775564245210 3.0897138 -0.07072621 0.038296163 
1247744217854 1375070775628384822 3.1028836 -0.078562886 0.039960083 
1247799978573 1375070775691586727 3.1204116 -0.08316582 0.04711649 
1247871884571 1375070775755490535 3.134491 -0.09048153 0.06528379 
1247934420814 1375070775818722957 -3.1362321 -0.09509702 0.085396476 
1248001413031 1375070775882626766 -3.1271324 -0.09801725 0.093944766 
1248103442637 1375070775945889705 -3.131226 -0.1024357 0.09455264 
1248115833908 1375070776009762996 -3.1395645 -0.09978621 0.084391184 
1248179590965 1375070776072995418 3.1331382 -0.09179126 0.07720064 
1248245820173 1375070776136868709 3.1244543 -0.09523447 0.07390136 
1248308081732 1375070776200162166 3.1170335 -0.096393615 0.0662493 
1248371960873 1375070776263791317 3.1227317 -0.08691157 0.051282827 
1248445148726 1375070776327328914 3.1237154 -0.078551576 0.04196028 
1248512171463 1375070776391232723 3.1197226 -0.07993557 0.04106721 
1248580628657 1375070776454465145 3.1155922 -0.08818343 0.038557373 
1248636786142 1375070776518364685 3.1156287 -0.098482326 0.031670243 
1248697247002 1375070776581566590 3.1182055 -0.10516644 0.02546964 
1248776203204 1375070776645500916 3.1245363 -0.10568418 0.018716646 
1248835015961 1375070776708824890 3.1258965 -0.09217061 0.0021147178 
1248879239980 1375070776772545593 3.1226678 -0.08827436 -0.009564024 
1248960515732 1375070776835961121 3.119634 -0.10286111 -0.0074666413 
1249012430887 1375070776899651306 3.119762 -0.11619529 -8.5727056E-4 
1249087297360 1375070776962944763 3.123244 -0.12563929 0.012046179 
1249146903646 1375070777026909607 3.1193993 -0.13434255 0.02525467 
1249211362673 1375070777090142029 3.1087835 -0.1364833 0.034694918 
1249273380068 1375070777154045838 3.0909579 -0.1334455 0.04525153 
1249353068762 1375070777217278259 3.0702417 -0.13355814 0.053202283 
1249406082648 1375070777281121033 3.0456357 -0.13517393 0.058625326 
1249452778818 1375070777344383972 3.0248594 -0.13061099 0.061309773 
1249515070897 1375070777408226746 3.0045238 -0.11905554 0.06549782 
1249578095467 1375070777471581238 2.9820948 -0.121037915 0.0677218 
1249644935082 1375070777535362976 2.957437 -0.12764315 0.06983935 
1249705945307 1375070777598656433 2.941242 -0.12052542 0.07005749 
1249769336120 1375070777662468689 2.9182186 -0.11123697 0.06682793 
1249841150556 1375070777725792664 2.887749 -0.10907727 0.06710583 
1249910462321 1375070777789726990 2.8622036 -0.11126918 0.061780754 
1249965917837 1375070777852928894 2.844405 -0.11487966 0.046001296 
1250068252646 1375070777916741150 2.8340669 -0.11618054 0.032367475 
1250132223347 1375070777980065125 2.8306923 -0.120718576 0.023397638 
1250172143994 1375070778043907898 2.823453 -0.12907998 0.019077009 
1250231506119 1375070778107170838 2.8193653 -0.12817703 0.0044483207 
1250313850083 1375070778171044129 2.8136787 -0.117711365 -0.0042658565 
1250370587456 1375070778234337586 2.8148253 -0.10972201 0.007280161 
1250451619044 1375070778298149842 2.8168437 -0.11416692 0.023640824 
1250468344207 1375070778361443299 2.8219728 -0.11645351 0.032974824 
1250532589591 1375070778425613194 2.824202 -0.11399884 0.0381393 
1250599154523 1375070778488876133 2.822701 -0.11996255 0.04844786 
1250662942102 1375070778552749424 2.8170342 -0.127527 0.061034624 
1250739151472 1375070778616042881 2.808541 -0.13478322 0.07335886 
1250806754097 1375070778679916172 2.7954383 -0.13487758 0.08641658 
1250853145062 1375070778743148594 2.7744892 -0.117721654 0.09236596 
1250915925469 1375070778806991367 2.7526016 -0.08310155 0.09355362 
1250978492232 1375070778870315342 2.7295578 -0.062501974 0.10573408 
1251043927909 1375070778934219151 2.7070737 -0.070762806 0.1190692 
1251110340239 1375070778997756748 2.6727104 -0.07920851 0.1335309 
1251169488721 1375070779061294346 2.6367946 -0.09244724 0.14210583 
1251232116526 1375070779124557285 2.5997968 -0.1197311 0.14459252 
1251295232656 1375070779188430576 2.5713866 -0.12957235 0.1404457 
1251360332611 1375070779251724033 2.5371673 -0.11862858 0.13570198 
1251424150709 1375070779315627842 2.5089667 -0.10362633 0.12648033 
1251487205797 1375070779378860264 2.4910774 -0.085749865 0.11305617 
1251552641477 1375070779442759811 2.5131009 -0.08091251 0.0857483 
1251614903035 1375070779505992233 2.5445464 -0.07159159 0.053780556 
1251677530840 1375070779569896041 2.5678804 -0.058887172 0.03327059 
1251741471019 1375070779633158981 2.5911005 -0.06306779 0.016653052 
1251820366181 1375070779697001754 2.6137137 -0.04589182 0.001442372 
1251867001312 1375070779760295211 2.631958 -0.01816666 -0.0023240338 
1251931033052 1375070779824137985 2.6386507 -0.011957242 0.004159649 
1251995278437 1375070779887553512 2.6309679 -0.013660401 0.016913518 
1252058943933 1375070779951304733 2.621033 -0.024683502 0.03244802 
1252130849930 1375070780014567672 2.611352 -0.031533573 0.044345263 
1252186091805 1375070780078379928 2.6036909 -0.03433717 0.04784797 
1252250733952 1375070780141673385 2.5868337 -0.056679893 0.059628893 
1252315040377 1375070780205851852 2.545835 -0.047470592 0.083509706 
1252377637661 1375070780268809616 2.505048 -0.014249997 0.09992064 
1252441699922 1375070780332774459 2.4702618 -0.03356644 0.11013627 
1252504724492 1375070780395976364 2.4391627 -0.057053063 0.124694996 
1252566558765 1375070780459788619 2.4169636 -0.062265232 0.1411765 
1252631170395 1375070780523082077 2.4021375 -0.07167905 0.15292308 
1252695782022 1375070780586924850 2.380361 -0.07325556 0.16269647 
1252758867632 1375070780650218307 2.3730147 -0.050037686 0.16540538 
1252823204577 1375070780714061080 2.3908708 -0.022614421 0.1715178 
1252884733647 1375070780777354537 2.4201488 -0.0135582965 0.17320947 
1252948399144 1375070780841258346 2.4251695 -0.025084294 0.17260033 
1253025371523 1375070780904490768 2.417653 -0.04277362 0.17094782 
1253075547014 1375070780968333541 2.4089553 -0.054364942 0.15341984 
1253140585929 1375070781031657516 2.3913765 -0.08175645 0.1491698 
1253203915701 1375070781095500289 2.360163 -0.12677297 0.1476267 
1253288457133 1375070781158763229 2.313637 -0.1508901 0.1348906 
1253329415472 1375070781222636520 2.2664936 -0.16632837 0.14838772 
1253392836806 1375070781286196118 2.2214186 -0.19334021 0.15908216 
1253458241964 1375070781350008374 2.1617854 -0.19036043 0.1576789 
1253520411962 1375070781413637524 2.1006176 -0.1838681 0.14889644 
1253590181533 1375070781477175122 2.047377 -0.18998852 0.1336674 
1253646918907 1375070781540438061 1.9934204 -0.1989752 0.12664421 
1253713941643 1375070781604341870 1.9382169 -0.21574807 0.13199551 
1253776752570 1375070781667604809 1.9029597 -0.22071835 0.1384098 
1253841760963 1375070781731447583 1.8736712 -0.19758658 0.12657993 
1253903412115 1375070781794741040 1.8455414 -0.15948592 0.104212925 
1253978370150 1375070781858614331 1.809135 -0.12353546 0.09030483 
1254028423560 1375070781921846753 1.7733215 -0.09594326 0.09023456 
1254092363740 1375070781985720044 1.7436031 -0.082400195 0.09744853 
1254157921500 1375070782049013501 1.718096 -0.08509904 0.10759991 
1254221373353 1375070782112856274 1.6890234 -0.10013712 0.11933937 
1254296392430 1375070782176149731 1.6646789 -0.092981465 0.12879589 
1254348673827 1375070782239961987 1.631366 -0.07949448 0.14030817 
1254412369844 1375070782303281779 1.5954763 -0.09507544 0.15572901 
1254475577535 1375070782367094035 1.5563803 -0.11901607 0.15741086 
1254536954003 1375070782430418009 1.5140963 -0.12499617 0.15153538 
1254602755927 1375070782494260783 1.4668022 -0.11631816 0.14082585 
1254695049533 1375070782557523722 1.4218682 -0.11838208 0.12688316 
1254729140789 1375070782621763224 1.3750035 -0.12272293 0.11153716 
1254791677032 1375070782684659952 1.3452896 -0.11369792 0.0964436 
1254857692596 1375070782748533243 1.3122313 -0.10375868 0.09256521 
1254917085242 1375070782810117716 1.2700593 -0.10598307 0.09341097 
1254982643001 1375070782875638956 1.2271397 -0.12695767 0.09185803 
1255048658567 1375070782938962931 1.1974573 -0.14689098 0.09457853 
1255113483838 1375070783002775187 1.1646197 -0.16396506 0.09831252 
1255172907003 1375070783066099161 1.1316456 -0.1758875 0.10542467 
1255236633540 1375070783129911417 1.098147 -0.18469326 0.11929108 
1255302069219 1375070783193204874 1.0565825 -0.18847947 0.12931849 
1255365826276 1375070783257078165 1.017345 -0.18450803 0.13658336 
1255428270958 1375070783320341105 0.9801956 -0.17629673 0.14101838 
1255493615076 1375070783384214396 0.94562835 -0.1657596 0.1429526 
1255569854965 1375070783447507853 0.91020656 -0.15904875 0.14364335 
1255620274621 1375070783511350626 0.8623817 -0.1552227 0.1370872 
1255682932944 1375070783574613566 0.8284984 -0.13741699 0.12993366 
1255747849777 1375070783638517374 0.7965571 -0.120701805 0.12878652 
1255810782786 1375070783701902384 0.7546779 -0.12509258 0.13674405 
1255875333372 1375070783765592570 0.6967784 -0.13303956 0.13227507 
1255937411810 1375070783828916544 0.65162987 -0.12836206 0.121726945 
1256000955224 1375070783892759318 0.6071804 -0.12547308 0.12205388 
1256064315518 1375070783956052775 0.5595255 -0.13228668 0.12470044 
1256127431648 1375070784018918986 0.5025715 -0.14337482 0.11512459 
1256217314144 1375070784083189005 0.45126298 -0.15080315 0.0990489 
1256253999632 1375070784147234406 0.40269014 -0.16126582 0.08409049 
1256317054721 1375070784210527863 0.3566821 -0.171373 0.068038404 
1256381055943 1375070784274401154 0.32131323 -0.16847402 0.053334855 
1256486503829 1375070784337694611 0.28026164 -0.1512054 0.04165183 
1256525539384 1375070784401567902 0.22886911 -0.15098983 0.039949097 
1256592806285 1375070784464830842 0.18017797 -0.1613655 0.03513413 
1256661171920 1375070784528673615 0.14719497 -0.15651551 0.027366688 
1256727797892 1375070784591967072 0.1096595 -0.15406641 0.031643298 
1256796438210 1375070784655809846 0.071435615 -0.15614699 0.04153987 
1256834191910 1375070784719103303 0.032907132 -0.15903921 0.048993573 
1256956792246 1375070784782946076 -0.0021407916 -0.16030745 0.05799919 
1256963964534 1375070784846270051 -0.03384805 -0.16215062 0.06849195 
1257017405706 1375070784910051789 -0.06593545 -0.16904043 0.079363205 
1257081040681 1375070784973345246 -0.080689356 -0.15937628 0.086741 
1257159874804 1375070785037249055 -0.08789289 -0.14442477 0.09656077 
1257212034120 1375070785100510192 -0.106625274 -0.14749044 0.10558881 
1257275485974 1375070785164352965 -0.13339399 -0.14042956 0.089716196 
1257334787057 1375070785227341247 -0.15364245 -0.117613725 0.07223834 
1257398116829 1375070785291489196 -0.18084125 -0.11170939 0.071889654 
1257463369388 1375070785354752135 -0.21039313 -0.120114535 0.07245274 
1257526668639 1375070785418625426 -0.2386296 -0.12573442 0.06241556 
1257611271110 1375070785481918883 -0.25899404 -0.1276314 0.045506466 
1257652565173 1375070785545792174 -0.27445653 -0.12915555 0.024020376 
1257715986507 1375070785609055114 -0.29042727 -0.12243759 -0.0050477446 
1257782398840 1375070785672897887 -0.28365904 -0.09454978 -0.024883568 
1257845026643 1375070785736160827 -0.2860881 -0.08534294 -0.018478574 
1257908081731 1375070785800034118 -0.31527185 -0.10889313 -0.0097903805 
1257972235554 1375070785863327575 -0.33348337 -0.123286486 -0.017059943 
1258036389376 1375070785926865172 -0.33110735 -0.12299132 -0.016450197 
1258099017182 1375070785990433288 -0.34347925 -0.13088375 -0.007862076 
1258162743719 1375070786054337096 -0.37297985 -0.14553079 -0.0025019732 
1258226226093 1375070786117600036 -0.38927308 -0.1513906 0.009854017 
1258295995664 1375070786181442809 -0.39327618 -0.14340013 0.031746797 
1258405533282 1375070786244736266 -0.40309495 -0.12634996 0.041672263 
1258415269280 1375070786308548522 -0.41316038 -0.0921004 0.030867865 
1258478599052 1375070786371841979 -0.40169197 -0.05225618 0.02939498 
1258542417150 1375070786435715270 -0.38696527 -0.050930563 0.053781454 
1258606448891 1375070786499008727 -0.39342135 -0.06681085 0.051457547 
1258669290337 1375070786562820983 -0.39328355 -0.045658365 0.010859589 
1258736252035 1375070786626114440 -0.37377882 -0.026094092 -0.0014479402 
1258802939048 1375070786689987731 -0.38565457 -0.04087959 0.003285546 
1258862118050 1375070786753555846 -0.4248066 -0.054772906 -0.013646229 
1258925997191 1375070786817154479 -0.4625442 -0.05627237 -0.037303705 
1258988502912 1375070786880417419 -0.49577573 -0.05427976 -0.05256803 
1259053969112 1375070786944260192 -0.5107978 -0.04374513 -0.061922733 
1259121968501 1375070787007553649 -0.48408642 -0.019710466 -0.05464147 
1259180445534 1375070787071662670 -0.46298903 -0.024165252 -0.019371679 
1259243134379 1375070787134925609 -0.47537175 -0.050596572 -0.0035490335 
1259307990170 1375070787198737865 -0.46758312 -0.053272884 -0.013213495 
1259372510238 1375070787262031322 -0.4368385 -0.04616693 -0.006950558 
1259435626367 1375070787325935131 -0.41622767 -0.05113707 0.005815535 
1259497887927 1375070787389167552 -0.40122885 -0.055046983 0.014742757 
1259561889148 1375070787453040843 -0.38865656 -0.041947443 0.016376749 
1259625402042 1375070787516334300 -0.40277535 -0.02800642 0.011567806 
1259688151929 1375070787580177074 -0.4123054 -0.031693354 0.020341052 
1259753984371 1375070787643470531 -0.42801118 -0.056823786 0.026380874 
1259863979793 1375070787707313304 -0.46062884 -0.07906502 0.0052064974 
1259878110725 1375070787770606761 -0.48128113 -0.0942634 -0.011196107 
1259941348937 1375070787834449535 -0.50528586 -0.121486224 -0.012248634 
1260014811474 1375070787897865062 -0.54185915 -0.14626038 -0.024584075 
1260077195114 1375070787961860423 -0.5781474 -0.16050056 -0.0464746 
1260145621790 1375070788025027585 -0.60636437 -0.1689632 -0.06730873 
1260195492078 1375070788088839841 -0.6280346 -0.16230229 -0.08614773 
1260307593406 1375070788152102781 -0.6076238 -0.120029666 -0.080318704 
1260323006194 1375070788215976072 -0.5867592 -0.0912447 -0.04903416 
1260386488568 1375070788279269529 -0.6084185 -0.08717184 -0.036472447 
1260452717776 1375070788343081785 -0.62112844 -0.07330094 -0.045145754 
1260520656125 1375070788406375242 -0.62364906 -0.065627344 -0.040569168 
1260601382510 1375070788470323159 -0.6302316 -0.06443069 -0.0310306 
1260648505965 1375070788533708169 -0.62897587 -0.05528851 -0.028087413 
1260717115761 1375070788597398354 -0.6303527 -0.044477895 -0.028754052 
1260769641323 1375070788660722329 -0.64883864 -0.03619933 -0.036532752 
1260836969264 1375070788724534585 -0.66648924 -0.031196162 -0.042732067 
1260901886097 1375070788787828042 -0.675425 -0.043834463 -0.03699067 
1260964697022 1375070788851731851 -0.6943523 -0.065181255 -0.04891672 
1261043531143 1375070788915025308 -0.7072037 -0.079378866 -0.070881836 
1261098834058 1375070788978898599 -0.71156424 -0.10023329 -0.0710514 
1261164697022 1375070789042131020 -0.70423955 -0.11700242 -0.031135079 
1261231017792 1375070789106065347 -0.69348294 -0.11663891 0.023636365 
1261294683288 1375070789169572427 -0.6982081 -0.11640728 0.03467354 
1261355510390 1375070789233110024 -0.7117211 -0.11055618 0.024317997 
1261415330320 1375070789296525552 -0.7123354 -0.076830596 0.020386882 
1261494408604 1375070789360246255 -0.7092902 -0.051336728 0.037766807 
1261565032746 1375070789423509194 -0.7338371 -0.054923255 0.059966322 
1261595461557 1375070789487380593 -0.7659391 -0.043902416 0.038771212 
1261657295831 1375070789550643533 -0.7621525 -0.009145205 0.026003627 
1261783802776 1375070789670760720 -0.7679916 0.028035406 0.033277802 
1261849543657 1375070789732375711 -0.78671515 0.030990692 0.035948988 
1261931704500 1375070789797866433 -0.8218568 0.03243083 0.0319841 
1261982734562 1375070789861465066 -0.8535009 0.032425933 0.030380687 
1262055556171 1375070789925002664 -0.8710104 1.7015263E-6 0.036669787 
1262101977657 1375070789988601296 -0.89703685 -0.034315884 0.028129723 
1262165643153 1375070790052169412 -0.9215238 -0.04436019 0.010695775 
1262237243947 1375070790115096658 -0.9413091 -0.06738715 0.007082283 
1262297185958 1375070790179275125 -0.9639887 -0.09545776 0.002748848 
1262374005734 1375070790242873757 -0.9898097 -0.105974555 -0.018842338 
1262418901204 1375070790306441873 -1.0192795 -0.10773415 -0.042834856 
1262489769507 1375070790370009988 -1.0387702 -0.09545501 -0.055759158 
1262556700685 1375070790433547586 -1.0432812 -0.05110027 -0.05976707 
1262626683898 1375070790497237771 -1.0557473 -0.029818749 -0.03402129 
1262691265006 1375070790561050027 -1.0927352 -0.03993504 -0.0070161466 
1262748368622 1375070790624251931 -1.127581 -0.028553268 -0.01659974 
1262859554339 1375070790687820046 -1.144525 -0.013389098 -0.015913442 
1262868924093 1375070790751723855 -1.1633239 -0.017939933 -0.0036063502 
1262927950493 1375070790815078347 -1.1911442 -0.025404954 -0.009892126 
1262993172528 1375070790878646462 -1.2185171 -0.026556574 -0.030131837 
1263067764319 1375070790940871804 -1.2448698 -0.029022463 -0.035430387 
1263126516035 1375070791005660623 -1.2736577 -0.0145281665 -0.033117186 
1263197781105 1375070791069228738 -1.2894387 -0.012615626 -0.025561778 
1263246186416 1375070791132827371 -1.2941834 -0.042167895 -0.014579538 
1263317634607 1375070791196670144 -1.2943871 -0.05195081 -0.026709495 
1263374555102 1375070791260116189 -1.2828655 -0.047183685 -0.03127499 
1263444965601 1375070791323765407 -1.2745223 -0.059315648 -0.020484226 
1263499963311 1375070791387333522 -1.2752842 -0.077927396 -0.024282394 
1263563872971 1375070791450932155 -1.2762699 -0.07930482 -0.036581453 
1263627477428 1375070791514500270 -1.2724158 -0.069182456 -0.049999632 
1263708356414 1375070791578068385 -1.2740977 -0.043563172 -0.05418419 
1263755296747 1375070791641667018 -1.2748893 -0.02183665 -0.047827143 
1263822929891 1375070791705174098 -1.2880658 -0.039137177 -0.0385127 
1263885710298 1375070791767002711 -1.3076904 -0.060142778 -0.047397025 
1263949070592 1375070791832340846 -1.3042334 -0.04710132 -0.0682743 
1264010813304 1375070791895908961 -1.2836984 -0.032607276 -0.054518558 
1264073410588 1375070791959446559 -1.2757268 -0.039356075 -0.031305853 
1264136282554 1375070792023350368 -1.2799121 -0.04125821 -0.021582063 
1264200466899 1375070792086582790 -1.2821498 -0.027497131 -0.015095121 
1264269015654 1375070792149693141 -1.2909241 -0.012539127 -0.0041303253 
1264334085088 1375070792213749538 -1.3173801 0.014355333 3.8803316E-4 
1264396560290 1375070792277282293 -1.3478876 0.027530594 -0.006227748 
1264459951103 1375070792340850409 -1.3693563 -2.0666723E-4 -0.004833669 
1264523891284 1375070792404723700 -1.3893692 -0.0067860456 -0.028392194 
1264581025420 1375070792468047674 -1.4035101 -0.0038774055 -0.05357592 
1264648078679 1375070792531554754 -1.4217752 -0.028265914 -0.05493375 
1264714887774 1375070792595153387 -1.438094 -0.04883286 -0.06629346 
1264813956903 1375070792658690985 -1.453943 -0.05807315 -0.07941563 
1264879850386 1375070792722289618 -1.4618205 -0.06721899 -0.09016055 
1264898956139 1375070792785857733 -1.457646 -0.053716846 -0.09310568 
1264962621636 1375070792849456366 -1.4433291 -0.028078808 -0.07487503 
1265028637201 1375070792913116034 -1.4347516 -0.03955445 -0.042790085 
1265097308039 1375070792975493963 -1.4435538 -0.050134633 -0.039671257 
1265153984371 1375070793040130194 -1.4387561 -0.032428052 -0.049686037 
1265218382356 1375070793103698309 -1.4197478 -0.02645742 -0.032031868 
1265283421269 1375070793167266424 -1.4080474 -0.03356494 -0.012538745 
1265344339933 1375070793231139715 -1.4035271 -0.03513334 -0.0050364058 
1265410660703 1375070793294402655 -1.4047983 -0.033696875 0.0068187835 
1265539029389 1375070793428222235 -1.4365281 0.014881089 -0.017034348 
1265638739445 1375070793491515692 -1.4539353 0.0076090074 -0.022932358 
1265664925924 1375070793555327948 -1.486869 -0.026913961 -0.018788312 
1265735824750 1375070793618621405 -1.5036275 -0.043006293 -0.030070411 
1265797018096 1375070793682494696 -1.5118095 -0.06183929 -0.03031316 
1265853236622 1375070793745788153 -1.5218095 -0.077122495 -0.031833757 
1265917146281 1375070793809600409 -1.5344597 -0.08981703 -0.03688786 
1265979774085 1375070793872893866 -1.5532005 -0.100040525 -0.049081605 
1266049177413 1375070793936767157 -1.5719013 -0.09522306 -0.06642629 
1266124990017 1375070794000030096 -1.5821459 -0.061732095 -0.076186344 
1266186671689 1375070794063964422 -1.5738769 -0.035975598 -0.060150504 
1266246552660 1375070794127227362 -1.5802814 -0.046933793 -0.037503272 
1266309485667 1375070794190998239 -1.5888213 -0.05036011 -0.043277297 
1266376630487 1375070794254535837 -1.5719842 -0.03422814 -0.04492883 
1266462423253 1375070794318348092 -1.5438856 -0.025457246 -0.032782406 
1266489006497 1375070794381672067 -1.5267675 -0.01400873 -0.019005511 
1266553160321 1375070794445514840 -1.5167238 0.0022792902 -0.007779573 
1266621220750 1375070794508838815 -1.5178766 0.00923568 0.001537649 
1266689006497 1375070794572681589 -1.5314524 0.0048167063 0.013791357 
1266760576771 1375070794635944528 -1.5631812 0.025323587 0.01156119 
1266820885028 1375070794699848337 -1.5725613 0.03226118 0.0029506108 
1266908570057 1375070794763111276 -1.5974147 0.011099612 -0.010438615 
1266934481853 1375070794826923532 -1.6173725 -0.015025404 -0.033645675 
1266996651851 1375070794890216989 -1.639603 -0.041346926 -0.047831483 
1267066970789 1375070794954120798 -1.6584158 -0.062944226 -0.06844625 
1267137778053 1375070795017353219 -1.6794993 -0.075356126 -0.08755989 
1267224516952 1375070795081287546 -1.6906 -0.06778652 -0.10351806 
1267267153911 1375070795144637028 -1.6976234 -0.023449086 -0.115815975 
1267315650782 1375070795208449284 -1.6848533 0.0053420584 -0.112583965 
1267377973385 1375070795271773258 -1.6860358 -0.016561784 -0.093490705 
1267442768134 1375070795335616032 -1.6875597 -0.03443266 -0.08723612 
1267518458657 1375070795398909489 -1.6669371 -0.029300606 -0.08042903 
1267579194197 1375070795462843815 -1.6369562 -0.024877666 -0.064161934 
1267643836346 1375070795526045719 -1.62099 -0.025961626 -0.05810055 
1267708478497 1375070795589949528 -1.6132828 -0.026455842 -0.059726685 
1267773975215 1375070795653258989 -1.6080064 -0.023147013 -0.06053968 
1267838129037 1375070795717162797 -1.6242745 0.008113911 -0.06954188 
1267924745853 1375070795780425737 -1.6235424 0.016041812 -0.06926526 
1267952610953 1375070795844207475 -1.6393515 -0.023573816 -0.05576142 
1268017283623 1375070795907531450 -1.6614453 -0.051089257 -0.065331675 
1268107410281 1375070795971374223 -1.676622 -0.06112085 -0.07598521 
1268142539230 1375070796034637163 -1.6808954 -0.07556049 -0.072684005 
1268215849165 1375070796098479936 -1.6930423 -0.088899896 -0.07067727 
1268280827038 1375070796161803911 -1.7173208 -0.09519075 -0.07545959 
1268342997036 1375070796225616166 -1.7389201 -0.09578937 -0.0818721 
1268396010923 1375070796288909623 -1.7707373 -0.0682329 -0.0814348 
1268466940269 1375070796352782915 -1.7770207 -0.03255779 -0.06802328 
1268531063570 1375070796416045854 -1.763604 -0.03288221 -0.037935276 
1268593874497 1375070796479919145 -1.746899 -0.037140444 -0.014082997 
1268664681761 1375070796543334672 -1.7169172 -0.022807604 -0.007287411 
1268728347257 1375070796607142785 -1.6759194 -0.014810906 0.0039030125 
1268789784767 1375070796670405725 -1.644431 -0.015994396 0.014451774 
1268863644068 1375070796734217980 -1.6240326 -0.02046093 0.012940887 
1268904114083 1375070796797450402 -1.6157274 -0.020052806 0.0074642147 
1268967779579 1375070796861293176 -1.6209121 -0.003366068 0.001773063 
1269036206254 1375070796924922326 -1.6283607 0.013821657 1.27337935E-5 
1269104510847 1375070796988490441 -1.6389953 0.013056232 -0.0029577522 
1269161461861 1375070797051722863 -1.6531587 0.0070812865 -0.023766333 
1269223387697 1375070797115596154 -1.6548779 -7.883273E-5 -0.036922637 
1269294072879 1375070797178920129 -1.6475277 -0.010103643 -0.032385517 
1269361950187 1375070797242732385 -1.6384218 -0.019155266 -0.03540425 
1269429217088 1375070797306056359 -1.6365287 -0.028268484 -0.04233021 
1269480827037 1375070797369868615 -1.6372838 -0.03410443 -0.05295221 
1269544584096 1375070797433162072 -1.6318699 -0.01587052 -0.057100456 
1269613010770 1375070797496974328 -1.6156881 0.0344776 -0.026363553 
1269676218462 1375070797560298303 -1.5861124 0.064397804 -0.0051793144 
1269732314906 1375070797624141076 -1.5756629 0.060482007 -0.0057457243 
1269794210220 1375070797687404016 -1.5656849 0.053781282 -0.009885423 
1269865597371 1375070797751277307 -1.5566046 0.046894643 -0.019622458 
1269927462167 1375070797814570764 -1.5545074 0.036378656 -0.032175742 
1269996987575 1375070797878444055 -1.559254 0.028739382 -0.03985866 
1270048109200 1375070797941706994 -1.5665718 0.037391055 -0.04040431 
1270124684813 1375070798005610803 -1.5699836 0.06228302 -0.04146033 
1270185237231 1375070798068812707 -1.5725983 0.0763829 -0.035828374 
1270248475443 1375070798133052209 -1.5912887 0.07614884 -0.039900824 
1270326424473 1375070798196009973 -1.6067605 0.06774878 -0.05496573 
1270386305444 1375070798259913781 -1.6240574 0.049786303 -0.058852687 
1270457784156 1375070798323115686 -1.6365826 0.034223933 -0.06611347 
1270505456977 1375070798387019494 -1.6420287 0.02788398 -0.07389205 
1270565124306 1375070798450251916 -1.6458691 0.029067397 -0.08325633 
1270621220750 1375070798514360711 -1.6471233 0.043980874 -0.09466257 
1270749009549 1375070798634783075 -1.6748056 0.04336031 -0.08550489 
1270815452400 1375070798698381708 -1.6944959 0.03402143 -0.09102171 
1270877988643 1375070798761919305 -1.7034929 0.03846393 -0.0970643 
1270961339779 1375070798825517938 -1.7064787 0.028998531 -0.08386806 
1271007517103 1375070798889086053 -1.7123264 0.01690359 -0.07897575 
1271069748142 1375070798952654169 -1.7135346 0.018575475 -0.07574061 
1271145133462 1375070799016313836 -1.7170426 0.030696189 -0.07492338 
1271207669705 1375070799079027460 -1.7309924 0.06084589 -0.08436055 
1271265475290 1375070799143327997 -1.7452228 0.0744789 -0.072446525 
1271335031219 1375070799206896112 -1.7670021 0.071516894 -0.06669517 
1271418412875 1375070799270464227 -1.7858499 0.0792332 -0.07672157 
1271457173750 1375070799334368036 -1.8046687 0.072612196 -0.077341355 
1271511164288 1375070799397722528 -1.8230461 0.05455209 -0.08088791 
1271575257069 1375070799461164289 -1.8348839 0.041140925 -0.08286801 
1271637488108 1375070799524732404 -1.840465 0.03596935 -0.09071934 
1271705792702 1375070799588300519 -1.837515 0.038178314 -0.10398671 
1271781910511 1375070799651899152 -1.8308362 0.06441892 -0.10668245 
1271828606680 1375070799715741926 -1.8331107 0.06688606 -0.07899204 
1271893615074 1375070799779065900 -1.8509656 0.048642296 -0.071463734 
1271957250050 1375070799842603498 -1.8602793 0.048507307 -0.07380908 
1272029003445 1375070799904828840 -1.8616333 0.03381512 -0.05375001 
1272101794533 1375070799969709211 -1.8676786 0.011574564 -0.042444617 
1272162499554 1375070800033307843 -1.8739051 0.0014168681 -0.035761103 
1272226165051 1375070800096875959 -1.8805571 -0.002258026 -0.026094006 
1272291539688 1375070800160718732 -1.8938247 0.009586456 -0.024948051 
1272360607290 1375070800223981672 -1.9179975 0.03209796 -0.03307452 
1272405319637 1375070800287519269 -1.940029 0.035956472 -0.031710524 
1272468618888 1375070800351148420 -1.9655222 0.03415282 -0.03645219 
1272527736850 1375070800414686017 -1.9803863 0.035006452 -0.04396436 
1272595278433 1375070800478284650 -1.9837463 0.024285464 -0.04516582 
1272658577686 1375070800542127424 -1.9832006 0.005873455 -0.04656956 
1272718367095 1375070800605390363 -1.9757409 -0.005879481 -0.04708287 
1272783100805 1375070800668958478 -1.9692153 -0.002296826 -0.058270846 
1272859371215 1375070800730634504 -1.9616188 0.024303926 -0.07600071 
1272919465828 1375070800796094709 -1.9511673 0.07123517 -0.09272309 
1272980964379 1375070800859693342 -1.9472948 0.08546429 -0.08532747 
1273039105688 1375070800923230939 -1.9516593 0.0751017 -0.08458653 
1273110340237 1375070800987104230 -1.954218 0.06257858 -0.08456676 
1273178125984 1375070801050397687 -1.9544584 0.038601745 -0.06460124 
1273251252797 1375070801113324933 -1.9555072 0.018934686 -0.05526227 
1273291722810 1375070801177533918 -1.9528204 0.0087340055 -0.05212929 
1273354686338 1375070801241071515 -1.9454893 0.009549921 -0.042768337 
1273419969414 1375070801304872404 -1.9475589 0.024679722 -0.034903374 
1273487419437 1375070801368684660 -1.9595503 0.053652298 -0.04277278 
1273550840772 1375070801432100187 -1.9783514 0.065821655 -0.03453132 
1273622136361 1375070801495576750 -1.9983354 0.064776525 -0.036737163 
1273672006650 1375070801559114348 -2.015051 0.06782965 -0.046049118 
1273735275381 1375070801622682463 -2.025231 0.060096506 -0.039420683 
1273799429204 1375070801686281096 -2.0365596 0.045573477 -0.032229308 
1273877805521 1375070801749818693 -2.0480144 0.034969255 -0.02939993 
1273936252033 1375070801813447844 -2.0585027 0.03495194 -0.041765448 
1274013560137 1375070801876954924 -2.0653841 0.05012774 -0.062473916 
1274089433782 1375070801939485441 -2.06 0.08113632 -0.08391904 
1274116749515 1375070802004091154 -2.0480359 0.097835176 -0.080745704 
1274180964380 1375070802067689787 -2.0420942 0.09312483 -0.07751316 
1274243836346 1375070802131227385 -2.0329616 0.088046975 -0.08181074 
1274308600576 1375070802195070158 -2.0181618 0.075197846 -0.07271028 
1274376966209 1375070802258602851 -2.007772 0.04875942 -0.061770994 
1274500726321 1375070802392117256 -1.9955002 -0.08867219 -0.019423302 
1274573181684 1375070802455929511 -1.9730687 -0.20306052 0.0152221285 
1274631689238 1375070802519253486 -1.9497702 -0.29612607 0.057208695 
1274703595235 1375070802583279365 -1.9399521 -0.3309524 0.07964932 
1274757005886 1375070802646389717 -1.9345702 -0.3242624 0.08911771 
1274829613853 1375070802710293525 -1.943171 -0.2921674 0.07533969 
1274892058534 1375070802773509296 -1.9838855 -0.26297006 0.011003495 
1274964452857 1375070802837352069 -2.035803 -0.24117047 -0.058598343 
1275007547623 1375070802900615009 -2.0776434 -0.24207874 -0.095562965 
1275084275838 1375070802964488300 -2.0859551 -0.2710145 -0.10853435 
1275140708008 1375070803027781757 -2.0899181 -0.28466454 -0.12438385 
1275198574633 1375070803091594013 -2.0791676 -0.26714572 -0.14344189 
1275268924092 1375070803154399189 -2.0539143 -0.22780147 -0.136146 
1275325234179 1375070803218760761 -2.0137286 -0.19940443 -0.08454767 
1275388014585 1375070803282023700 -1.9826556 -0.1935026 -0.05308859 
1275474936605 1375070803345896991 -1.967464 -0.19211593 -0.05377839 
1275516200148 1375070803409190448 -1.94995 -0.19573435 -0.023972867 
1275579621482 1375070803473307880 -1.9408656 -0.20940146 0.0017506394 
1275648811167 1375070803536296161 -1.93942 -0.21770877 -0.0045466716 
1275716505352 1375070803600291523 -1.9468685 -0.2076635 -0.03748752 
1275814872512 1375070803663432392 -1.9705168 -0.17316185 -0.0720289 
1275834069826 1375070803727453872 -1.990885 -0.14706337 -0.11304386 
1275900695801 1375070803790655777 -2.0107758 -0.13718596 -0.108554766 
1275967321773 1375070803854468033 -2.0221572 -0.13426292 -0.07112304 
1276029278128 1375070803917761490 -2.0339727 -0.1459192 -0.048079766 
1276097765843 1375070803981665298 -2.0492687 -0.16420995 -0.028338484 
1276171472544 1375070804044958755 -2.069981 -0.17286831 -0.024924308 
1276215666043 1375070804108740494 -2.0893345 -0.17586805 -0.038562793 
1276279056855 1375070804172064468 -2.1018398 -0.16662219 -0.065907575 
1276342935995 1375070804235937759 -2.1065304 -0.14008152 -0.09790788 
1276416917376 1375070804299170181 -2.1010454 -0.12575276 -0.089601174 
1276486320705 1375070804363135025 -2.093349 -0.1298909 -0.07457089 
1276560851453 1375070804426306411 -2.090589 -0.13720423 -0.06856454 
1276617649866 1375070804490210220 -2.0781374 -0.15006249 -0.040164717 
1276677988642 1375070804553473160 -2.077002 -0.16314454 -0.021499531 
1276731765538 1375070804617285415 -2.083711 -0.1669262 -0.021099059 
1276787495739 1375070804680884048 -2.0958984 -0.15960442 -0.02704299 
1276864101873 1375070804744482681 -2.110953 -0.14313065 -0.042376276 
1276928133613 1375070804807837173 -2.1291032 -0.123818435 -0.060140476 
1277008768437 1375070804871649429 -2.147036 -0.10951133 -0.055663165 
1277048994288 1375070804934851333 -2.1600885 -0.10933151 -0.066562176 
1277105762182 1375070804998724624 -2.1732051 -0.114540406 -0.069389686 
1277168939352 1375070805062048599 -2.172925 -0.12633531 -0.045292847 
1277246766301 1375070805125860855 -2.180475 -0.14172882 -0.037659574 
1277296148263 1375070805189184829 -2.1886086 -0.1505083 -0.04500263 
1277366039917 1375070805252997085 -2.1965404 -0.15149793 -0.06532556 
1277436023130 1375070805316290542 -2.1903658 -0.14467499 -0.09107979 
1277517268361 1375070805380194351 -2.1800144 -0.12311632 -0.11503675 
1277571930347 1375070805443396255 -2.161526 -0.10469252 -0.11002169 
1277647254628 1375070805507239029 -2.1442926 -0.09870214 -0.101264015 
1277677561358 1375070805570768138 -2.1381905 -0.09969187 -0.10097277 
1277741379455 1375070805634641429 -2.1323981 -0.11020449 -0.078570485 
1277807395022 1375070805697934886 -2.1267068 -0.1262455 -0.061062846 
1277869412418 1375070805761808177 -2.1262298 -0.13159017 -0.0590138 
1277942447668 1375070805825101634 -2.125598 -0.12681197 -0.05433525 
1278000436375 1375070805889188548 -2.1255336 -0.12182071 -0.044089325 
1278081010159 1375070805952176829 -2.1432364 -0.1048476 -0.046848398 
1278137991694 1375070806016141673 -2.155034 -0.09088252 -0.048592776 
1278205502759 1375070806079343577 -2.1676698 -0.08631122 -0.050925132 
1278249513135 1375070806143186351 -2.1755435 -0.08406889 -0.062087994 
1278313392273 1375070806206479808 -2.1711285 -0.09195465 -0.05247034 
1278377362975 1375070806270292063 -2.1604462 -0.10967446 -0.03717578 
1278447803994 1375070806333585521 -2.1549745 -0.11925382 -0.034748424 
1278508264851 1375070806397489329 -2.1495001 -0.11803758 -0.04512588 
1278568542586 1375070806460752269 -2.1444855 -0.110170886 -0.065202266 
1278638983605 1375070806524682360 -2.1387439 -0.0945239 -0.07246891 
1278702160777 1375070806587975817 -2.1282399 -0.0841797 -0.076063454 
1278779896165 1375070806651849108 -2.1196713 -0.08950368 -0.09303367 
1278835015958 1375070806715112048 -2.111296 -0.10842579 -0.07401528 
1278902862745 1375070806779015856 -2.0985303 -0.13502352 -0.040813178 
1278964513899 1375070806842278796 -2.0981436 -0.15580831 -0.042587955 
1279030682065 1375070806906152087 -2.100196 -0.15999377 -0.052076004 
1279082932942 1375070806969384508 -2.0983024 -0.15259962 -0.057591125 
1279139914477 1375070807033227282 -2.0975559 -0.13633488 -0.06110598 
1279209867171 1375070807096795397 -2.0920782 -0.12021048 -0.07905164 
1279266940266 1375070807160394030 -2.0962267 -0.10683637 -0.07400461 
1279335275381 1375070807223687487 -2.0880263 -0.097551994 -0.06855267 
1279395339473 1375070807287469225 -2.0863461 -0.08929085 -0.07535965 
1279458455604 1375070807350793200 -2.0766044 -0.088591695 -0.067836806 
1279604404025 1375070807471825915 -2.072092 -0.106984995 -0.0687973 
1279649513135 1375070807535210924 -2.0770483 -0.11492161 -0.08190645 
1279715254016 1375070807598626452 -2.0754895 -0.10396978 -0.09860293 
1279777759739 1375070807662225085 -2.0729396 -0.08959588 -0.113900624 
1279842951254 1375070807725762682 -2.06909 -0.09378714 -0.10217622 
1279915192977 1375070807789330798 -2.064245 -0.10417729 -0.09489366 
1279976966209 1375070807852898913 -2.056093 -0.120328225 -0.083740845 
1280043988948 1375070807916558581 -2.0407133 -0.14491628 -0.051742975 
1280095812540 1375070807980065661 -2.0280018 -0.16453002 -0.040400706 
1280157524732 1375070808042779284 -2.0117304 -0.17144316 -0.032163918 
1280259737460 1375070808107171374 -2.0037982 -0.16793957 -0.013449831 
1280283818033 1375070808170770006 -2.007767 -0.15709797 -0.008606306 
1280346873121 1375070808234338122 -2.0286386 -0.14660034 -0.0159494 
1280412308800 1375070808298211413 -2.0477087 -0.14271131 -0.0033891515 
1280483421268 1375070808361474352 -2.065524 -0.14285159 -0.01301993 
1280557127968 1375070808425184807 -2.07854 -0.144276 -0.028136127 
1280602755924 1375070808488722405 -2.0791442 -0.15134434 -0.022074059 
1280665231127 1375070808552290520 -2.080897 -0.16421363 -0.031347223 
1280728591419 1375070808615889153 -2.0837674 -0.1766003 -0.048516054 
1280793477730 1375070808679731927 -2.0857706 -0.18704093 -0.068066314 
1280866909746 1375070808743116936 -2.0864322 -0.17821604 -0.08945377 
1280935092258 1375070808806715569 -2.0877826 -0.16387253 -0.1007422 
1280995339473 1375070808868727288 -2.0874405 -0.16650693 -0.078266285 
1281064254474 1375070808933699212 -2.084853 -0.17206138 -0.06002466 
1281111255848 1375070808997267327 -2.0827363 -0.17596173 -0.04562342 
1281193172527 1375070809060835442 -2.077157 -0.18656446 -0.020793835 
1281237213425 1375070809124678216 -2.074931 -0.19980675 -0.019083358 
1281302557541 1375070809188124261 -2.0688689 -0.20430833 -0.020262338 
1281385054109 1375070809251417718 -2.0587943 -0.19981402 -0.0019653784 
1281428789802 1375070809315107903 -2.0546367 -0.18652764 0.008729707 
1281492394257 1375070809378793030 -2.0652487 -0.16330001 -0.0027808698 
1281555754550 1375070809442361145 -2.075266 -0.1474573 -0.0014465604 
1281623265614 1375070809505929260 -2.089465 -0.14227581 -0.003603657 
1281687755161 1375070809569588928 -2.1017349 -0.13778943 -0.013470235 
1281761583942 1375070809633034973 -2.1036103 -0.13856174 -0.009662364 
1281816947897 1375070809694680481 -2.1048777 -0.14642513 -0.010335603 
1281874143074 1375070809760171204 -2.1085877 -0.15055308 -0.014080467 
1281936862440 1375070809823769837 -2.1146479 -0.14919914 -0.026901355 
1282069351376 1375070809887337952 -2.1236756 -0.13898842 -0.04563976 
1282079606221 1375070809950906067 -2.134039 -0.1090066 -0.07236632 
1282126851758 1375070810014443665 -2.1286266 -0.08500073 -0.07149465 
1282190852978 1375070810077309876 -2.1203108 -0.08011697 -0.06446757 
1282256075014 1375070810141579895 -2.103204 -0.08224875 -0.06339334 
1282319282706 1375070810205148010 -2.0825272 -0.09111929 -0.031430833 
1282385328791 1375070810268746643 -2.0636241 -0.09544135 -0.0021824415 
1282457967277 1375070810332589417 -2.0519893 -0.09251113 0.007272234 
1282509485665 1375070810395852356 -2.0558424 -0.09296726 0.0039414377 
1282580750735 1375070810459420471 -2.0693026 -0.098583676 -0.0017235976 
1282640906390 1375070810522988587 -2.087015 -0.09037268 -0.017643208 
1282705579058 1375070810586587219 -2.097887 -0.082171656 -0.020492928 
1282774188855 1375070810650124817 -2.1110559 -0.08535861 -0.013797739 
1282852351529 1375070810713723450 -2.1252618 -0.08190943 -0.023715222 
1282906586230 1375070810777383118 -2.132138 -0.080413066 -0.026913816 
1282956548081 1375070810840890198 -2.1305797 -0.08084219 -0.0145537425 
1283018016110 1375070810903176575 -2.1295373 -0.08232385 -0.0071571316 
1283085130409 1375070810967995911 -2.1336882 -0.08582454 -0.015456662 
1283143882126 1375070811031564026 -2.1420624 -0.08456463 -0.029927032 
1283208371672 1375070811095132141 -2.148934 -0.07073825 -0.053116057 
1283342752871 1375070811228921204 -2.154786 -0.06793523 -0.014807271 
1283399337642 1375070811292478379 -2.1485207 -0.08342794 0.003508914 
1283462850537 1375070811356290635 -2.1414783 -0.08797923 4.2847864E-4 
1283526088749 1375070811419614610 -2.1307006 -0.090434104 0.020129142 
1283591005581 1375070811483426866 -2.1230779 -0.10011849 0.03228792 
1283658791327 1375070811546720323 -2.120571 -0.110789694 0.034613922 
1283725020535 1375070811610593614 -2.1193275 -0.11518619 0.03636871 
1283791158183 1375070811673917588 -2.1168504 -0.117221266 0.04212036 
1283844049988 1375070811737699327 -2.1259904 -0.10723917 0.032791886 
1283907074557 1375070811800992784 -2.1267931 -0.10096641 0.03869911 
1283975684353 1375070811864866075 -2.1273565 -0.097824685 0.05009338 
1284041852520 1375070811928129014 -2.1298509 -0.08596969 0.051379982 
1284113850080 1375070811992215928 -2.1293151 -0.07438621 0.0658919 
1284161797584 1375070812055295762 -2.123702 -0.08026743 0.07961176 
1284235290641 1375070812118619737 -2.1241808 -0.08853092 0.07983425 
1284298742494 1375070812182396425 -2.1187468 -0.09084956 0.062441822 
1284371411500 1375070812246391786 -2.1139865 -0.090129524 0.04848912 
1284437152384 1375070812309563173 -2.1091533 -0.067416266 0.03598325 
1284502984826 1375070812373497499 -2.0941746 -0.04183663 0.021346077 
1284557799415 1375070812436699404 -2.07697 -0.04149149 0.029124659 
1284622105840 1375070812500633730 -2.0619802 -0.048367504 0.03349039 
1284685893417 1375070812563866152 -2.0414705 -0.050657284 0.030937305 
1284735397462 1375070812627678408 -2.0138023 -0.05664215 0.04411272 
1284797689541 1375070812691093935 -1.9890437 -0.062258326 0.046829317 
1284866787665 1375070812754814638 -1.9706326 -0.05976981 0.036325406 
1284937411806 1375070812818108095 -1.9617506 -0.054616604 0.020130342 
1285003915697 1375070812882042421 -1.964254 -0.04675622 -0.014139975 
1285108356412 1375070812945244325 -1.9623731 -0.042396646 -0.030008601 
1285116291708 1375070813009087099 -1.9645784 -0.038217362 -0.035587206 
1285179072114 1375070813072380556 -1.9696424 -0.029145787 -0.039711606 
1285243439579 1375070813136223329 -1.9763598 -0.030149456 -0.023459151 
1285306250507 1375070813199516786 -1.9906746 -0.043252908 -0.002846508 
1285369671840 1375070813263359560 -2.003555 -0.056482684 0.013566002 
1285444965598 1375070813326714052 -2.0149133 -0.06778882 0.02916808 
1285499078218 1375070813390465273 -2.0283284 -0.074719 0.04316542 
1285566741885 1375070813453789247 -2.0398295 -0.06322848 0.04492507 
1285625035795 1375070813517601503 -2.0405822 -0.04751087 0.03338619 
1285687388915 1375070813580894960 -2.0413659 -0.04628974 0.025141878 
1285765307426 1375070813644798769 -2.0421603 -0.04419426 0.027531493 
1285827660549 1375070813708092226 -2.0350318 -0.03679301 0.036184434 
1285888731813 1375070813771965517 -2.0196514 -0.0367945 0.050545104 
1285961919665 1375070813835197939 -2.001366 -0.045438763 0.06819821 
1286021831155 1375070813899132265 -1.9859577 -0.051133987 0.090665735 
1286084947285 1375070813962334169 -1.9669231 -0.056887392 0.11254211 
1286147697173 1375070814026268495 -1.9627131 -0.06343846 0.1243862 
1286203671535 1375070814089439882 -1.9742148 -0.05265114 0.11642202 
1286259706938 1375070814153488004 -1.9839951 -0.039710324 0.115941875 
1286323158791 1375070814216811978 -1.9986647 -0.029869087 0.10402019 
1286386946372 1375070814280685269 -2.0107946 -0.020859927 0.07821757 
1286457051666 1375070814343917691 -2.0190222 -0.025572997 0.061519995 
1286521358090 1375070814407790982 -2.0200539 -0.035620052 0.04922102 
1286582307274 1375070814471084439 -2.0284145 -0.040754743 0.04149337 
1286653938588 1375070814534988248 -2.0357914 -0.05082663 0.028486444 
1286720656122 1375070814598220670 -2.0468993 -0.06299911 0.027030569 
1286785511912 1375070814662124478 -2.044941 -0.058707096 0.027667368 
1286847559829 1375070814725356900 -2.032133 -0.05064569 0.03322051 
1286912873426 1375070814789260709 -2.0246966 -0.055192187 0.046201628 
1286981727387 1375070814852798306 -2.0300417 -0.062847346 0.047138844 
1287024028623 1375070814916305386 -2.0360878 -0.06382897 0.0445756 
1287086351222 1375070814979598843 -2.036655 -0.06821852 0.05442866 
1287155998713 1375070815043472134 -2.0393765 -0.077361636 0.0635414 
1287218046629 1375070815106791889 -2.0410156 -0.073793024 0.0712869 
1287282719298 1375070815170604145 -2.0370877 -0.06478582 0.086480446 
1287356303916 1375070815233928119 -2.0452223 -0.05883191 0.10575569 
1287420366178 1375070815297862446 -2.061346 -0.047290456 0.111208856 
1287468161081 1375070815361033832 -2.088417 -0.029343003 0.113800064 
1287531612935 1375070815424876606 -2.1132069 -0.021933962 0.11742988 
1287595064790 1375070815488170063 -2.1377704 -0.02243048 0.11276402 
1287668252642 1375070815552012836 -2.1451645 -0.0272819 0.103324264 
1287738144296 1375070815615428364 -2.1468978 -0.033465285 0.09139234 
1287800375334 1375070815679240619 -2.1371374 -0.036837865 0.07848986 
1287870877394 1375070815742595112 -2.1276634 -0.045502726 0.0739994 
1287925539381 1375070815806285297 -2.1199825 -0.058347687 0.06972416 
1287976691525 1375070815869578754 -2.113992 -0.054938022 0.06767808 
1288043592181 1375070815933421528 -2.1095412 -0.04767821 0.083413914 
1288104602406 1375070815996745502 -2.111371 -0.06310254 0.10631923 
1288170862134 1375070816060893452 -2.126172 -0.07866173 0.113911375 
1288238861524 1375070816123851215 -2.1412563 -0.078763925 0.11219814 
1288317909287 1375070816187724506 -2.155009 -0.081828915 0.11986398 
1288370343288 1375070816251017963 -2.1740913 -0.08762265 0.1326727 
1288422075319 1375070816314830219 -2.194034 -0.08536564 0.14320722 
1288485160928 1375070816378123676 -2.2131457 -0.07972922 0.14938714 
