#SysTm EventTmStmp Pressure
1217689677951 1375070745377167863 891.3301 
1217746842610 1375070745440461320 891.1802 
1217758653994 1375070745504273576 891.2102 
1217765215874 1375070745568050914 891.1502 
1217804648195 1375070745631557994 891.1802 
1217811545799 1375070745694820933 891.3001 
1217862881065 1375070745758724742 891.1502 
1217926760204 1375070745822018199 891.2402 
1217993325136 1375070745885830455 891.1502 
1218056593869 1375070745949062877 891.1802 
1218116230676 1375070746013058238 891.26013 
1218180323458 1375070746076245639 891.12024 
1218245820176 1375070746140118930 891.12024 
1218308875266 1375070746203442904 891.1802 
1218373608976 1375070746267255160 891.2002 
1218466390907 1375070746330548617 891.2002 
1218497033362 1375070746394543979 891.2002 
1218560637817 1375070746457654330 891.26013 
1218624974762 1375070746521527621 891.26013 
1218690563043 1375070746584851596 891.1102 
1218753862295 1375070746648663852 891.23016 
1218815177723 1375070746711896274 891.23016 
1218879453626 1375070746775830600 891.2002 
1218942234032 1375070746839093539 891.22015 
1219007059304 1375070746902966830 891.2002 
1219069870230 1375070746964917514 891.1402 
1219134664980 1375070747030129351 891.1402 
1219230163225 1375070747093422808 891.17017 
1219260775158 1375070747157357134 891.13025 
1219323158801 1375070747220620074 891.22015 
1219387282102 1375070747284401812 891.22015 
1219460958281 1375070747347695269 891.13025 
1219516963164 1375070747411568560 891.2501 
1219578736397 1375070747474831500 891.28015 
1219642768140 1375070747538674273 891.1602 
1219706189473 1375070747601998248 891.22015 
1219771136826 1375070747665749468 891.07025 
1219834100353 1375070747729103961 891.1602 
1219897521686 1375070747792977252 891.2102 
1219960759898 1375070747856301226 891.3001 
1220022807815 1375070747920082964 891.1802 
1220086046028 1375070747983406939 891.2102 
1220149833606 1375070748047249712 891.1802 
1220215055641 1375070748110543169 891.2102 
1220277439281 1375070748173714556 891.2402 
1220344462019 1375070748237679400 891.2002 
1220406662540 1375070748301522173 891.23016 
1220470999484 1375070748365364947 891.23016 
1220539456679 1375070748428658404 891.1402 
1220605197560 1375070748491860308 891.3401 
1220658760816 1375070748555794634 891.2501 
1220722060067 1375070748619057574 891.17017 
1220786000246 1375070748682869830 891.08026 
1220858699773 1375070748746193804 891.22015 
1220912720832 1375070748810067095 891.2501 
1220976477891 1375070748873787798 891.22015 
1221063735635 1375070748937438985 891.2501 
1221118580743 1375070749000854513 891.28015 
1221187648346 1375070749064575216 891.27014 
1221243927914 1375070749127929708 891.1602 
1221312873434 1375070749191741964 891.0503 
1221374433025 1375070749255004903 891.27014 
1221443164904 1375070749318847677 891.2102 
1221505853748 1375070749382141134 891.1802 
1221562163835 1375070749445983907 891.13025 
1221625218925 1375070749509246846 891.27014 
1221752794081 1375070749574279805 891.2102 
1221762652162 1375070749636444112 891.3201 
1221810294462 1375070749700561544 891.27014 
1221884245325 1375070749763519307 891.2002 
1221944248377 1375070749827484151 891.23016 
1222006448897 1375070749890651339 891.2002 
1222057601040 1375070749954555147 891.2002 
1222120839251 1375070750017848605 891.2002 
1222185389839 1375070750082576388 891.26013 
1222266024662 1375070750144984835 891.23016 
1222332894799 1375070750208888644 891.17017 
1222401535116 1375070750272182101 891.1402 
1222461171924 1375070750336024874 891.17017 
1222502130264 1375070750399257296 891.22015 
1222570587458 1375070750463069552 891.13025 
1222629949583 1375070750526363009 891.1402 
1222696148270 1375070750590236300 891.1902 
1222763934017 1375070750653529757 891.1902 
1222827141708 1375070750717342013 891.1602 
1222897308044 1375070750782100314 891.22015 
1222962957366 1375070750844539278 891.2501 
1223030346347 1375070750908076876 891.2501 
1223097460647 1375070750971736544 891.2402 
1223155357793 1375070751034999483 891.1802 
1223201748758 1375070751098750704 891.1502 
1223274967132 1375070751162013644 891.1502 
1223404770275 1375070751225917452 891.1002 
1223413193898 1375070751290248507 891.1502 
1223468618893 1375070751353023165 891.1802 
1223519038550 1375070751416347140 891.06024 
1223582795607 1375070751480159396 891.1402 
1223647865042 1375070751543452853 891.27014 
1223719282712 1375070751607326144 891.1802 
1223795003757 1375070751670619601 891.1502 
1223852900902 1375070751734523409 891.1802 
1223918458661 1375070751797961070 891.1402 
1223989204885 1375070751861895396 891.1402 
1224049299498 1375070751925097300 891.2002 
1224112964996 1375070751989092662 891.23016 
1224191402352 1375070752052233531 891.06024 
1224218870687 1375070752116411998 891.2002 
1224281834216 1375070752179400279 891.1402 
1224345865956 1375070752243304088 891.22015 
1224412888695 1375070752306536509 891.2002 
1224485588221 1375070752370409800 891.1902 
1224555510394 1375070752433672740 891.22015 
1224612491929 1375070752497607066 891.1402 
1224682108898 1375070752560808970 891.3101 
1224745896477 1375070752624743296 891.1602 
1224814353672 1375070752687975718 891.1902 
1224872861227 1375070752751875244 891.02026 
1224936984528 1375070752815138184 891.2402 
1225021159716 1375070752879041992 891.1602 
1225065383735 1375070752942304932 891.2402 
1225125020542 1375070753006117188 891.3001 
1225171899834 1375070753069380127 891.3301 
1225236450421 1375070753133283936 891.2102 
1225303717322 1375070753196485840 891.2402 
1225363262569 1375070753260420166 891.2102 
1225438312164 1375070753323927246 891.2102 
1225515925471 1375070753387647949 891.27014 
1225576294767 1375070753450788819 891.2102 
1225642585016 1375070753514723145 891.2002 
1225680827043 1375070753577955567 891.13025 
1225744675661 1375070753641828858 891.1502 
1225817894035 1375070753705091797 891.17017 
1225935214347 1375070753768904053 891.3501 
1225954838946 1375070753832197510 891.26013 
1225998910363 1375070753896070801 891.23016 
1226070602718 1375070753959272705 891.23016 
1226134939663 1375070754023207031 891.23016 
1226207517109 1375070754086500489 891.2002 
1226261355045 1375070754150312744 891.23016 
1226323799727 1375070754213606201 891.26013 
1226387923029 1375070754277448975 891.2002 
1226460164750 1375070754340742432 891.23016 
1226522609433 1375070754404707276 891.23016 
1226588411355 1375070754467878662 891.1402 
1226651588526 1375070754531721436 891.2501 
1226722853596 1375070754594984375 891.17017 
1226761950192 1375070754659062598 891.17017 
1226833703588 1375070754722478126 891.3101 
1226896087229 1375070754786137794 891.1602 
1226976783093 1375070754849461768 891.3401 
1227032269130 1375070754913396095 891.28015 
1227094957974 1375070754976567481 891.28015 
1227161614469 1375070755040471290 891.27014 
1227235565330 1375070755103734229 891.1902 
1227289403267 1375070755167607520 891.22015 
1227359264399 1375070755230839942 891.1602 
1227423570824 1375070755294774268 891.13025 
1227484123243 1375070755357976173 891.1902 
1227541440502 1375070755421910499 891.1902 
1227618443401 1375070755485112403 891.1902 
1227665292173 1375070755548955177 891.2402 
1227714918298 1375070755612335909 891.2102 
1227778919520 1375070755676239718 891.13025 
1227842188251 1375070755739441622 891.27014 
1227923158799 1375070755803436983 891.27014 
1227988319794 1375070755866638888 891.2102 
1228050794997 1375070755929199923 891.2402 
1228113850086 1375070755993805636 891.1502 
1228176020084 1375070756057678927 891.2402 
1228241333680 1375070756121659914 891.27014 
1228305151779 1375070756184892335 891.2102 
1228358928675 1375070756248185792 891.1502 
1228414903038 1375070756311998048 891.2002 
1228478385412 1375070756375284210 891.23016 
1228542234031 1375070756439188018 891.2002 
1228607211905 1375070756502481475 891.23016 
1228678568535 1375070756566324249 891.17017 
1228755174669 1375070756629587188 891.23016 
1228823051978 1375070756693521514 891.2002 
1228884031681 1375070756756753936 891.17017 
1228936831926 1375070756820657745 891.08026 
1229011606838 1375070756883845284 891.17017 
1229069931270 1375070756947871163 891.1802 
1229128621946 1375070757011073067 891.26013 
1229266909752 1375070757074854805 891.17017 
1229277958127 1375070757137507393 891.23016 
1229308783703 1375070757202113106 891.29016 
1229372143996 1375070757265345528 891.2002 
1229441577845 1375070757329859688 891.26013 
1229519648956 1375070757392420723 891.17017 
1229581971556 1375070757456416084 891.23016 
1229639319335 1375070757519617989 891.2002 
1229702282866 1375070757583460762 891.1402 
1229778187031 1375070757646754219 891.1102 
1229833184741 1375070757710658028 891.1902 
1229905182299 1375070757773798897 891.1902 
1229957799421 1375070757837729029 891.1102 
1230018565484 1375070757901053003 891.1902 
1230076920435 1375070757964804224 891.22015 
1230133413644 1375070758028097681 891.28015 
1230194729071 1375070758092032007 891.1902 
1230262789502 1375070758155233911 891.2501 
1230327340090 1375070758219168238 891.2501 
1230401290952 1375070758282492212 891.28015 
1230474631407 1375070758346273950 891.2501 
1230525966673 1375070758409506372 891.22015 
1230596255090 1375070758473471216 891.1602 
1230655128888 1375070758537130884 891.1602 
1230722823075 1375070758600576929 891.13025 
1230785054113 1375070758663809351 891.1602 
1230856593866 1375070758727743677 891.2102 
1230909577233 1375070758790915064 891.1802 
1230957616298 1375070758854818872 891.12024 
1231022288968 1375070758918081812 891.2402 
1231084855732 1375070758981924585 891.1502 
1231170373815 1375070759045828394 891.1802 
1231235351687 1375070759109121851 891.2102 
1231291905937 1375070759172354273 891.27014 
1231357707859 1375070759236288599 891.0902 
1231426500780 1375070759299490503 891.1802 
1231486778514 1375070759363394312 891.1002 
1231536679325 1375070759426626734 891.1002 
1231604251428 1375070759490500025 891.27014 
1231668802015 1375070759553793482 891.2102 
1231739822921 1375070759617605738 891.29016 
1231785511919 1375070759680899195 891.29016 
1231849299497 1375070759745890467 891.2402 
1231919435312 1375070759808207362 891.1802 
1231978309112 1375070759872141688 891.29016 
1232046613704 1375070759935374110 891.23016 
1232146110119 1375070759999399989 891.2002 
1232165429514 1375070760062510340 891.29016 
1232230346347 1375070760126414149 891.2102 
1232314735176 1375070760189707606 891.2002 
1232376935695 1375070760254526942 891.2002 
1232441150557 1375070760316813319 891.12024 
1232483329712 1375070760380656092 891.1402 
1232546720526 1375070760443980067 891.23016 
1232611332154 1375070760507822840 891.2002 
1232674082040 1375070760571085780 891.2002 
1232737503374 1375070760634959071 891.2501 
1232806815139 1375070760698220322 891.23016 
1232879636748 1375070760762215684 891.3701 
1232941898307 1375070760825478623 891.2002 
1233005289120 1375070760889290879 891.2501 
1233071426767 1375070760952523301 891.2501 
1233135916313 1375070761016457627 891.28015 
1233205930049 1375070761079934190 891.3101 
1233246430582 1375070761143654893 891.22015 
1233310096080 1375070761206734727 891.1602 
1233373364811 1375070761270638535 891.3701 
1233453511309 1375070761333901475 891.2501 
1233500543203 1375070761397713731 891.1902 
1233563659332 1375070761461098740 891.1902 
1233634558157 1375070761524880479 891.22015 
1233704266688 1375070761588143418 891.2501 
1233783222891 1375070761652138779 891.2501 
1233833123700 1375070761715279648 891.22015 
1233903595239 1375070761779152940 891.1902 
1233958898155 1375070761842446397 891.1002 
1234026378697 1375070761906350205 891.3101 
1234088365575 1375070761969613145 891.2501 
1234167596460 1375070762033486436 891.28015 
1234243164902 1375070762096718857 891.3301 
1234263430429 1375070762160653184 891.27014 
1234326516039 1375070762223855088 891.27014 
1234391188708 1375070762288033555 891.27014 
1234458028324 1375070762350991318 891.2402 
1234525844591 1375070762414834092 891.2102 
1234595980406 1375070762478127549 891.2402 
1234644874043 1375070762542000840 891.27014 
1234708112254 1375070762605438323 891.3001 
1234772510241 1375070762669342131 891.2402 
1234843470106 1375070762732635588 891.22015 
1234914399451 1375070762796508879 891.2102 
1234977301939 1375070762859741301 891.2402 
1235074936610 1375070762923645110 891.2402 
1235130941493 1375070762986877532 891.27014 
1235153435007 1375070763050720305 891.1802 
1235216673219 1375070763114044280 891.27014 
1235280674441 1375070763177826018 891.2402 
1235346690005 1375070763241241545 891.1802 
1235414170548 1375070763305023284 891.2102 
1235478049688 1375070763368286223 891.1802 
1235548154982 1375070763432220549 891.2402 
1235625768290 1375070763495727629 891.1802 
1235679026339 1375070763559505229 891.1502 
1235745743873 1375070763622798686 891.27014 
1235812034122 1375070763686671977 891.12024 
1235852656737 1375070763749873882 891.29016 
1235916413796 1375070763813716655 891.1502 
1235979560446 1375070763877010112 891.26013 
1236046613704 1375070763940913921 891.23016 
1236124562735 1375070764004207378 891.29016 
1236196651856 1375070764068127363 891.1502 
1236233703587 1375070764131268232 891.0902 
1236297582726 1375070764195141523 891.23016 
1236361309263 1375070764258434980 891.26013 
1236427843675 1375070764322338789 891.27014 
1236503442638 1375070764385571211 891.17017 
1236586152846 1375070764449536055 891.26013 
1236616856341 1375070764512707441 891.0403 
1236705823226 1375070764576580732 891.26013 
1236742356112 1375070764639843672 891.2002 
1236806448894 1375070764703716963 891.2002 
1236884397925 1375070764767040937 891.2002 
1236953282406 1375070764830944746 891.2002 
1237014170548 1375070764892590254 891.2002 
1237075424936 1375070764958019941 891.2002 
1237141501541 1375070765021278877 891.29016 
1237188258752 1375070765085152168 891.2002 
1237255464612 1375070765148506660 891.23016 
1237332101266 1375070765212288398 891.17017 
1237397659027 1375070765275642890 891.17017 
1237463064184 1375070765339485664 891.2002 
1237563293088 1375070765402657051 891.2002 
1237580994904 1375070765466591377 891.17017 
1237632391210 1375070765529884834 891.17017 
1237698040532 1375070765593636054 891.1102 
1237759600122 1375070765656960029 891.1402 
1237825859851 1375070765720894355 891.2002 
1237904785534 1375070765784157295 891.1602 
1238007364506 1375070765848061103 891.2002 
1238024120190 1375070765911293525 891.2002 
1238080827041 1375070765975166816 891.1602 
1238144004212 1375070766038399238 891.1902 
1238207456066 1375070766101418037 891.1102 
1238305731666 1375070766165565986 891.28015 
1238341593103 1375070766229378242 891.1602 
1238396834976 1375070766293037910 891.2501 
1238462484298 1375070766356544990 891.22015 
1238530361605 1375070766419807929 891.22015 
1238600527942 1375070766483772773 891.1602 
1238677683444 1375070766546944160 891.1902 
1238733627286 1375070766610878486 891.22015 
1238799032443 1375070766674080390 891.22015 
1238841058996 1375070766737984199 891.13025 
1238904175126 1375070766801552314 891.1602 
1238967840622 1375070766865028877 891.27014 
1239039471936 1375070766928588087 891.1602 
1239174524585 1375070766992461378 891.1902 
1239180567618 1375070767055693800 891.1602 
1239255189928 1375070767119567091 891.2102 
1239285771341 1375070767182860548 891.1902 
1239354808423 1375070767246703321 891.1902 
1239432604854 1375070767309813673 891.2102 
1239476432108 1375070767373839552 891.2102 
1239540433328 1375070767437102491 891.1902 
1239604739753 1375070767502074415 891.2102 
1239680216634 1375070767564269239 891.2102 
1239742630796 1375070767628356153 891.2102 
1239814475752 1375070767691405470 891.1602 
1239883543354 1375070767755248243 891.3001 
1239961583947 1375070767818480665 891.2102 
1239988045109 1375070767882410666 891.27014 
1240054823684 1375070767945673606 891.1902 
1240112964993 1375070768010218283 891.3001 
1240175470716 1375070768072748801 891.1902 
1240246888387 1375070768136683127 891.1902 
1240324318572 1375070768199976584 891.3001 
1240366894491 1375070768263849875 891.27014 
1240434954922 1375070768327082297 891.07025 
1240506464154 1375070768390894553 891.2402 
1240557097451 1375070768454157492 891.2402 
1240655098368 1375070768518030783 891.1802 
1240704846574 1375070768581324240 891.1802 
1240801779276 1375070768645197531 891.2102 
1240812644529 1375070768709589621 891.2402 
1240875608057 1375070768772333762 891.27014 
1240938907309 1375070768835901877 891.2102 
1241006998261 1375070768899500510 891.1802 
1241082414100 1375070768962763449 891.29016 
1241145377630 1375070769026636740 891.12024 
1241208646361 1375070769089869162 891.1802 
1241278507492 1375070769153742453 891.1502 
1241338113780 1375070769217890402 891.1002 
1241406052128 1375070769280909201 891.2102 
1241456685426 1375070769344172141 891.2102 
1241544065252 1375070769408014914 891.2102 
1241611057470 1375070769471247336 891.17017 
1241637793317 1375070769535151145 891.0902 
1241701245170 1375070769598383567 891.17017 
1241764971709 1375070769662317893 891.17017 
1241830895712 1375070769725519797 891.17017 
1241904846574 1375070769789598280 891.17017 
1241982520922 1375070769852861219 891.23016 
1242039838180 1375070769918290907 891.12024 
1242097338562 1375070769979997450 891.1402 
1242168451030 1375070770044267469 891.2501 
1242227141705 1375070770107194716 891.0902 
1242273868396 1375070770171037489 891.2002 
1242336954005 1375070770234239393 891.0503 
1242418901206 1375070770298265272 891.17017 
1242464315519 1375070770361467177 891.1402 
1242527889455 1375070770425309950 891.1402 
1242604800794 1375070770488572889 891.1402 
1242663277826 1375070770552446180 891.08026 
1242736679322 1375070770615770155 891.2002 
1242798696720 1375070770679612928 891.2501 
1242855464611 1375070770742993674 891.2002 
1242917024204 1375070770806836448 891.0902 
1242982002075 1375070770870129905 891.22015 
1243036572501 1375070770933972678 891.1002 
1243099902274 1375070770997296653 891.1602 
1243172693361 1375070771061078391 891.2501 
1243234649717 1375070771124402366 891.1902 
1243291936456 1375070771188275657 891.1902 
1243361339782 1375070771251829280 891.22015 
1243423296139 1375070771315427913 891.22015 
1243488731817 1375070771378690853 891.1002 
1243553251885 1375070771442564144 891.22015 
1243615788127 1375070771505796566 891.13025 
1243681956295 1375070771569700374 891.1902 
1243743241203 1375070771632963314 891.22015 
1243857143232 1375070771696806087 891.1102 
1243864437601 1375070771760130062 891.1602 
1243926638120 1375070771824003353 891.1902 
1243991097145 1375070771887235775 891.13025 
1244053999634 1375070771951109066 891.2501 
1244126363436 1375070772014372005 891.1002 
1244195369998 1375070772078214778 891.13025 
1244266543506 1375070772141630306 891.1002 
1244339914482 1375070772205591401 891.1002 
1244372113475 1375070772268701753 891.1902 
1244435260124 1375070772332605561 891.1602 
1244499688630 1375070772395899018 891.2501 
1244579468884 1375070772459772309 891.1602 
1244641974608 1375070772523065766 891.2102 
1244708234335 1375070772586908540 891.1502 
1244766345124 1375070772650232515 891.22015 
1244833612024 1375070772714029883 891.1602 
1244917420966 1375070772777323340 891.2102 
1244944858782 1375070772841227149 891.1902 
1245009104166 1375070772904398536 891.2402 
1245082597222 1375070772968302344 891.2102 
1245141623622 1375070773031595801 891.1902 
1245206387853 1375070773095408057 891.2102 
1245264986967 1375070773158670997 891.1502 
1245325234182 1375070773222605323 891.2102 
1245388624995 1375070773285868262 891.2102 
1245452778818 1375070773349741553 891.2102 
1245536435159 1375070773413035010 891.2102 
1245591799114 1375070773476908301 891.13025 
1245658577689 1375070773540110206 891.2102 
1245709882435 1375070773603952979 891.2102 
1245769885486 1375070773667272554 891.13025 
1245834069831 1375070773731237398 891.2102 
1245901031527 1375070773794500337 891.2102 
1245971503066 1375070773856725679 891.2102 
1246036908225 1375070773921667085 891.2102 
1246105975827 1375070773985570894 891.12024 
1246166223043 1375070774049871431 891.12024 
1246230529467 1375070774112676607 891.1002 
1246292028017 1375070774175939546 891.01025 
1246362072271 1375070774239751802 891.1502 
1246422746773 1375070774302984224 891.1502 
1246538541064 1375070774366888032 891.1502 
1246545469189 1375070774430150972 891.2402 
1246599398687 1375070774493993745 891.2102 
1246672678101 1375070774557287202 891.0902 
1246736007874 1375070774621160493 891.12024 
1246798330474 1375070774684392915 891.1802 
1246851558004 1375070774748296724 891.1502 
1246914491011 1375070774811559663 891.1802 
1246978339630 1375070774875432954 891.27014 
1247043225943 1375070774938634859 891.2102 
1247108814222 1375070775002599702 891.1502 
1247179011078 1375070775065008150 891.2102 
1247242981778 1375070775129766450 891.2102 
1247295843063 1375070775192968355 891.2102 
1247361858630 1375070775257390962 891.1502 
1247427874194 1375070775320074068 891.2102 
1247494591728 1375070775383977876 891.2102 
1247563995055 1375070775447271333 891.27014 
1247624913718 1375070775511144624 891.3001 
1247689006501 1375070775574582332 891.2102 
1247755022065 1375070775638516658 891.27014 
1247804556629 1375070775701718563 891.01025 
1247879331542 1375070775765622371 891.2102 
1247942081427 1375070775828854793 891.23016 
1248019389530 1375070775892758602 891.1802 
1248108570060 1375070775956021541 891.2402 
1248122365268 1375070776019864315 891.1802 
1248185603479 1375070776083066219 891.2002 
1248250794993 1375070776147000545 891.23016 
1248313209155 1375070776210263485 891.1802 
1248379194201 1375070776273923152 891.2102 
1248455495132 1375070776337399715 891.2102 
1248519648954 1375070776401303524 891.0902 
1248588258750 1375070776465054744 891.3201 
1248644813000 1375070776528496521 891.2002 
1248709363590 1375070776591667908 891.2002 
1248782978727 1375070776655602234 891.26013 
1248837427070 1375070776718926209 891.2002 
1248886290186 1375070776782677429 891.2002 
1248966711367 1375070776846092957 891.2002 
1249019481093 1375070776909752625 891.1102 
1249097948969 1375070776973564881 891.2002 
1249158226704 1375070777036980408 891.2002 
1249219786295 1375070777100212830 891.17017 
1249281712130 1375070777164177674 891.26013 
1249366039920 1375070777227349060 891.0303 
1249409165205 1375070777291222351 891.1402 
1249457143231 1375070777354515808 891.17017 
1249535855272 1375070777418358582 891.23016 
1249584291102 1375070777481652039 891.1402 
1249649330015 1375070777545464295 891.23016 
1249712110422 1375070777608818787 891.23016 
1249777149335 1375070777674401062 891.26013 
1249847529314 1375070777735924500 891.17017 
1249912659788 1375070777799858826 891.2002 
1249967993223 1375070777863060730 891.26013 
1250070663757 1375070777926872986 891.12024 
1250134481855 1375070777990166443 891.2002 
1250201016267 1375070778054039734 891.23016 
1250258303006 1375070778117272156 891.23016 
1250316047549 1375070778181877869 891.23016 
1250372723882 1375070778244438904 891.26013 
1250454732121 1375070778308281677 891.26013 
1250474387241 1375070778371575134 891.23016 
1250538205340 1375070778435745029 891.17017 
1250604892354 1375070778498977451 891.29016 
1250668161086 1375070778562881260 891.23016 
1250742508714 1375070778626174717 891.2002 
1250811271112 1375070778690017490 891.23016 
1250865566853 1375070778753280430 891.23016 
1250934085090 1375070778817123203 891.17017 
1250983741736 1375070778880447178 891.1402 
1251047956598 1375070778944320469 891.17017 
1251114033204 1375070779007858067 891.2002 
1251174524583 1375070779071395664 891.17017 
1251237243949 1375070779134658604 891.17017 
1251301428291 1375070779198562412 891.1902 
1251365154830 1375070779261855869 891.17017 
1251428881366 1375070779325759678 891.1902 
1251494683288 1375070779389048873 891.1902 
1251556517564 1375070779452861129 891.22015 
1251619267449 1375070779516124069 891.1102 
1251683360231 1375070779579997360 891.1602 
1251814048464 1375070779643290817 891.22015 
1251823418219 1375070779707103073 891.22015 
1251873105386 1375070779770396530 891.3101 
1251936984525 1375070779834269821 891.1002 
1252002511765 1375070779897624313 891.2501 
1252064132396 1375070779961436569 891.3401 
1252133077917 1375070780024668991 891.1902 
1252191493910 1375070780088511764 891.2501 
1252256227619 1375070780151805221 891.1902 
1252319435311 1375070780215983688 891.1002 
1252383009246 1375070780278910934 891.3001 
1252446125376 1375070780342906295 891.3001 
1252508936303 1375070780406108200 891.2102 
1252575623316 1375070780469920455 891.2402 
1252641638882 1375070780533213912 891.2102 
1252700268517 1375070780597056686 891.27014 
1252763262567 1375070780660319625 891.2102 
1252826805981 1375070780724162399 891.2402 
1252891173445 1375070780787455856 891.2102 
1252954075933 1375070780851359664 891.27014 
1253027660551 1375070780914622604 891.1502 
1253081620569 1375070780978465377 891.1502 
1253144919822 1375070781041789352 891.2102 
1253232452251 1375070781105632125 891.1802 
1253292638424 1375070781168834030 891.2402 
1253335580587 1375070781232768356 891.2102 
1253398727238 1375070781296327954 891.1802 
1253463430427 1375070781360140210 891.2402 
1253526180312 1375070781423738843 891.2402 
1253592623163 1375070781487306958 891.2102 
1253675577536 1375070781550539380 891.2402 
1253719252188 1375070781614443188 891.2002 
1253780842300 1375070781677736645 891.23016 
1253845667571 1375070781741548901 891.23016 
1253907684967 1375070781804872876 891.23016 
1253981910513 1375070781868715649 891.17017 
1254034405553 1375070781931948071 891.3201 
1254103106911 1375070781995851880 891.2002 
1254161889149 1375070782059114819 891.2002 
1254225951409 1375070782122988110 891.26013 
1254303839400 1375070782186251050 891.2002 
1254353129801 1375070782250089640 891.1502 
1254418077154 1375070782313383097 891.2002 
1254479850388 1375070782377225870 891.06024 
1254543088598 1375070782440519327 891.26013 
1254620549304 1375070782504392618 891.23016 
1254697399602 1375070782567625040 891.29016 
1254734451333 1375070782631895060 891.2002 
1254798269432 1375070782694791788 891.26013 
1254861690766 1375070782758665079 891.17017 
1254922823072 1375070782820219035 891.2002 
1254988350311 1375070782885770792 891.17017 
1255054823682 1375070782949094767 891.28015 
1255118672301 1375070783012876505 891.1902 
1255179133159 1375070783076200480 891.2002 
1255243286982 1375070783140012736 891.17017 
1255307593406 1375070783203306193 891.2501 
1255370831617 1375070783267210001 891.0303 
1255433734105 1375070783330472941 891.1902 
1255499597069 1375070783394315714 891.22015 
1255572968043 1375070783457639689 891.1602 
1255624791636 1375070783521421427 891.22015 
1255687999326 1375070783584745402 891.13025 
1255754228534 1375070783648618693 891.1902 
1255820396703 1375070783712034220 891.1902 
1255879209459 1375070783775724406 891.1902 
1255942295069 1375070783839048380 891.1902 
1256006174208 1375070783902860636 891.12024 
1256069412420 1375070783966184611 891.08026 
1256134085089 1375070784029020304 891.1902 
1256219603172 1375070784093320841 891.1002 
1256259951105 1375070784157366242 891.2402 
1256324349089 1375070784220842805 891.12024 
1256387037935 1375070784284532990 891.27014 
1256488670775 1375070784347795930 891.27014 
1256556456522 1375070784411699738 891.27014 
1256624608513 1375070784474932160 891.1802 
1256691966976 1375070784538805451 891.2102 
1256730727848 1375070784602068390 891.27014 
1256798574636 1375070784665941681 891.07025 
1256842279808 1375070784729326691 891.1502 
1256959844283 1375070784793047394 891.1802 
1256966436685 1375070784856401887 891.2102 
1257022868852 1375070784920183625 891.1802 
1257086137583 1375070784983446564 891.2102 
1257163567769 1375070785047350373 891.1802 
1257228026795 1375070785110642028 891.1802 
1257314338407 1375070785174454284 891.17017 
1257341654140 1375070785237442565 891.2102 
1257405228076 1375070785301621032 891.23016 
1257468313688 1375070785364883971 891.23016 
1257533688325 1375070785429398131 891.2002 
1257613590658 1375070785492050719 891.26013 
1257658699768 1375070785555893493 891.23016 
1257723463998 1375070785619156432 891.23016 
1257785633999 1375070785683029723 891.2002 
1257849635219 1375070785746292663 891.23016 
1257913300715 1375070785810135436 891.26013 
1257976661008 1375070785873428893 891.23016 
1258041394717 1375070785937882018 891.2002 
1258105426460 1375070786000565124 891.23016 
1258167474377 1375070786064438415 891.26013 
1258231078832 1375070786127731872 891.23016 
1258299352905 1375070786191544128 891.26013 
1258407974912 1375070786254868102 891.2002 
1258421342834 1375070786318680358 891.26013 
1258484703127 1375070786381943297 891.23016 
1258548490704 1375070786445847106 891.23016 
1258612095160 1375070786509110045 891.23016 
1258676340544 1375070786572922301 891.26013 
1258740311245 1375070786637405944 891.17017 
1258806204728 1375070786700119567 891.23016 
1258866940269 1375070786763657165 891.28015 
1258931612939 1375070786827255797 891.1502 
1258993721896 1375070786890549254 891.2501 
1259057814679 1375070786954361510 891.28015 
1259126851760 1375070787017860179 891.26013 
1259184993069 1375070787081763988 891.1902 
1259248322842 1375070787145667797 891.22015 
1259313300715 1375070787208839183 891.3101 
1259376691529 1375070787272163158 891.22015 
1259439899220 1375070787336036449 891.17017 
1259507776529 1375070787399268871 891.22015 
1259566345123 1375070787463142162 891.17017 
1259630132700 1375070787526466136 891.17017 
1259693584555 1375070787590278392 891.3101 
1259758257223 1375070787653602367 891.22015 
1259867642237 1375070787717414623 891.1902 
1259883695953 1375070787780708080 891.22015 
1259948460183 1375070787845802074 891.2501 
1260020762947 1375070787907996898 891.2501 
1260083604392 1375070787972110105 891.1602 
1260156059757 1375070788035159421 891.1902 
1260201840315 1375070788098971677 891.1902 
1260315833907 1375070788162173581 891.2501 
1260333413641 1375070788226107908 891.1902 
1260393019927 1375070788289401365 891.1902 
1260456838026 1375070788354281736 891.22015 
1260525905629 1375070788416507078 891.08026 
1260627385867 1375070788480424478 891.2501 
1260657478954 1375070788543840005 891.2501 
1260719343748 1375070788607530190 891.3101 
1260774249899 1375070788670854165 891.3001 
1260842890216 1375070788734666421 891.22015 
1260907746008 1375070788797929360 891.22015 
1260970526413 1375070788861863687 891.3301 
1261052809337 1375070788925126626 891.27014 
1261105487499 1375070788989060952 891.1902 
1261177729220 1375070789052323892 891.1902 
1261239655057 1375070789116227700 891.3001 
1261304938133 1375070789179704263 891.22015 
1261357738377 1375070789243211343 891.1602 
1261420823987 1375070789306657388 891.2402 
1261510401280 1375070789370347573 891.27014 
1261567596457 1375070789433639138 891.1602 
1261600650021 1375070789497512429 891.28015 
1261663460946 1375070789560714334 891.2501 
1261726241352 1375070789623550027 891.2402 
1261791615991 1375070789687911599 891.2402 
1261857448433 1375070789749801248 891.27014 
1261936892963 1375070789815169900 891.2402 
1261990975062 1375070789879226296 891.3301 
1262059004973 1375070789942275613 891.22015 
1262109516189 1375070790006423562 891.27014 
1262173456368 1375070790069289773 891.27014 
1262256715944 1375070790132522195 891.22015 
1262313117592 1375070790196426003 891.27014 
1262375592794 1375070790260299295 891.22015 
1262427782632 1375070790324019998 891.22015 
1262496972315 1375070790388839334 891.22015 
1262570862138 1375070790450820535 891.3001 
1262634069828 1375070790514937966 891.22015 
1262699444466 1375070790578353494 891.2402 
1262756883806 1375070790641952127 891.22015 
1262861171919 1375070790705215066 891.22015 
1262872769660 1375070790769118875 891.22015 
1262936160473 1375070790832198709 891.1602 
1262999612327 1375070790896072000 891.1102 
1263076310023 1375070790958022683 891.1602 
1263149619958 1375070791023330300 891.2402 
1263199978572 1375070791086349099 891.2402 
1263253877549 1375070791150252908 891.22015 
1263325966670 1375070791214614480 891.3601 
1263381452706 1375070791277541726 891.27014 
1263449146892 1375070791340916286 891.2402 
1263507715486 1375070791404759059 891.1802 
1263571625146 1375070791468052516 891.2102 
1263635656888 1375070791532780299 891.1602 
1263725753026 1375070791595188747 891.2102 
1263762621637 1375070791659092555 891.1502 
1263830773627 1375070791722324977 891.2402 
1263889647426 1375070791784458766 891.2402 
1263963415167 1375070791849461208 891.1802 
1264017100501 1375070791913334499 891.2102 
1264080430274 1375070791976872096 891.1802 
1264144248371 1375070792040775905 891.2102 
1264207059299 1375070792103703151 891.2102 
1264277866562 1375070792167118678 891.1602 
1264338449501 1375070792230869899 891.2402 
1264405502759 1375070792294707830 891.2402 
1264470968958 1375070792358611639 891.1802 
1264533810405 1375070792423339422 891.3001 
1264588899676 1375070792485168036 891.26013 
1264653938590 1375070792548980291 891.2102 
1264723311396 1375070792612426336 891.2102 
1264815421881 1375070792676391180 891.1802 
1264883299188 1375070792739471014 891.2402 
1264906921956 1375070792803283270 891.2402 
1264970129647 1375070792866576727 891.1802 
1265034924398 1375070792930541571 891.2102 
1265102282861 1375070792992644842 891.26013 
1265161614464 1375070793057555731 891.1802 
1265225981929 1375070793120818670 891.1802 
1265289769507 1375070793185393866 891.2102 
1265354228533 1375070793249175604 891.26013 
1265421922720 1375070793311828192 891.29016 
1265477439277 1375070793373778875 891.2402 
1265546384798 1375070793438994940 891.29016 
1265644965601 1375070793502257879 891.29016 
1265669900744 1375070793566070135 891.1802 
1265743424323 1375070793629333075 891.23016 
1265801992916 1375070793693267401 891.17017 
1265859493298 1375070793756530340 891.2002 
1265923219835 1375070793820373114 891.29016 
1265986458046 1375070793883636053 891.29016 
1266059981624 1375070793947539862 891.12024 
1266133840925 1375070794010772284 891.17017 
1266194820629 1375070794074737127 891.3201 
1266257478953 1375070794137969549 891.26013 
1266322212662 1375070794201770944 891.23016 
1266380994901 1375070794265308542 891.2002 
1266466116218 1375070794329120798 891.26013 
1266496178785 1375070794393543405 891.17017 
1266558989712 1375070794456287546 891.26013 
1266627080662 1375070794519581003 891.2002 
1266696667111 1375070794583423776 891.26013 
1266769214036 1375070794646686715 891.2002 
1266832421729 1375070794710621042 891.23016 
1266915894946 1375070794773853464 891.17017 
1266940616448 1375070794837696237 891.23016 
1267004770270 1375070794901172799 891.2002 
1267073959954 1375070794964862985 891.29016 
1267147391972 1375070795028125924 891.17017 
1267246766303 1375070795092207829 891.2002 
1267269534500 1375070795155379215 891.23016 
1267321693816 1375070795219221989 891.29016 
1267384993070 1375070795282515446 891.2002 
1267448933250 1375070795346358219 891.2002 
1267530483683 1375070795409651676 891.1402 
1267589510084 1375070795473586002 891.1402 
1267654762639 1375070795536787907 891.26013 
1267719252188 1375070795602203081 891.3101 
1267782307276 1375070795664001176 891.23016 
1267845850691 1375070795727935502 891.1402 
1267926821239 1375070795791137407 891.23016 
1267957402651 1375070795854949663 891.22015 
1268031017790 1375070795918273637 891.2002 
1268111042207 1375070795982146928 891.22015 
1268148002377 1375070796045379350 891.2501 
1268224608512 1375070796109862993 891.28015 
1268289067538 1375070796172546098 891.17017 
1268348704346 1375070796236388872 891.28015 
1268402298119 1375070796299651811 891.28015 
1268475394412 1375070796363555620 891.17017 
1268539670315 1375070796426757524 891.1402 
1268599887010 1375070796490691850 891.2501 
1268675730135 1375070796554072717 891.28015 
1268742935996 1375070796617976525 891.2501 
1268809561968 1375070796681147912 891.1602 
1268865902575 1375070796744990686 891.2501 
1268910798044 1375070796808192590 891.28015 
1268974646662 1375070796872065881 891.22015 
1269042462931 1375070796935664514 891.17017 
1269126912800 1375070796999232629 891.1902 
1269167962700 1375070797062495568 891.1902 
1269229156047 1375070797126368859 891.23016 
1269302893267 1375070797189662316 891.22015 
1269370465372 1375070797253505090 891.1602 
1269439777137 1375070797316829064 891.22015 
1269489464302 1375070797380641320 891.1102 
1269553709687 1375070797443904260 891.2501 
1269619481089 1375070797507747033 891.2501 
1269713728000 1375070797571040490 891.13025 
1269737533890 1375070797634883264 891.3401 
1269800985743 1375070797698146203 891.3101 
1269875943777 1375070797762050012 891.22015 
1269939365112 1375070797825282434 891.2501 
1270005594319 1375070797889186242 891.28015 
1270063338865 1375070797952449182 891.2501 
1270133108436 1375070798016383508 891.1902 
1270193142008 1375070798079585412 891.2501 
1270256563342 1375070798143824914 891.1902 
1270332253864 1375070798206752160 891.1602 
1270396834973 1375070798270686486 891.28015 
1270467489635 1375070798333857873 891.1902 
1270524379609 1375070798397761682 891.22015 
1270567352294 1375070798461260126 891.13025 
1270627935232 1375070798525163934 891.3101 
1270690471476 1375070798587419794 891.2501 
1270755815592 1375070798652208612 891.1902 
1270820518783 1375070798715502069 891.13025 
1270884214799 1375070798779344842 891.1902 
1270966100957 1375070798842790887 891.13025 
1271016093327 1375070798906511590 891.2501 
1271080552354 1375070798970171258 891.1902 
1271164880144 1375070799034014032 891.3101 
1271218016111 1375070799096330926 891.22015 
1271275028167 1375070799161028192 891.1902 
1271344400973 1375070799224230096 891.28015 
1271427843670 1375070799288225458 891.13025 
1271468405247 1375070799352800653 891.22015 
1271518885942 1375070799415143781 891.22015 
1271582032592 1375070799478284650 891.3101 
1271646155894 1375070799542157941 891.2501 
1271709027861 1375070799605451398 891.1902 
1271790486736 1375070799669446760 891.2501 
1271836541977 1375070799732892804 891.2501 
1271900299036 1375070799796491437 891.28015 
1271965032745 1375070799859754377 891.1902 
1272039105688 1375070799922254377 891.1902 
1272117939810 1375070799986982160 891.1902 
1272175409671 1375070800051008039 891.28015 
1272241791481 1375070800114209943 891.22015 
1272306982996 1375070800178876691 891.3101 
1272370648492 1375070800241102033 891.22015 
1272408707398 1375070800304944806 891.22015 
1272472922261 1375070800368268781 891.28015 
1272535916309 1375070800432111554 891.3101 
1272602206557 1375070800496473127 891.22015 
1272663308344 1375070800559552961 891.2501 
1272726332912 1375070800622510724 891.1902 
1272790242572 1375070800686384015 891.3101 
1272868924092 1375070800747999006 891.13025 
1272929415470 1375070800813764386 891.1902 
1272987800943 1375070800876813703 891.02026 
1273046216935 1375070800940656476 891.3101 
1273129598592 1375070801004377179 891.2501 
1273186824290 1375070801067823224 891.1902 
1273253602866 1375070801130445295 891.22015 
1273299993831 1375070801194959455 891.1602 
1273364025573 1375070801258191877 891.2501 
1273427874191 1375070801322542082 891.1902 
1273498467812 1375070801387239348 891.2501 
1273560943015 1375070801449525724 891.1902 
1273629064486 1375070801512910734 891.1902 
1273679484141 1375070801576539885 891.2501 
1273742844433 1375070801639802824 891.2501 
1273809561967 1375070801703859221 891.22015 
1273890501996 1375070801767152678 891.08026 
1273945347104 1375070801831087004 891.2501 
1274017039459 1375070801894319426 891.1602 
1274091142923 1375070801956880461 891.28015 
1274124990015 1375070802021333586 891.22015 
1274188991237 1375070802085115324 891.2501 
1274253114539 1375070802148866545 891.2501 
1274317756688 1375070802213106047 891.2501 
1274383833294 1375070802275723213 891.1002 
1274444477273 1375070802338223213 891.28015 
1274517512525 1375070802402828925 891.3001 
1274579987727 1375070802466702217 891.3101 
1274635992610 1375070802529995674 891.1902 
1274709668789 1375070802594052070 891.13025 
1274764666499 1375070802657070869 890.9403 
1274844019468 1375070802721049579 891.22015 
1274899993830 1375070802784282001 891.1602 
1274967626976 1375070802848124774 891.28015 
1275013895861 1375070802911357196 891.1602 
1275095904101 1375070802975261005 891.2501 
1275149467355 1375070803038554462 891.1902 
1275205167034 1375070803102366718 891.2501 
1275279545181 1375070803165141376 891.1602 
1275332498028 1375070803229502948 891.2501 
1275395400515 1375070803292765888 891.1902 
1275486076541 1375070803357157978 891.1602 
1275523525037 1375070803419932636 891.1002 
1275586610647 1375070803484050067 891.1902 
1275659096533 1375070803547038349 891.1602 
1275724837414 1375070803611064228 891.22015 
1275818199233 1375070803674200699 891.22015 
1275840997950 1375070803738226578 891.22015 
1275910675963 1375070803801397964 891.1602 
1275976538925 1375070803865576431 891.2102 
1276038373199 1375070803928503677 891.1602 
1276105487497 1375070803992376968 891.1602 
1276179438361 1375070804055700943 891.1902 
1276222075321 1375070804119482681 891.1602 
1276285435613 1375070804182806656 891.1902 
1276349253712 1375070804246710464 891.2102 
1276424333828 1375070804309881851 891.1902 
1276496422948 1375070804373907730 891.1602 
1276569946524 1375070804437079117 891.1002 
1276626226090 1375070804500952408 891.1902 
1276702954306 1375070804565008804 891.2402 
1276734085087 1375070804628058120 891.2102 
1276794484905 1375070804691595718 891.2102 
1276876584705 1375070804755255386 891.2402 
1276937503368 1375070804818609878 891.1802 
1277018290793 1375070804882391617 891.1902 
1277057265310 1375070804945593521 891.2102 
1277112293542 1375070805009497329 891.2402 
1277176966210 1375070805074103042 891.2402 
1277255800331 1375070805136633560 891.13025 
1277302710143 1375070805199927017 891.1602 
1277377118812 1375070805263769790 891.22015 
1277447254627 1375070805327032730 891.2102 
1277530849927 1375070805390967056 891.1602 
1277576477883 1375070805454168960 891.2402 
1277649635217 1375070805518011734 891.2102 
1277683970636 1375070805581510325 891.3001 
1277747880295 1375070805645414134 891.2102 
1277811606833 1375070805708646556 891.1802 
1277878080203 1375070805773618480 891.2402 
1277954320093 1375070805835843821 891.2102 
1278012827647 1375070805899961253 891.1502 
1278089433782 1375070805962919017 891.1602 
1278153343441 1375070806026914378 891.1602 
1278207761266 1375070806090085765 891.2102 
1278256715943 1375070806153959056 891.2102 
1278319862592 1375070806217191478 891.1002 
1278384596303 1375070806281980296 891.0902 
1278454060670 1375070806344327708 891.2402 
1278510950644 1375070806408231517 891.2102 
1278574036254 1375070806471494456 891.2102 
1278643897385 1375070806535424548 891.2102 
1278711194807 1375070806598748522 891.1802 
1278788716552 1375070806662591296 891.13025 
1278843500622 1375070806725854235 891.1502 
1278919618430 1375070806789788561 891.2402 
1278973242725 1375070806853020983 891.1802 
1279042096684 1375070806916924792 891.2402 
1279085588214 1375070806980126696 891.1602 
1279146506878 1375070807043999987 891.13025 
1279217253101 1375070807107507067 891.29016 
1279274814522 1375070807171136217 891.1802 
1279344187330 1375070807234429674 891.2402 
1279400985742 1375070807298241930 891.1502 
1279465902575 1375070807361504870 891.2402 
1279527675808 1375070807424096423 891.2102 
1279606754094 1375070807488976794 891.2102 
1279656136055 1375070807552605944 891.2402 
1279719465827 1375070807615777331 891.2002 
1279783283926 1375070807679650622 891.26013 
1279846491617 1375070807742883044 891.2002 
1279920808725 1375070807807000475 891.2102 
1279984870986 1375070807870232897 891.1802 
1280056380219 1375070807934228258 891.2402 
1280100390596 1375070807997186022 891.1802 
1280163232041 1375070808060204821 891.29016 
1280261232958 1375070808124291735 891.29016 
1280292058533 1375070808188195544 891.1802 
1280355418827 1375070808251763659 891.2102 
1280419206404 1375070808316491442 891.23016 
1280490379912 1375070808378594714 891.1502 
1280558776068 1375070808442885003 891.2402 
1280609470406 1375070808505842766 891.26013 
1280672769659 1375070808569716057 891.29016 
1280735946829 1375070808633009514 891.3501 
1280803274770 1375070808697187981 891.12024 
1280874539839 1375070808760359368 891.29016 
1280942417147 1375070808824385247 891.23016 
1281002633842 1375070808886061272 891.2102 
1281068649408 1375070808951399407 891.17017 
1281118611258 1375070809014387688 891.17017 
1281200711060 1375070809078260979 891.2002 
1281245209762 1375070809142530999 891.29016 
1281308966819 1375070809205549798 891.12024 
1281391524428 1375070809268751702 891.26013 
1281437579669 1375070809332533440 891.23016 
1281499658105 1375070809395913391 891.29016 
1281564178173 1375070809460488587 891.17017 
1281629125525 1375070809523049622 891.17017 
1281697796364 1375070809587014465 891.0902 
1281768878310 1375070809650368958 891.17017 
1281822929890 1375070809712197571 891.17017 
1281881132239 1375070809777291565 891.17017 
1281944889297 1375070809841256409 891.08026 
1282073532667 1375070809904671936 891.2002 
1282083726471 1375070809968331604 891.17017 
1282135397462 1375070810031564026 891.17017 
1282198330469 1375070810094735413 891.29016 
1282261934925 1375070810158700257 891.29016 
1282326332912 1375070810222573548 891.17017 
1282395064790 1375070810286233215 891.23016 
1282465536330 1375070810351083069 891.06024 
1282523128272 1375070810412972717 891.1102 
1282585939198 1375070810476846008 891.1402 
1282645423405 1375070810540108948 891.0902 
1282715101414 1375070810604012757 891.17017 
1282780964378 1375070810667458801 891.0403 
1282868679928 1375070810731362610 891.2002 
1282910523358 1375070810794717102 891.17017 
1282962102788 1375070810858315735 891.23016 
1283024272786 1375070810920357971 891.2002 
1283095141091 1375070810985604553 891.2002 
1283155235704 1375070811048684387 891.1102 
1283216703733 1375070811112984924 891.2002 
1283278446447 1375070811174447327 891.23016 
1283345133460 1375070811239896592 891.17017 
1283405838481 1375070811303220567 891.2002 
1283470785835 1375070811367063340 891.1002 
1283532803230 1375070811430356797 891.1402 
1283599703887 1375070811494199571 891.26013 
1283668161081 1375070811557462510 891.17017 
1283730422641 1375070811621335801 891.23016 
1283836114691 1375070811684690293 891.26013 
1283851100193 1375070811748472032 891.17017 
1283915955985 1375070811811734971 891.23016 
1283983131323 1375070811875638780 891.1102 
1284046827341 1375070811938871202 891.26013 
1284121327571 1375070812002988633 891.1102 
1284168756229 1375070812066037950 891.26013 
1284241547317 1375070812129361924 891.23016 
1284309638268 1375070812193138613 891.23016 
1284385359310 1375070812257164491 891.17017 
1284448200758 1375070812320702089 891.26013 
1284515864423 1375070812384270204 891.26013 
1284584657342 1375070812447441591 891.17017 
1284629491770 1375070812511375917 891.2002 
1284689037015 1375070812574608339 891.26013 
1284741013211 1375070812638451113 891.2002 
1284804648186 1375070812701836122 891.2002 
1284881437443 1375070812765556825 891.23016 
1284946110112 1375070812828972353 891.17017 
1285017619345 1375070812892784609 891.2002 
1285110706480 1375070812955986513 891.17017 
1285123189312 1375070813019859804 891.1102 
1285185695035 1375070813083122743 891.2002 
1285249635214 1375070813146996034 891.06024 
1285312964989 1375070813210258974 891.2002 
1285376783087 1375070813274132265 891.2002 
1285449879378 1375070813337456240 891.17017 
1285508386933 1375070813401237978 891.26013 
1285575073946 1375070813464531435 891.1402 
1285638190076 1375070813529533876 891.28015 
1285694683284 1375070813591637148 891.26013 
1285781025417 1375070813655540956 891.28015 
1285838159557 1375070813718834413 891.2002 
1285903747836 1375070813782738222 891.1602 
1285969824441 1375070813845970644 891.26013 
1286032269123 1375070813909904970 891.2002 
1286109882429 1375070813973076357 891.2002 
1286168084781 1375070814037376894 891.1102 
1286205899522 1375070814100478970 891.1902 
1286266787664 1375070814164260709 891.1602 
1286330056395 1375070814227554166 891.22015 
1286393935537 1375070814291457974 891.1902 
1286465902574 1375070814354659879 891.1602 
1286533047392 1375070814418563687 891.28015 
1286591158181 1375070814481826627 891.28015 
1286663277822 1375070814545760953 891.22015 
1286729507030 1375070814608932339 891.2501 
1286802511760 1375070814672897183 891.1602 
1286860134222 1375070814737167203 891.0503 
1286927584245 1375070814800002896 891.2501 
1286992501079 1375070814863571011 891.1902 
1287029888534 1375070814927078091 891.3101 
1287093309868 1375070814990310513 891.1602 
1287159325434 1375070815054240619 891.2501 
1287223143531 1375070815117534077 891.22015 
1287287205793 1375070815181376850 891.2501 
1287366284078 1375070815246135151 891.2501 
1287429735932 1375070815308604633 891.1402 
1287474387237 1375070815371776020 891.0503 
1287538205335 1375070815435618793 891.1102 
1287602114996 1375070815498912250 891.1902 
1287678507487 1375070815562755024 891.1602 
1287747422489 1375070815626170551 891.1402 
1287807852825 1375070815690013325 891.2501 
1287880857556 1375070815753367817 891.1602 
1287929232346 1375070815817058002 891.22015 
1287982948201 1375070815880320942 891.1902 
1288049848858 1375070815944194233 891.22015 
1288110370756 1375070816007487690 891.1602 
1288178827951 1375070816071635639 891.1602 
1288246094852 1375070816134593403 891.1602 
1288327645286 1375070816198466694 891.22015 
1288376661005 1375070816261760151 891.22015 
1288428270954 1375070816325602924 891.1902 
