#SysTm EventTmStmp Acc:x Acc:y Acc:z
4948945140027 1375076025717554754 2.923767 9.038574 3.2373047 
4948963574332 1375076025781122869 3.1249084 9.0147705 2.6088867 
4948971723271 1375076025844629949 2.9904175 9.155212 2.6921997 
4948978529314 1375076025908228582 3.0142212 9.01001 3.0064087 
4949034137433 1375076025971827215 3.045166 9.01001 2.9338074 
4949079246543 1375076026035395330 3.0999146 9.01358 2.8635864 
4949122890677 1375076026098932928 3.0523071 9.021912 2.9968872 
4949152220754 1375076026162531560 3.0761108 9.015961 2.8016968 
4949216618739 1375076026226099676 3.0820618 9.089752 2.8064575 
4949279948513 1375076026289637273 3.0999146 8.965973 2.893341 
4949343797131 1375076026353235906 3.0939636 9.036194 2.8862 
4949407096383 1375076026416804021 3.0404053 9.040955 2.8528748 
4949471799573 1375076026480341619 3.0725403 9.043335 2.745758 
4949575904563 1375076026544058182 3.026123 9.079041 2.8814392 
4949597848711 1375076026607626297 3.0499268 9.024292 2.8243103 
4949660629116 1375076026671194413 3.0653992 9.101654 2.764801 
4949724355655 1375076026734762528 3.0142212 9.068329 2.82193 
4949787776988 1375076026798361161 3.0404053 9.044525 2.7933655 
4949851686647 1375076026861929276 3.0415955 9.061188 2.8314514 
4949914955379 1375076026925497391 3.0142212 9.109985 2.802887 
4949979689088 1375076026989157059 3.0415955 9.080231 2.7814636 
4950041401281 1375076027050971126 2.973755 9.042145 2.8040771 
4950106775920 1375076027116217708 3.0082703 9.070709 2.8385925 
4950169769968 1375076027179846859 3.0177917 9.079041 2.7933655 
4950233618588 1375076027243353939 3.0308838 9.086182 2.7528992 
4950296551595 1375076027306922054 2.9511414 9.149261 2.7826538 
4950360400213 1375076027370551204 3.0344543 9.061188 2.8052673 
4950423455304 1375076027434088802 3.013031 9.093323 2.8183594 
4950488799420 1375076027497626400 2.988037 9.069519 2.802887 
4950550908378 1375076027561225033 2.9975586 9.108795 2.6279297 
4950656325744 1375076027624762630 3.0023193 8.94574 3.124237 
4950720418527 1375076027688330745 2.961853 9.07666 2.8504944 
4950785274317 1375076027751898861 3.045166 9.086182 2.7600403 
4950857454999 1375076027815497494 3.0368347 9.004059 3.0004578 
4950869876790 1375076027879035091 3.109436 9.018341 2.6802979 
4950932779277 1375076027942603206 2.967804 9.127838 2.835022 
4950996963620 1375076028006319658 3.0011292 8.977875 2.9933167 
4951060140791 1375076028069735185 2.9963684 9.1302185 2.7540894 
4951137418373 1375076028133333818 2.9261475 9.188538 2.5434265 
4951214634915 1375076028196901933 2.9249573 8.879089 3.5039063 
4951315718388 1375076028259524003 2.9832764 9.070709 2.8897705 
4951361956753 1375076028324038163 2.9892273 9.2135315 2.3529968 
4951457607600 1375076028387606279 2.9904175 9.071899 2.9171448 
4951525179704 1375076028451174394 3.0749207 8.955261 3.0944824 
4951535281947 1375076028514742509 2.8618774 9.290894 2.6731567 
4951604013825 1375076028578310624 2.9523315 9.421814 2.5029602 
4951653334748 1375076028641878740 3.2236938 9.033813 2.9599915 
4951695208698 1375076028705416337 3.9080505 8.487518 3.2920532 
4951759789805 1375076028769014970 4.366272 8.591064 3.2289734 
4951823058537 1375076028832552568 5.0696716 7.560364 3.6776733 
4951886479871 1375076028896120683 5.0887146 7.4353943 3.483673 
4951951305143 1375076028959719316 4.918518 7.760315 3.822876 
4952014329711 1375076029023287431 4.629303 7.9055176 3.6586304 
4952077354281 1375076029086855546 4.294861 8.261383 3.3087158 
4952140653533 1375076029150515214 3.7497559 8.786255 3.597931 
4952204502151 1375076029214022294 3.8033142 8.989777 2.9409485 
4952268045567 1375076029277529374 3.9996948 8.418488 2.956421 
4952331466900 1375076029341128007 3.84021 8.62796 3.3503723 
4952395071357 1375076029404696122 3.1499023 8.846954 3.39917 
4952458187486 1375076029467959062 3.2713013 8.939789 3.1349487 
4952523256921 1375076029531893388 2.217987 9.165924 3.4217834 
4952585762643 1375076029595400468 2.8106995 8.873138 3.586029 
4952649611263 1375076029658938066 2.9130554 8.88147 3.232544 
4952712788433 1375076029722506181 2.6976318 8.973114 3.328949 
4952830505509 1375076029786135331 2.9249573 9.071899 3.1658936 
4952840272028 1375076029849672929 3.0023193 8.964783 3.0028381 
4952903479719 1375076029913507169 2.8547363 9.030243 3.0254517 
4952966504288 1375076029977075284 2.8428345 9.002869 3.0492554 
4953030963314 1375076030040612882 2.8428345 9.07547 2.9992676 
4953094537249 1375076030104180997 2.8606873 9.090942 2.925476 
4953157958584 1375076030167749113 2.7797546 9.149261 2.842163 
4953221349396 1375076030231347745 2.8226013 9.157593 2.7826538 
4953284892812 1375076030294885343 2.7868958 9.163544 2.840973 
4953348771951 1375076030358453458 2.7666626 9.171875 2.8135986 
4953412101724 1375076030422052091 2.8761597 9.183777 2.7088623 
4953475187334 1375076030485589689 2.8261719 9.13736 2.6791077 
4953538852830 1375076030549188322 2.891632 9.095703 2.7290955 
4953604471631 1375076030612756437 2.8416443 9.111176 2.7731323 
4953667160475 1375076030676294034 2.7797546 9.167114 2.8124084 
4953730215566 1375076030739892667 2.801178 9.179016 2.5957947 
4953793911582 1375076030803460783 2.8154602 9.243286 2.7338562 
4953826507339 1375076030837849899 2.8095093 9.13855 2.8528748 
4953846406622 1375076030858022018 2.807129 9.165924 2.8897705 
4953870883961 1375076030880299850 2.8106995 9.123077 2.9659424 
4953886785075 1375076030898091598 2.8249817 9.124268 2.7695618 
4953906836959 1375076030918233200 2.8368835 9.07428 2.7374268 
4953928048618 1375076030938374801 2.8547363 8.995728 2.6791077 
4953947184892 1375076030958516403 2.9190063 8.963593 2.745758 
4953967633541 1375076030978658005 2.9273376 9.090942 2.726715 
4953991653074 1375076030998769089 2.8095093 9.303986 2.7743225 
4954008775003 1375076031018941208 2.6654968 9.302795 2.924286 
4954028002837 1375076031039082809 2.6393127 9.125458 2.8707275 
4954048146285 1375076031057545944 2.7357178 8.967163 2.636261 
4954068320250 1375076031078694626 2.757141 8.995728 2.5481873 
4954148649869 1375076031099507614 2.8249817 9.131409 2.5303345 
4954155822157 1375076031119710251 2.820221 9.232574 2.5541382 
4954163299649 1375076031139790817 2.9130554 9.305176 2.6267395 
4954164062658 1375076031161000534 2.7738037 9.26947 2.8647766 
4954169892049 1375076031180043503 2.8249817 9.054047 3.0492554 
4954189882893 1375076031200215622 2.7404785 9.106415 3.1278076 
4954210392583 1375076031220631881 2.6893005 9.13736 3.1992188 
4954230505508 1375076031240773483 2.7095337 9.176636 3.0433044 
4954251411964 1375076031260854049 2.8356934 9.220673 2.6767273 
4954272287898 1375076031280751510 2.9773254 9.198059 2.2922974 
4954291057927 1375076031300893112 3.0332642 9.165924 2.1411438 
4954320723728 1375076031321065231 3.1582336 9.081421 2.1637573 
4954332443551 1375076031341176315 3.2165527 9.0659485 2.231598 
4954351457745 1375076031361348434 3.0975342 9.13855 2.6243591 
4954381306669 1375076031381459518 2.8118896 9.064758 3.0444946 
4954392080360 1375076031401631637 2.4143677 9.124268 3.3955994 
4954411521837 1375076031421773239 2.5559998 9.01239 3.489624 
4954447261193 1375076031442158981 2.3477173 8.970734 3.8990479 
4954455043887 1375076031460133835 2.6238403 8.796967 3.8204956 
4954472135297 1375076031481313034 2.840454 8.913605 3.361084 
4954494842453 1375076031502309128 2.967804 9.127838 2.9492798 
4954516420356 1375076031522450729 2.9249573 9.2778015 2.5838928 
4954534641018 1375076031542561813 2.9416199 9.415863 2.2934875 
4954552281793 1375076031562764450 2.9523315 9.411102 2.0875854 
4954582893728 1375076031582875534 2.9773254 9.352783 2.0375977 
4954592690767 1375076031603017135 3.0046997 9.249237 2.0863953 
4954612956294 1375076031623463913 2.7857056 9.071899 2.3565674 
4954648146283 1375076031643330856 2.8428345 8.970734 2.6981506 
4954654250358 1375076031663777633 2.865448 9.004059 2.8695374 
4954673050908 1375076031683644577 2.852356 9.026672 3.137329 
4954705402503 1375076031703755661 2.7607117 9.198059 3.2932434 
4954714863818 1375076031723866745 2.5714722 9.180206 3.2242126 
4954734549458 1375076031744038864 2.5536194 9.031433 3.3896484 
4954767572500 1375076031764455124 2.755951 8.998108 3.315857 
4954839142773 1375076031784322067 2.8214111 8.963593 3.1444702 
4954842194811 1375076031804463669 2.935669 8.998108 2.9480896 
4954854250358 1375076031824574753 2.9463806 9.118317 2.6957703 
4954856478345 1375076031844746872 2.9404297 9.215912 2.6136475 
4954857210834 1375076031864888473 2.8059387 9.289703 2.5101013 
4954873935998 1375076031883961960 2.8856812 9.199249 2.225647 
4954894323607 1375076031905080124 2.7928467 9.264709 2.7755127 
4954914528093 1375076031925282760 2.5393372 8.792206 3.624115 
4954934000090 1375076031945424362 2.5083923 8.557739 4.2037354 
4954963574332 1375076031965565964 2.7738037 8.713654 3.1539917 
4954980879384 1375076031985738083 2.5738525 8.731506 2.776703 
4954994613551 1375076032005879684 2.7619019 9.056427 2.880249 
4955017137586 1375076032026021286 2.9440002 9.357544 2.790985 
4955035419288 1375076032046468063 2.9130554 9.6539 2.5612793 
4955055440652 1375076032066609665 2.9404297 9.713409 2.2232666 
4955082207019 1375076032088521286 3.0177917 9.664612 2.034027 
4955095483381 1375076032106587692 2.8380737 9.358734 2.0566406 
4955115626827 1375076032126729294 2.6059875 9.026672 2.1792297 
4955136167037 1375076032146870895 2.6619263 8.830292 2.3708496 
4955156066320 1375076032167012497 2.6464539 8.898132 2.552948 
4955176392887 1375076032187154098 2.659546 8.995728 2.6921997 
4955199374729 1375076032207295700 2.730957 9.190918 2.8850098 
4955216221975 1375076032227437301 2.8368835 9.355164 2.6838684 
4955236365420 1375076032247578903 3.0285034 9.020721 2.661255 
4955262612940 1375076032268178268 3.346283 9.305176 2.4815369 
4955276133465 1375076032286488815 2.9475708 9.345642 2.8635864 
4955297223042 1375076032307668014 2.544098 9.39801 3.4479675 
4955318953547 1375076032328114792 2.8761597 8.810059 3.662201 
4955337693056 1375076032348256393 2.871399 8.622009 3.746704 
4955357195574 1375076032368397995 3.0404053 8.671997 3.630066 
4955377674744 1375076032388570114 3.3367615 8.887421 3.5384216 
4955397574026 1375076032408681198 3.185608 8.654144 3.239685 
4955467862444 1375076032428853317 2.5202942 8.711273 3.27182 
4955470700838 1375076032449300094 2.9975586 8.4053955 3.309906 
4955479246542 1375076032469197555 2.4524536 9.323029 2.7017212 
4955480986204 1375076032489583298 2.7321472 9.456329 2.4898682 
4955498626979 1375076032509419723 2.9916077 9.668182 2.5934143 
4955518495743 1375076032529561325 2.839264 9.182587 2.7338562 
4955538578147 1375076032549702926 2.7107239 8.662476 2.9397583 
4955558568991 1375076032569844528 2.7773743 8.742218 2.8826294 
4955579048161 1375076032589955612 2.763092 9.082611 2.9278564 
4955599008484 1375076032610127731 2.7392883 9.095703 3.0742493 
4955619365572 1375076032630269333 2.634552 9.156403 3.1635132 
4955644422798 1375076032650380417 2.4726868 9.143311 3.2242126 
4955659652464 1375076032670552536 2.2977295 9.161163 3.1337585 
4955678453013 1375076032689076706 2.397705 8.985016 3.368225 
4955701373812 1375076032710520020 2.5548096 8.929077 3.7371826 
4955721212055 1375076032731180420 2.3251038 8.920746 3.9799805 
4955740745093 1375076032751291504 2.3941345 8.9314575 3.8431091 
4955767969265 1375076032771433106 2.3619995 9.056427 3.6574402 
4955780513138 1375076032791574708 2.6166992 9.0659485 3.2634888 
4955801175430 1375076032811746827 2.666687 8.968353 2.912384 
4955820922112 1375076032831888428 2.6190796 8.826721 2.7398071 
4955841157119 1375076032851999512 2.6678772 8.88504 2.7124329 
4955861239524 1375076032872476807 2.4012756 9.39563 2.82193 
4955881260888 1375076032892618409 2.5548096 9.539642 2.7433777 
4955903082954 1375076032913767090 2.4905396 9.129028 3.14328 
4955921151014 1375076032932596436 2.4905396 9.129028 3.14328 
4955941324981 1375076032952738038 2.1311035 9.056427 3.2753906 
4955961590508 1375076032972818604 2.1834717 9.0112 3.0504456 
4955981794994 1375076032993021241 2.5726624 9.278992 2.7362366 
4956001663756 1375076033013162842 2.6583557 9.184967 2.9111938 
4956025591728 1375076033033304444 2.698822 9.246857 3.040924 
4956042469494 1375076033053446045 2.871399 9.2456665 2.976654 
4956062246695 1375076033073587647 2.8690186 9.509888 2.738617 
4956083061589 1375076033091989747 2.8690186 9.509888 2.738617 
4956102442025 1375076033113107911 2.6250305 9.582489 2.7314758 
4956138913872 1375076033134012452 2.5690918 8.981445 2.9945068 
4956145262109 1375076033154123536 2.8023682 8.696991 2.8969116 
4956162963925 1375076033174265137 2.7345276 8.522034 2.6315002 
4956184389226 1375076033195352784 3.1177673 9.20163 3.156372 
4956203739142 1375076033214639893 2.9904175 9.224243 2.9909363 
4956223333221 1375076033234720460 2.8809204 9.215912 3.2170715 
4956243903951 1375076033255167237 2.6440735 8.954071 3.1992188 
4956264047398 1375076033275308838 2.8285522 8.921936 2.7874146 
4956288555256 1375076033295297852 2.9071045 8.954071 2.5231934 
4956303968044 1375076033315286866 3.0523071 9.115936 2.084015 
4956324050449 1375076033335428467 3.2391663 9.3611145 2.431549 
4956344193895 1375076033355539551 3.1677551 9.431335 2.6588745 
4956364398382 1375076033375711670 2.9392395 9.057617 2.8814392 
4956384877551 1375076033395853272 3.0106506 9.126648 2.6255493 
4956407401586 1375076033416055909 2.6702576 9.061188 2.9147644 
4956424889759 1375076033436136475 2.7928467 8.8160095 3.0123596 
4956444941645 1375076033456278077 2.6166992 8.711273 2.9778442 
4956473356112 1375076033476633301 2.935669 8.988586 3.3587036 
4956485533740 1375076033496591797 2.9368591 9.101654 3.1801758 
4956505066778 1375076033515695801 2.8178406 9.212341 3.2170715 
4956527468731 1375076033536844483 2.7166748 9.207581 2.7862244 
4956546543964 1375076033556955567 2.9130554 9.224243 2.7540894 
4956565741278 1375076033577097169 2.8511658 9.163544 2.4862976 
4956586434091 1375076033597269288 2.6881104 9.020721 2.4839172 
4956605997649 1375076033617410889 3.0023193 9.220673 2.2375488 
4956626446298 1375076033637552491 3.1558533 9.314697 2.1958923 
4956646650785 1375076033658177603 3.0523071 9.233765 2.4006042 
4956666580588 1375076033677983511 2.9927979 9.119507 2.348236 
4956687242880 1375076033698460806 2.8761597 8.968353 2.5386658 
4956706745398 1375076033718297232 2.8535461 8.8671875 2.7041016 
4956726919364 1375076033738438834 2.7726135 9.069519 2.9040527 
4956747093331 1375076033758580435 2.7321472 9.155212 3.092102 
4956767328338 1375076033778722037 2.859497 9.403961 2.8862 
4956791256310 1375076033798985709 2.8547363 9.365875 2.706482 
4956807859392 1375076033819005240 2.776184 9.313507 2.7600403 
4956847200152 1375076033839146841 2.6428833 9.199249 2.8195496 
4956855867937 1375076033859257925 2.7416687 9.024292 2.642212 
4956867862443 1375076033879430045 2.7868958 8.890991 2.4684448 
4956888097450 1375076033899571646 2.9380493 8.980255 2.3434753 
4956908515580 1375076033918523062 2.9023438 8.652954 2.808838 
4956928597986 1375076033939641226 2.7845154 9.295654 3.1147156 
4956949412879 1375076033959965933 2.9856567 9.617004 3.0242615 
4956971570669 1375076033980107535 2.7916565 9.689606 2.668396 
4956989303005 1375076034000279654 2.6357422 9.583679 2.5446167 
4957008897084 1375076034020421255 2.5786133 9.1302185 2.4981995 
4957029040530 1375076034040562857 2.711914 8.987396 2.707672 
4957049122934 1375076034060704459 2.692871 8.744598 3.0171204 
4957069663146 1375076034081151236 2.9071045 8.895752 2.9814148 
4957089806591 1375076034101292838 3.1106262 9.086182 2.3065796 
4957111445535 1375076034121721870 3.0439758 9.532501 2.2339783 
4957130398686 1375076034141314155 3.0106506 9.409912 2.2185059 
4957150175888 1375076034161455756 2.9082947 9.363495 2.297058 
4957170319333 1375076034181597358 2.993988 9.120697 2.2815857 
4957190829023 1375076034201738960 2.8130798 8.923126 2.3887024 
4957210545184 1375076034221880561 2.7928467 8.833862 2.5446167 
4957233191302 1375076034241991645 2.852356 9.044525 2.6707764 
4957251259363 1375076034262163764 2.8797302 9.303986 2.8207397 
4957271219686 1375076034282305366 2.8321228 9.493225 2.7921753 
4957296398993 1375076034302935249 2.9011536 9.5086975 2.8707275 
4957310499405 1375076034321123725 2.7702332 9.312317 2.8016968 
4957331405860 1375076034342272407 2.6869202 9.070709 2.7052917 
4957352739600 1375076034362841254 2.7892761 8.776733 2.5196228 
4957372303158 1375076034383013374 2.8118896 8.814819 2.5898438 
4957391927757 1375076034403154975 2.961853 8.993347 2.450592 
4957411735479 1375076034423296577 3.0046997 9.317078 2.4422607 
4957432031526 1375076034443407661 2.9130554 9.426575 2.5220032 
4957452266534 1375076034463579780 2.7702332 9.493225 2.6957703 
4957504425849 1375076034484026557 2.704773 9.468231 2.8457336 
4957513948205 1375076034503893501 2.7464294 9.2778015 2.6160278 
4957519289270 1375076034524309760 2.7702332 9.104034 2.3518066 
4957532718235 1375076034544146186 2.6512146 8.940979 2.2661133 
4957677506882 1375076034682421333 2.7214355 9.044525 2.6088867 
4957738730748 1375076034746264106 2.8047485 9.320648 2.2673035 
4957802213122 1375076034809557563 2.8178406 9.252808 2.63031 
4957865848101 1375076034873400336 2.742859 9.049286 2.5303345 
4957929116832 1375076034936663276 2.7154846 9.403961 2.7207642 
4957995559682 1375076035000536567 2.6845398 9.043335 2.675537 
4958057668639 1375076035063830024 2.8047485 9.313507 2.335144 
4958142881520 1375076035127668571 2.742859 9.242096 2.6993408 
4958184724950 1375076035190962028 2.6702576 8.998108 2.4779663 
4958249275537 1375076035254865836 2.7845154 9.371826 2.8647766 
4958315779428 1375076035318098258 2.5607605 9.154022 2.745758 
4958373005126 1375076035381971549 2.8118896 9.089752 2.4708252 
4958437799877 1375076035445265006 2.6297913 9.424194 2.8195496 
4958503845962 1375076035509138297 2.7416687 8.971924 2.4422607 
4958567267296 1375076035572370719 2.7273865 9.45871 2.5220032 
4958631268518 1375076035636244010 2.6190796 9.369446 2.82312 
4958691515735 1375076035699506950 2.564331 8.907654 2.668396 
4958776392891 1375076035763380241 2.8297424 9.483704 2.661255 
4958822417611 1375076035826978874 2.5012512 8.983826 2.777893 
4958884801252 1375076035890546989 2.7523804 9.13855 2.8374023 
4958946788127 1375076035953779411 2.5214844 9.327789 2.8278809 
4959013902425 1375076036015821647 2.5714722 9.001678 2.7052917 
4959079307583 1375076036080946159 2.744049 9.387299 2.6993408 
4959138028779 1375076036144758415 2.4334106 9.157593 3.1075745 
4959201724797 1375076036208051872 2.7476196 8.965973 2.3970337 
4959265085089 1375076036271955680 2.6464539 9.52417 2.8790588 
4959329208393 1375076036335188102 2.42865 8.956451 3.059967 
4959392721287 1375076036399030876 2.7845154 9.055237 2.6767273 
4959456997192 1375076036462354850 2.5072021 9.390869 3.0159302 
4959519319792 1375076036526197624 2.6333618 8.935028 2.655304 
4959583076849 1375076036589491081 2.6428833 9.317078 2.9718933 
4959646589744 1375076036653364372 2.3893738 9.283752 3.2039795 
4959709553272 1375076036716627311 2.7345276 8.901703 2.4874878 
4959774348023 1375076036780439567 3.0665894 9.257568 3.001648 
4959836945307 1375076036843763542 2.608368 9.242096 3.155182 
4959900885487 1375076036907606315 2.9249573 8.639862 2.9671326 
4959964184739 1375076036970869254 3.192749 9.186157 2.796936 
4960078697177 1375076037034947677 2.9392395 9.180206 3.3051453 
4960093865802 1375076037098241134 2.8368835 8.843384 2.9837952 
4960155364351 1375076037162053390 3.1713257 8.695801 2.925476 
4960216954462 1375076037224278732 2.8547363 9.211151 3.1539917 
4960282023896 1375076037289189621 2.6845398 9.1813965 3.2349243 
4960345536791 1375076037352483078 2.859497 8.88385 2.738617 
4960411247154 1375076037416356369 2.4893494 9.423004 2.802887 
4960474149640 1375076037479619308 2.4322205 9.220673 2.8659668 
4960536502762 1375076037543492599 2.5690918 9.200439 2.6993408 
4960604990477 1375076037606786056 2.4905396 9.295654 2.6398315 
4960664138958 1375076037670628830 2.5298157 9.26947 2.6445923 
4960725423865 1375076037733891769 2.5048218 9.26828 2.700531 
4960793362214 1375076037797734543 2.4857788 9.259949 2.6779175 
4960855104928 1375076037861058517 2.4905396 9.2456665 2.5731812 
4960918404179 1375076037924870773 2.5274353 9.281372 2.6255493 
4960981886555 1375076037988159990 2.473877 9.288513 2.6243591 
4961043049380 1375076038052063799 2.4465027 9.253998 2.668396 
4961112391667 1375076038115326738 2.5333862 9.2778015 2.6065063 
4961174775308 1375076038179138994 2.5083923 9.238525 2.6184082 
4961235968655 1375076038242462969 2.4655457 9.242096 2.6326904 
4961341691224 1375076038306305742 2.500061 9.317078 2.560089 
4961362109353 1375076038369568682 2.5202942 9.287323 2.4874878 
4961425957972 1375076038433075762 2.4429321 9.242096 2.7279053 
4961489074102 1375076038496735430 2.500061 9.239716 2.675537 
4961556005279 1375076038560547686 2.4917297 9.271851 2.6088867 
4961616679779 1375076038623871660 2.4857788 9.26709 2.5648499 
4961681016724 1375076038687683916 2.5667114 9.2456665 2.6338806 
4961745506271 1375076038751282549 2.5274353 9.253998 2.5922241 
4961808073034 1375076038814820146 2.5167236 9.257568 2.6457825 
4961872196337 1375076038878113603 2.576233 9.259949 2.6160278 
4961936136516 1375076038941986894 2.5417175 9.26828 2.56604 
4961998825360 1375076039005280352 2.5952759 9.263519 2.6017456 
4962062490857 1375076039069153643 2.596466 9.163544 2.5815125 
4962126064793 1375076039132416582 2.5429077 9.317078 2.6160278 
4962189364046 1375076039196259355 2.441742 9.344452 2.4779663 
4962254372439 1375076039259552812 2.608368 9.556305 2.5029602 
4962316359316 1375076039323395586 2.9309082 8.893372 2.706482 
4962379780649 1375076039386658525 3.038025 8.981445 3.4979553 
4962444636439 1375076039450562334 3.2296448 8.898132 3.2432556 
4962507447366 1375076039513825273 3.564087 8.614868 2.6457825 
4962623699465 1375076039577668047 3.2427368 8.977875 3.07901 
4962638318723 1375076039640961504 3.192749 8.973114 3.0159302 
4962701709536 1375076039704773760 3.2903442 8.979065 2.9397583 
4962749687561 1375076039761017656 3.3308105 9.125458 3.124237 
4962769739445 1375076039781159258 3.3177185 8.943359 3.3396606 
4962790798503 1375076039801636553 3.1118164 8.912415 3.2301636 
4962810972470 1375076039821949957 3.0332642 8.998108 2.867157 
4962831237997 1375076039841786382 3.1237183 9.094513 2.6505432 
4962850832076 1375076039861958502 3.1201477 9.125458 2.719574 
4962872409979 1375076039882100103 3.160614 9.105225 2.6707764 
4962891973537 1375076039902241705 3.1463318 9.123077 2.770752 
4962911628657 1375076039922383306 3.1463318 9.027863 2.82312 
4962932779275 1375076039942585943 3.1237183 8.988586 2.8969116 
4962955364351 1375076039962666509 3.109436 8.94574 2.8969116 
4962971387546 1375076039982808111 3.032074 8.988586 3.0123596 
4962997360382 1375076040002949713 3.1189575 9.07785 3.033783 
4963011582877 1375076040021504400 3.0594482 9.01239 2.9814148 
4963035663450 1375076040042653082 3.032074 9.2052 2.969513 
4963052602257 1375076040063374517 3.2272644 9.064758 2.9135742 
4963073417150 1375076040083485601 3.13562 8.956451 2.9338074 
4963092095618 1375076040103657720 3.058258 9.043335 2.8564453 
4963112330627 1375076040123799322 3.115387 9.14212 2.7933655 
4963132687715 1375076040144001959 2.980896 9.0112 2.796936 
4963152709079 1375076040164082525 3.1165771 9.07547 2.8278809 
4963173249289 1375076040184529302 3.0285034 8.994537 2.9659424 
4963193850540 1375076040204640386 3.0523071 9.019531 2.9421387 
4963243720829 1375076040225117681 3.1260986 9.080231 2.8957214 
4963244453318 1375076040244648931 3.1189575 9.023102 2.8683472 
4963255684815 1375076040264790533 3.1046753 8.995728 2.9004822 
4963278758216 1375076040284901617 3.1177673 8.999298 3.039734 
4963293591117 1375076040305073736 3.0558777 8.845764 3.124237 
4963313673521 1375076040325215338 3.103485 8.958832 2.905243 
4963334183212 1375076040345387457 2.9951782 9.174255 2.7850342 
4963354326659 1375076040365498541 3.0118408 9.049286 2.8588257 
4963374225941 1375076040385640142 3.0475464 9.102844 2.8005066 
4963398489637 1375076040405812261 3.0856323 9.084991 2.8338318 
4963413505660 1375076040424061773 2.9440002 9.052856 2.8623962 
4963434747839 1375076040445240972 3.0273132 9.07547 2.764801 
4963456295222 1375076040466237066 3.0523071 9.102844 2.75885 
4963475675659 1375076040486348150 3.1332397 9.031433 2.738617 
4963495086615 1375076040506459234 2.9773254 8.974304 2.9480896 
4963515199540 1375076040526631353 3.089203 9.018341 2.9159546 
4963536044954 1375076040546772955 3.0463562 9.082611 2.95047 
4963555730595 1375076040566945074 3.0177917 9.088562 2.9147644 
4963576057163 1375076040587361334 2.955902 9.055237 2.8445435 
4963597024659 1375076040607197759 3.0237427 9.111176 2.7433777 
4963616618737 1375076040627644537 3.0523071 9.07428 2.7314758 
4963636792703 1375076040647480963 3.0737305 8.963593 2.899292 
4963656356264 1375076040667592047 2.9832764 9.0659485 2.963562 
4963676469189 1375076040687764166 2.973755 9.084991 2.9195251 
4963696582114 1375076040707905767 3.0344543 9.095703 2.7290955 
4963718892506 1375076040728627203 3.0344543 9.095703 2.725525 
4963737387851 1375076040748219488 2.9440002 9.045715 2.7540894 
4963758843673 1375076040768447744 2.9832764 9.015961 2.7398071 
4963780421577 1375076040788589346 3.0368347 9.092133 2.8302612 
4963797665587 1375076040808730947 3.0368347 8.749359 3.0099792 
4963817412267 1375076040828903067 2.993988 8.926697 3.0480652 
4963838440804 1375076040848007071 2.9368591 9.054047 2.995697 
4963858523208 1375076040869186270 2.9666138 9.021912 2.7302856 
4963880284235 1375076040889327871 2.9832764 9.111176 2.7029114 
4963898688019 1375076040909469473 2.9475708 9.111176 2.6921997 
4963929452554 1375076040929611074 2.954712 9.104034 2.5565186 
4963938883349 1375076040949722158 3.0332642 9.131409 2.5946045 
4963959240438 1375076040970168936 3.1296692 9.1302185 2.7755127 
4963979048160 1375076040990035879 3.0094604 9.120697 2.9278564 
4963999527330 1375076041010452139 3.038025 8.973114 3.0837708 
4964019853898 1375076041030593740 2.9785156 8.954071 3.1539917 
4964040546710 1375076041050887930 2.9594727 9.080231 3.0254517 
4964059225177 1375076041070602285 2.9642334 9.064758 2.9147644 
4964079460184 1375076041090743887 3.0463562 9.196869 2.69458 
4964100885486 1375076041110885488 2.999939 9.095703 2.7540894 
4964119869157 1375076041131027090 3.0273132 9.064758 2.789795 
4964139768440 1375076041151168692 3.0213623 9.155212 2.7731323 
4964163879534 1375076041171310293 2.9201965 9.157593 2.6695862 
4964180330015 1375076041191451895 2.8737793 9.136169 2.7636108 
4964200656583 1375076041211593496 3.1130066 9.134979 2.829071 
4964227270347 1375076041232725333 3.018982 9.109985 3.0480652 
4964240546709 1375076041250608634 2.9440002 8.9183655 3.137329 
4964261117441 1375076041271818351 2.827362 8.725555 3.264679 
4964287883808 1375076041292143058 2.967804 8.7565 3.1230469 
4964304944696 1375076041312284659 2.9344788 9.106415 3.245636 
4964321669860 1375076041332975577 3.0796814 9.118317 3.8478699 
4964341202898 1375076041352567862 3.0808716 8.824341 3.3836975 
4964361498945 1375076041372678946 3.1332397 8.8671875 3.2361145 
4964381794993 1375076041392851065 2.6643066 9.007629 3.252777 
4964402091041 1375076041413297843 2.5274353 9.193298 3.3539429 
4964422966975 1375076041433134268 2.526245 9.190918 3.4039307 
4964442835737 1375076041453581046 2.551239 9.163544 3.1587524 
4964462246694 1375076041473417472 2.7976074 8.974304 3.0992432 
4964482451181 1375076041493559073 2.8023682 9.027863 2.9349976 
4964502564106 1375076041513700675 2.755951 9.051666 2.918335 
4964522524430 1375076041533842276 2.6297913 8.992157 2.8504944 
4964582405401 1375076041553953360 2.6881104 9.042145 2.8147888 
4964585121714 1375076041574125479 2.577423 9.07547 2.6707764 
4964586464611 1375076041594267081 2.4786377 9.20163 2.7433777 
4964611735479 1375076041614378165 2.210846 9.1623535 3.2099304 
4964623302700 1375076041634550284 2.1620483 8.938599 3.7109985 
4964642805217 1375076041653166007 2.545288 9.290894 3.9978333 
4964664077917 1375076041674406241 2.4976807 9.108795 3.8526306 
4964687792246 1375076041694944571 2.422699 9.062378 3.618164 
4964707294764 1375076041715086173 2.4215088 9.07547 3.0516357 
4964723745245 1375076041735227774 2.3988953 9.198059 2.9266663 
4964744865342 1375076041756345938 2.6047974 9.080231 3.0290222 
4964764093177 1375076041775541495 2.8987732 8.888611 3.14328 
4964784236622 1375076041795683097 2.5917053 9.001678 3.2146912 
4964804837874 1375076041815824698 2.4762573 8.8993225 3.155182 
4964825164442 1375076041836271476 2.5679016 8.998108 3.1385193 
4964845460489 1375076041856413077 2.7607117 9.227814 3.124237 
4964865573414 1375076041876218985 2.8214111 9.263519 3.1063843 
4964885472698 1375076041896391104 2.6583557 9.232574 3.0480652 
4964905494063 1375076041916532706 2.6178894 9.0980835 3.0480652 
4964926492079 1375076041936674308 2.5619507 9.081421 3.0694885 
4964945597832 1375076041956815909 2.7535706 9.036194 3.0575867 
4964965558155 1375076041976957511 2.8095093 9.061188 2.982605 
4964990096534 1375076041997099112 2.6952515 9.136169 2.995697 
4965006272331 1375076042017240714 2.6393127 9.14093 2.6505432 
4965029711978 1375076042037382315 2.5679016 9.224243 2.7207642 
4965046192979 1375076042055814933 2.6547852 9.151642 3.328949 
4965066366944 1375076042076994132 2.647644 8.990967 3.3182373 
4965089592947 1375076042097776602 2.3858032 8.673187 3.5241394 
4965108668181 1375076042117918204 2.5988464 8.771973 3.219452 
4965126675200 1375076042138090323 2.5881348 8.893372 2.9790344 
4965168915395 1375076042158231925 2.6226501 9.069519 3.054016 
4965171662229 1375076042178373526 2.8368835 9.114746 2.9409485 
4965187288659 1375076042198601863 2.872589 9.182587 2.8171692 
4965207828871 1375076042219048640 2.8237915 9.125458 2.8635864 
4965227697634 1375076042239190242 2.8999634 9.07785 2.957611 
4965248604088 1375076042259545466 2.755951 9.005249 2.9968872 
4965267740362 1375076042279168269 2.903534 8.874329 3.0504456 
4965287914327 1375076042299309871 3.1391907 8.989777 3.0766296 
4965308271416 1375076042319420955 2.9713745 9.131409 3.1516113 
4965328506423 1375076042339593074 2.7142944 8.999298 3.3789368 
4965348558307 1375076042359734675 2.704773 8.962402 3.380127 
4965371692749 1375076042379845759 2.8166504 8.88385 3.2301636 
4965388875719 1375076042400017878 2.9082947 8.935028 3.3337097 
4965408805522 1375076042420159480 2.9523315 8.935028 3.3122864 
4965435785532 1375076042440240046 2.8428345 8.963593 3.3015747 
4965448115762 1375076042458459041 2.8261719 9.042145 3.1289978 
4965468900135 1375076042479668757 2.725006 9.018341 3.105194 
4965491302088 1375076042500725886 2.9463806 9.07428 3.1599426 
4965510529924 1375076042520836970 2.8880615 9.024292 3.01474 
4965529483075 1375076042540978572 2.8987732 9.027863 3.0195007 
4965551976590 1375076042561638972 2.7857056 8.965973 3.2480164 
4965569861527 1375076042581292293 2.6631165 8.781494 3.4920044 
4965590249136 1375076042601464412 2.8606873 9.236145 3.347992 
4965612681609 1375076042621880671 2.8309326 9.131409 3.3646545 
4965638166121 1375076042641717097 2.7654724 9.067139 3.1730347 
4965651228840 1375076042662163875 2.8690186 9.044525 3.0254517 
4965670914480 1375076042682000300 2.7797546 9.14093 2.9683228 
4965691210527 1375076042702141902 2.9285278 9.042145 2.8338318 
4965711231891 1375076042722283503 2.961853 9.052856 2.874298 
4965731100655 1375076042742425105 3.0046997 9.020721 2.9361877 
4965753685730 1375076042763085505 3.0035095 8.969543 3.020691 
4965838959651 1375076042782708308 2.7166748 8.902893 3.2337341 
4965839875262 1375076042802849910 2.6202698 8.873138 3.476532 
4965845918296 1375076042822991511 2.7214355 8.976685 3.5503235 
4965848512527 1375076042843133113 2.8118896 8.989777 3.5300903 
4965852236013 1375076042863274714 2.8047485 8.968353 3.3884583 
4965872409979 1375076042882378718 2.6881104 9.00882 3.2944336 
4965892858628 1375076042903466365 2.627411 8.94574 3.1516113 
4965913063114 1375076042923699519 2.704773 8.998108 3.0694885 
4965932382510 1375076042943810603 2.808319 9.059998 3.054016 
4965952586997 1375076042964013240 2.8487854 8.996918 3.0837708 
4965973218768 1375076042984093806 2.7333374 9.043335 3.1004333 
4965992812847 1375076043004265925 2.897583 9.252808 2.8969116 
4966012895252 1375076043024377009 2.6940613 9.184967 3.3206177 
4966033465982 1375076043044854304 2.481018 8.977875 3.7431335 
4966053914634 1375076043064995906 2.2346497 8.970734 3.8823853 
4966076316587 1375076043085595271 2.5869446 9.002869 3.5527039 
4966094018402 1375076043104973933 2.5559998 9.194489 3.1254272 
4966113704042 1375076043125115535 2.7154846 9.100464 3.0123596 
4966134030610 1375076043145226619 2.6381226 9.068329 3.1766052 
4966154235096 1375076043165398738 2.596466 9.057617 3.1135254 
4966174317501 1375076043185540339 2.5476685 9.064758 3.1706543 
4966196017485 1375076043205681941 2.6845398 9.0980835 3.0444946 
4966215184281 1375076043225823543 2.6631165 9.079041 3.0480652 
4966234930962 1375076043245965144 2.6643066 9.052856 3.0195007 
4966261361604 1375076043266991755 2.3941345 9.094513 3.0956726 
4966274393803 1375076043284844539 2.3941345 9.094513 3.0956726 
4966295544420 1375076043306054255 2.3548584 9.126648 3.2575378 
4966319808116 1375076043326562068 2.5500488 9.200439 2.8850098 
4966336167035 1375076043346673152 2.5464783 9.232574 2.9873657 
4966356066318 1375076043367242000 2.3893738 9.298035 3.3206177 
4966375629877 1375076043386956355 2.1882324 8.676758 3.777649 
4966395834364 1375076043407067439 2.2644043 8.963593 3.6681519 
4966424676115 1375076043427239558 2.5928955 9.219482 3.0825806 
4966436365418 1375076043447686336 2.4750671 9.1623535 2.9004822 
4966462338255 1375076043467492244 2.314392 9.148071 2.8873901 
4966578285151 1375076043582879207 2.5548096 9.179016 3.1004333 
4966641309719 1375076043646447322 2.4179382 9.143311 3.0325928 
4966705433021 1375076043709740779 2.7619019 8.839813 3.540802 
4966768823834 1375076043773553035 2.4369812 9.070709 3.3003845 
4966834778359 1375076043836877009 2.7380981 9.165924 2.789795 
4966897070440 1375076043900750300 2.704773 9.064758 2.8754883 
4966957348175 1375076043964013240 2.7619019 9.045715 3.084961 
4967022600730 1375076044027825496 2.7607117 9.158783 3.0873413 
4967086907155 1375076044091385625 2.7071533 9.083801 3.0314026 
4967149992765 1375076044155228399 2.6226501 9.042145 2.9361877 
4967213047855 1375076044218491338 2.6643066 9.199249 2.790985 
4967276408147 1375076044282364629 2.5750427 9.136169 3.1016235 
4967339188552 1375076044345627569 2.5845642 9.170685 2.5684204 
4967405295679 1375076044409470342 2.9059143 8.988586 2.636261 
4967468228688 1375076044472794317 2.4881592 9.193298 2.8778687 
4967532168868 1375076044536637090 2.660736 9.261139 2.7231445 
4967596200608 1375076044599900030 2.3310547 9.546783 2.8374023 
4967659866104 1375076044663773321 3.026123 9.580109 2.5160522 
4967723806285 1375076044727066778 3.051117 8.976685 2.7659912 
4967805753485 1375076044790909551 3.0999146 8.842194 3.3384705 
4967849763862 1375076044854203008 3.762848 8.05072 3.675293 
4967914222888 1375076044918076299 3.251068 8.7565 4.0121155 
4967976148725 1375076044979447149 3.2034607 8.956451 2.9778442 
4968043079901 1375076045045147280 3.2617798 8.958832 2.982605 
4968104151165 1375076045108471255 3.1951294 8.805298 3.418213 
4968166595848 1375076045172314028 3.1451416 8.901703 3.3491821 
4968230230823 1375076045235576968 3.2010803 8.865997 3.3218079 
4968295880144 1375076045299480777 3.224884 8.858856 3.1480408 
4968357134531 1375076045362743716 3.1594238 8.833862 3.200409 
4968420891589 1375076045426555972 3.2094116 8.920746 3.1635132 
4968483336271 1375076045489879946 3.032074 9.13736 3.033783 
4968546849167 1375076045553692202 3.0987244 8.731506 3.3539429 
4968610117898 1375076045616985659 3.109436 8.9183655 2.9468994 
4968674088600 1375076045680858950 3.0761108 9.112366 3.2813416 
4968747062809 1375076045744152407 3.0856323 8.932648 2.9980774 
4968802091040 1375076045807964663 3.109436 8.758881 3.2301636 
4968866427985 1375076045871258120 3.0118408 9.109985 3.213501 
4968932626672 1375076045935131411 3.0975342 9.050476 3.1230469 
4968990004973 1375076045998394351 3.0808716 8.731506 3.0516357 
4969054555559 1375076046062237124 3.0046997 9.048096 3.1706543 
4969118800944 1375076046125561099 3.0427856 9.001678 3.0766296 
4969178834516 1375076046188244204 3.090393 8.855286 3.046875 
4969245674133 1375076046252697329 2.9713745 9.158783 3.3301392 
4969309705873 1375076046316509585 3.0023193 8.838623 3.0647278 
4969388326353 1375076046379833560 3.121338 8.88385 2.82312 
4969437555713 1375076046443645816 2.9523315 9.288513 3.3955994 
4969500977046 1375076046506969790 2.961853 8.776733 3.1123352 
4969564459421 1375076046570782046 3.1701355 8.980255 2.6779175 
4969627758673 1375076046634075503 3.090393 9.319458 3.1777954 
4969701709536 1375076046697948794 3.0630188 8.737457 3.1956482 
4969754601341 1375076046761242251 3.1296692 8.904083 3.226593 
4969818266837 1375076046825054507 2.7987976 8.937408 3.1063843 
4969892217700 1375076046888347964 2.6440735 9.146881 3.181366 
4969946330319 1375076046952221255 2.6071777 8.94931 3.3658447 
4970007798351 1375076047015750403 2.795227 9.052856 3.3848877 
4970073813915 1375076047079562659 2.6833496 9.064758 3.2682495 
4970136502759 1375076047142886634 2.8368835 8.8029175 2.8778687 
4970200656582 1375076047206729407 2.7273865 9.186157 3.7026672 
4970263345427 1375076047269992346 2.4274597 8.770782 3.4693909 
4970331497419 1375076047333896155 3.0344543 8.780304 3.027832 
4970392812847 1375076047396731848 2.8214111 9.224243 3.232544 
4970454402959 1375076047460971350 2.608368 8.896942 3.1266174 
4970517030763 1375076047524295325 3.1701355 9.33017 2.9397583 
4970581306666 1375076047588138098 2.744049 8.9505005 3.0516357 
4970644483838 1375076047651401038 3.1141968 8.961212 2.7624207 
4970708820782 1375076047715304846 3.0273132 9.239716 3.1230469 
4970772760962 1375076047778567786 2.8880615 8.911224 2.6374512 
4970834839399 1375076047842380042 3.0106506 9.024292 3.3967896 
4970901190688 1375076047905791251 2.891632 9.127838 3.1730347 
4970994918753 1375076047969603507 3.1368103 8.748169 2.598175 
4971023455300 1375076048033049552 3.0094604 9.244476 3.1385193 
4971099756232 1375076048096800773 2.8416443 8.848145 3.2539673 
4971153777291 1375076048160063712 3.039215 8.912415 3.444397 
4971217473307 1375076048223875968 2.8023682 9.314697 3.052826 
4971280558918 1375076048287169425 3.0487366 8.674377 2.7528992 
4971344193893 1375076048351073234 2.9892273 9.154022 3.2039795 
4971406241810 1375076048414305656 2.7202454 9.086182 3.3218079 
4971473356109 1375076048478148429 3.0011292 8.7517395 3.130188 
4971532718234 1375076048541472404 2.8809204 9.380157 2.9778442 
4971632367250 1375076048624297111 3.2332153 8.800537 3.1587524 
4971634442635 1375076048644438712 3.268921 8.62439 3.4205933 
4971653945153 1375076048664580314 3.0784912 8.854095 3.4741516 
4971673234028 1375076048684752433 2.8440247 8.963593 3.597931 
4971694903492 1375076048706084220 2.6809692 8.902893 3.5039063 
4971713581960 1375076048725066154 2.692871 8.863617 3.444397 
4971734000089 1375076048745146720 2.820221 8.800537 3.232544 
4971754357177 1375076048765624015 2.948761 8.996918 3.3206177 
4971774531144 1375076048785765617 3.096344 9.042145 3.258728 
4971794399906 1375076048805571525 3.089203 9.050476 3.1849365 
4971814695953 1375076048825743644 2.9630432 9.239716 3.1075745 
4971834808878 1375076048845885245 2.840454 9.249237 2.9814148 
4971857454994 1375076048866209953 2.948761 9.015961 2.9980774 
4971874821088 1375076048886168449 2.9773254 8.780304 3.0385437 
4971895330778 1375076048906310050 2.9832764 8.793396 3.1480408 
4971919045107 1375076048926421134 2.922577 8.901703 2.988556 
4971935556628 1375076048946593253 2.8249817 9.024292 3.07901 
4971955425390 1375076048966734855 2.6940613 9.037384 3.2182617 
4971975996121 1375076048985381095 2.68573 9.026672 3.457489 
4971995864884 1375076049006529777 2.5881348 9.048096 3.559845 
4972016679778 1375076049027159660 2.6071777 9.061188 3.5384216 
4972037403110 1375076049047270744 2.8642578 9.082611 3.3325195 
4972057363434 1375076049067412345 2.6464539 9.023102 3.2146912 
4972077323757 1375076049088805167 2.6238403 9.031433 3.0766296 
4972096612633 1375076049107726066 2.691681 9.13974 3.1182861 
4972116450876 1375076049127837150 2.7916565 9.07666 3.0861511 
4972136899525 1375076049148314445 2.7773743 9.07785 3.1218567 
4972157012450 1375076049168456046 2.7916565 8.981445 3.2218323 
4972178926077 1375076049188750236 2.6654968 8.88385 3.3789368 
4972197238300 1375076049208464591 2.6643066 8.863617 3.3134766 
4972217290185 1375076049228575675 2.6845398 8.981445 3.0932922 
4972246315059 1375076049248686759 2.9142456 9.061188 2.9409485 
4972273142466 1375076049268858878 2.8106995 9.036194 3.0492554 
4972279185500 1375076049289000480 2.757141 9.045715 3.1718445 
4972298047090 1375076049309142081 2.7190552 9.161163 3.14328 
4972317793771 1375076049329283683 2.5940857 9.20163 3.213501 
4972337937217 1375076049349425285 2.725006 9.07428 3.194458 
4972363940574 1375076049370024650 2.7059631 9.029053 3.0861511 
4972377308497 1375076049387968986 2.6940613 8.987396 2.9647522 
4972398611716 1375076049409117667 2.763092 8.957642 2.8195496 
4972421288355 1375076049430083244 2.725006 9.015961 3.001648 
4972445246847 1375076049450102775 2.7273865 9.092133 3.0444946 
4972459530381 1375076049470213859 2.7773743 9.220673 3.0766296 
4972479185500 1375076049490416495 2.6357422 9.189728 3.0075989 
4972499451027 1375076049510527579 2.6869202 9.232574 2.8552551 
4972519411351 1375076049530699699 2.5524292 9.200439 2.8957214 
4972539890521 1375076049551146476 2.5095825 9.118317 3.0040283 
4972559911885 1375076049570952384 2.666687 9.087372 3.0325928 
4972580299494 1375076049591429679 2.6357422 9.07309 3.1468506 
4972599954613 1375076049611266105 2.7166748 9.164734 3.0040283 
4972620800028 1375076049631407706 2.6428833 9.375397 2.8909607 
4972640729831 1375076049651549308 2.6571655 9.344452 2.9730835 
4972660598593 1375076049671690910 2.774994 9.189728 3.020691 
4972681291405 1375076049692259757 2.6440735 9.004059 3.2468262 
4972701282249 1375076049711974113 2.7071533 8.926697 3.1087646 
4972721181534 1375076049732115714 2.6321716 8.900513 3.0099792 
4972745933555 1375076049752257316 2.6500244 8.999298 2.8338318 
4972761468424 1375076049772398917 2.8023682 9.051666 2.861206 
4972780391055 1375076049790526359 2.7333374 9.164734 2.924286 
4972802243641 1375076049812000267 2.679779 9.242096 2.9457092 
4972822173444 1375076049833026878 2.5500488 9.374207 3.0040283 
4972842927298 1375076049853168480 2.4774475 9.26947 3.0028381 
4972889348784 1375076049873310082 2.3739014 9.123077 3.2051697 
4972919930197 1375076049893482201 2.4964905 9.144501 3.098053 
4972921303613 1375076049913776390 2.589325 9.054047 3.039734 
4972924935538 1375076049933795921 2.7226257 9.082611 2.9028625 
4972946696564 1375076049953907005 2.7416687 9.024292 2.6957703 
4972962963922 1375076049974353783 2.7273865 9.07309 2.5862732 
4972983046327 1375076049994495384 2.6940613 9.108795 2.585083 
4973005448280 1375076050016559593 2.7131042 9.200439 2.7243347 
4973023058535 1375076050034473412 2.5631409 9.261139 2.9278564 
4973043079900 1375076050054615013 2.5583801 9.224243 3.0694885 
4973063650631 1375076050074756615 2.5940857 9.249237 3.1468506 
4973083702516 1375076050094898216 2.6333618 9.20163 3.039734 
4973104059604 1375076050115039818 2.5905151 9.14212 2.9802246 
4973127773933 1375076050135181419 2.634552 9.101654 2.7993164 
4973144132852 1375076050155323021 2.641693 9.111176 2.8040771 
4973164154217 1375076050175464623 2.640503 9.089752 2.8445435 
4973189730289 1375076050196277611 2.6321716 9.101654 2.905243 
4973204135904 1375076050214557640 2.6428833 9.165924 2.9349976 
4973225042359 1375076050235736839 2.6809692 9.177826 2.9457092 
4973246681304 1375076050256000511 2.6643066 9.198059 3.0099792 
4973265298731 1375076050276142113 2.5143433 9.113556 3.0064087 
4973284953850 1375076050296283714 2.6012268 9.145691 2.8754883 
4973305371979 1375076050316455834 2.5952759 9.186157 2.6600647 
4973326736239 1375076050336566918 2.6226501 9.289703 2.7695618 
4973346055637 1375076050356739037 2.6357422 9.158783 2.9837952 
4973365893879 1375076050377185814 2.4976807 9.088562 3.1444702 
4973386678252 1375076050397083275 2.5202942 9.183777 2.9933167 
4973405906086 1375076050417194359 2.62146 9.1813965 2.9361877 
4973425988491 1375076050437305443 2.615509 9.1302185 2.9421387 
4973454494518 1375076050457416527 2.647644 9.063568 2.9980774 
4973488585775 1375076050477588646 2.608368 9.070709 3.137329 
4973490569599 1375076050497730248 2.526245 9.037384 3.1206665 
4973509187026 1375076050517871849 2.5786133 9.171875 3.0135498 
4973528262258 1375076050538013451 2.6119385 9.179016 2.8302612 
4973547123848 1375076050558155052 2.6059875 9.189728 2.7755127 
4973570136210 1375076050578266136 2.526245 9.217102 2.8124084 
4973586922414 1375076050598438255 2.5845642 9.144501 2.95047 
4973606363891 1375076050617176048 2.6000366 9.092133 3.0361633 
4973628948966 1375076050638416283 2.730957 9.079041 3.0171204 
4973648298883 1375076050658863060 2.5905151 9.093323 3.0361633 
4973668198167 1375076050678974144 2.6869202 9.024292 2.9814148 
4973687731205 1375076050699146263 2.7226257 9.13974 2.8362122 
4973708424017 1375076050719257347 2.6107483 9.239716 2.8064575 
4973728384340 1375076050739429466 2.6012268 9.174255 2.8873901 
4973748405704 1375076050759566321 2.500061 9.188538 2.9421387 
4973768335507 1375076050779707922 2.627411 9.179016 2.8766785 
4973788753637 1375076050800154700 2.846405 9.13855 2.7290955 
4973808897082 1375076050820296301 2.774994 9.07428 2.912384 
4973832855574 1375076050841689124 2.6464539 8.952881 3.039734 
4973849061892 1375076050860274329 2.55719 9.042145 3.130188 
4973869022216 1375076050880415930 2.6762085 9.27066 2.9004822 
4973890294915 1375076050900588049 2.5548096 9.295654 2.8719177 
4973909675352 1375076050920699133 2.820221 9.154022 2.8135986 
4973929452553 1375076050940840735 2.698822 9.240906 2.706482 
4973954387698 1375076050960951819 2.659546 9.20401 2.7731323 
4973973401890 1375076050981123938 2.7285767 9.146881 2.7683716 
4973989882891 1375076051001265540 2.763092 9.155212 2.8362122 
4974010392581 1375076051019911780 2.7166748 9.100464 2.8754883 
4974030749669 1375076051040968909 2.7868958 9.105225 2.8493042 
4974051167798 1375076051061720862 2.723816 9.081421 2.9266663 
4974072226855 1375076051081831946 2.7714233 9.143311 2.9004822 
4974090661160 1375076051101973547 2.6654968 9.165924 2.9468994 
4974112910511 1375076051123366370 2.6321716 9.1813965 2.9480896 
4974131711061 1375076051142226233 2.698822 9.239716 2.956421 
4974152403873 1375076051162398352 2.640503 9.243286 2.9552307 
4974210850387 1375076051182814612 2.6654968 9.215912 2.8754883 
4974211827039 1375076051202956213 2.6381226 9.174255 2.7612305 
4974218999326 1375076051223097815 2.6262207 9.13974 2.725525 
4974232397770 1375076051242934241 2.5179138 9.063568 2.7445679 
4974252297052 1375076051263075842 2.711914 9.149261 2.6184082 
4974272471018 1375076051283247962 2.8214111 9.218292 2.5815125 
4974292583943 1375076051303359046 2.6452637 9.351593 2.5029602 
4974312971553 1375076051323500647 2.5798035 9.312317 2.6207886 
4974332962396 1375076051343672766 2.544098 9.214722 2.6862488 
4974352312312 1375076051363814368 2.49292 9.156403 2.719574 
4974372486278 1375076051383955969 2.583374 9.2659 2.4708252 
4974399679929 1375076051404494299 2.6845398 9.246857 2.4494019 
4974411888079 1375076051422347083 2.717865 9.157593 2.7612305 
4974432702973 1375076051443526282 2.5429077 9.100464 3.130188 
4974454525039 1375076051464491858 2.5286255 9.100464 3.2801514 
4974474393801 1375076051484633460 2.511963 9.099274 3.1182861 
4974493224871 1375076051504805579 2.5905151 9.174255 2.7433777 
4974513917685 1375076051524947180 2.5798035 9.232574 2.5410461 
4974533725406 1375076051545058264 2.6000366 9.165924 2.8040771 
4974553929892 1375076051565230383 2.570282 9.190918 2.8981018 
4974585579518 1375076051585677161 2.5238647 9.188538 2.944519 
4974595284996 1375076051605483069 2.5821838 9.129028 3.001648 
4974614818034 1375076051625960364 2.4536438 9.083801 3.1968384 
4974634290033 1375076051645796790 2.5667114 9.150452 3.0254517 
4974654555560 1375076051665907874 2.5167236 9.218292 2.6255493 
4974678849776 1375076051686079993 2.6190796 9.286133 2.3065796 
4974694811930 1375076051706221594 2.647644 9.386108 2.2018433 
4974717183364 1375076051726668372 2.570282 9.319458 2.463684 
4974735220904 1375076051746504797 2.6119385 9.227814 2.8433533 
4974755333829 1375076051766646399 2.6190796 9.124268 2.995697 
4974783076847 1375076051786757483 2.4441223 9.080231 3.0706787 
4974795803842 1375076051806929602 2.6571655 9.161163 2.75885 
4974829193131 1375076051827071204 2.5226746 9.292084 2.6838684 
4974836945305 1375076051846175208 2.6190796 9.232574 2.6398315 
4974856600425 1375076051867323889 2.577423 9.208771 2.6600647 
4974876621789 1375076051887465491 2.5679016 9.154022 2.6993408 
4974896185347 1375076051907607092 2.6238403 9.184967 2.7112427 
4974916664517 1375076051927748694 2.6190796 9.221863 2.6921997 
4974936563800 1375076051947920813 2.4988708 9.229004 2.6469727 
4974956737766 1375076051968062415 2.653595 9.292084 2.456543 
4974976789651 1375076051988204016 2.6821594 9.171875 2.4970093 
4974997329861 1375076052008650794 2.49411 9.126648 2.7100525 
4975017564867 1375076052028792395 2.4393616 9.325409 2.810028 
4975039722659 1375076052049788489 2.692871 9.368256 2.4910583 
4975057729678 1375076052068770422 2.7999878 9.547974 1.956665 
4975077598440 1375076052088912024 2.263214 9.753876 2.2922974 
4975098565936 1375076052109053626 2.4012756 9.286133 2.9088135 
4975118404178 1375076052129195227 2.3834229 9.392059 3.0813904 
4975138272942 1375076052149336829 2.763092 9.380157 3.001648 
4975161590506 1375076052169478430 2.795227 9.236145 2.9016724 
4975178559833 1375076052189620032 3.0784912 9.100464 3.1206665 
4975198489635 1375076052209761633 3.0475464 8.597015 3.418213 
4975224706635 1375076052230513587 2.9689941 8.150696 4.227539 
4975238410282 1375076052248763098 2.9689941 8.150696 4.227539 
4975259255697 1375076052269911780 3.211792 8.438721 4.084717 
4975281352446 1375076052290328040 3.1522827 8.81839 3.4967651 
4975299969873 1375076052310439124 3.0273132 9.050476 3.0694885 
4975475889300 1375076052419661536 3.1249084 8.929077 3.1528015 
4975484862289 1375076052482893958 3.0808716 8.863617 3.226593 
4975540806131 1375076052547072424 3.0749207 8.961212 3.084961 
4975604380068 1375076052610060706 3.0820618 8.862427 3.1777954 
4975666550066 1375076052674106026 3.0999146 8.989777 3.1016235 
4975729299950 1375076052737399483 3.2415466 8.94693 2.8969116 
4975795712281 1375076052801242257 3.147522 8.979065 3.0516357 
4975857760198 1375076052864505196 3.122528 9.018341 3.0195007 
4975921120493 1375076052928409005 3.07016 8.999298 3.0694885 
4975984663908 1375076052991671944 3.0868225 8.962402 3.1147156 
4976048359924 1375076053055484200 3.07135 8.964783 3.1313782 
4976118160014 1375076053118777657 3.0880127 9.004059 2.905243 
4976177461098 1375076053182681466 3.1046753 9.044525 2.8838196 
4976239478497 1375076053245913887 3.039215 8.9826355 3.027832 
4976304853134 1375076053309817696 3.1260986 8.88147 3.220642 
4976366290642 1375076053373080635 3.0487366 9.0659485 2.8207397 
4976430474985 1375076053436892891 3.1487122 8.989777 2.8766785 
4976493774237 1375076053500186348 3.07135 9.0147705 3.2337341 
4976557561817 1375076053564059639 3.0808716 8.970734 2.9266663 
4976622265006 1375076053627348139 3.1165771 9.015961 2.944519 
4976684404483 1375076053691190913 3.0939636 8.983826 2.9671326 
4976782161236 1375076053754789546 3.0987244 9.000488 3.0052185 
4976810392580 1375076053818296626 3.0927734 8.932648 3.1456604 
4976875400975 1375076053881590083 3.1082458 9.019531 2.918335 
4976934976741 1375076053943510249 3.0820618 9.000488 2.8754883 
4977002335202 1375076054008756831 3.0737305 9.002869 2.9968872 
4977065603934 1375076054072660639 3.1332397 8.976685 3.0314026 
4977128872665 1375076054135893061 3.039215 8.976685 3.1004333 
4977193697937 1375076054199735835 3.083252 9.006439 2.989746 
4977262735018 1375076054262998774 3.0606384 9.001678 2.9802246 
4977318892504 1375076054326872065 2.94281 8.967163 3.432495 
4977406760657 1375076054390165522 2.935669 9.01358 3.1278076 
4977447200149 1375076054453977778 3.1082458 9.024292 2.969513 
4977510590964 1375076054517271235 3.1130066 8.968353 2.937378 
4977574592184 1375076054581175044 3.0523071 9.019531 3.033783 
4977637982996 1375076054644499018 3.0558777 9.005249 3.0075989 
4977706959039 1375076054708280757 3.0439758 9.0147705 2.9326172 
4977763849012 1375076054771574214 2.948761 8.971924 3.1837463 
4977828674282 1375076054835386470 2.999939 8.995728 2.9802246 
4977892217699 1375076054898679927 3.0761108 9.054047 2.829071 
4977956035797 1375076054962583735 3.0035095 9.039764 2.906433 
4978021410435 1375076055025846675 2.9975586 8.985016 3.1730347 
4978083214189 1375076055089719966 2.9582825 9.057617 2.9397583 
4978145445229 1375076055151670649 3.0523071 9.029053 3.046875 
4978207432104 1375076055216825678 2.9666138 9.058807 2.8493042 
4978273874954 1375076055280088618 3.018982 9.027863 3.0004578 
4978337601492 1375076055343931391 2.9332886 9.002869 3.0099792 
4978405631402 1375076055407255366 2.9844666 9.063568 2.9421387 
4978481230365 1375076055471372798 2.9785156 8.979065 3.1087646 
4978528292779 1375076055534596767 2.8928223 9.194489 2.938568 
4978622234486 1375076055598439540 3.0094604 8.993347 3.0480652 
4978658095923 1375076055661732997 2.929718 8.823151 3.2373047 
4978718068453 1375076055725575771 3.0975342 9.0147705 2.924286 
4978782466440 1375076055788899745 2.6357422 9.134979 2.9945068 
4978845307886 1375076055852742519 2.8511658 9.004059 3.0885315 
4978908729220 1375076055916005458 2.9475708 8.979065 2.976654 
4978974286979 1375076055979909267 2.717865 9.173065 2.989746 
4979036884263 1375076056043172206 2.9213867 9.121887 2.7052917 
4979101648494 1375076056106984462 2.7190552 9.154022 2.8778687 
4979163818492 1375076056170308437 2.820221 9.095703 3.2373047 
4979262277214 1375076056234151210 2.9344788 9.0980835 2.7029114 
4979290478037 1375076056297414150 2.9082947 9.069519 2.9397583 
4979354051972 1375076056360677089 2.782135 9.148071 2.9219055 
4979417839552 1375076056424790180 3.1308594 8.975494 2.6993408 
4979486449348 1375076056488602436 2.9320984 9.002869 2.9552307 
4979545353667 1375076056551987446 2.8892517 9.152832 3.008789 
4979608713959 1375076056615738667 2.871399 9.090942 3.0766296 
4979675675657 1375076056679123676 2.8630676 9.036194 2.912384 
4979736655360 1375076056742905415 2.859497 9.086182 2.9623718 
4979799954613 1375076056806168354 2.807129 9.0469055 3.0028381 
4979863162304 1375076056870011128 2.8928223 9.109985 2.9040527 
4979926431037 1375076056933381666 2.6785889 9.100464 2.8147888 
4979990554338 1375076056997193922 2.808319 9.068329 3.0504456 
4980059957664 1375076057060456861 2.8535461 9.196869 2.482727 
4980125820628 1375076057124269117 2.922577 9.01001 2.8243103 
4980183321009 1375076057187593092 2.820221 9.059998 3.040924 
4980254097754 1375076057251405347 2.7547607 9.199249 2.5934143 
4980308637659 1375076057314698804 2.9475708 9.07785 2.6267395 
4980374653225 1375076057378602613 2.8285522 9.031433 2.6802979 
4980435938132 1375076057447389234 2.583374 9.392059 2.7624207 
4980456020537 1375076057467347730 2.55719 9.175446 2.8576355 
4980476194503 1375076057487489332 2.6940613 8.857666 3.1218567 
4980501770574 1375076057507600416 2.846405 8.583923 3.5050964 
4980516511914 1375076057527772535 3.1558533 8.548218 3.540802 
4980536197556 1375076057546693433 3.077301 8.845764 3.470581 
4980566901050 1375076057567903150 2.7000122 9.4444275 3.3182373 
4980579780647 1375076057588197340 2.659546 8.999298 3.2611084 
4980597574024 1375076057608308424 2.8178406 9.035004 2.9611816 
4980619792855 1375076057628480543 3.1082458 9.059998 2.5922241 
4980642561052 1375076057648622144 3.089203 8.985016 2.6326904 
4980657729677 1375076057668763746 2.9416199 9.017151 2.8873901 
4980677659480 1375076057688905347 2.8023682 9.0112 3.0361633 
4980697863967 1375076057709046949 2.8166504 9.045715 2.9135742 
4980718312616 1375076057729493726 2.7511902 9.095703 2.776703 
4980738364501 1375076057749635328 2.6785889 9.26947 2.789795 
4980758660548 1375076057769471754 2.659546 9.374207 2.7886047 
4980778376709 1375076057789613355 2.7666626 9.255188 2.7802734 
4980798520155 1375076057809754957 2.7773743 9.184967 2.732666 
4980819182447 1375076057829866041 2.6571655 9.171875 2.8385925 
4980838623924 1375076057850038160 2.6702576 9.111176 2.988556 
4980858828411 1375076057870240797 2.890442 9.039764 2.9266663 
4980883153148 1375076057890347694 2.9475708 9.048096 3.1206665 
4980899084782 1375076057910489296 2.6833496 9.080231 2.9195251 
4980919228228 1375076057930630897 2.7964172 9.105225 3.1289978 
4980939646357 1375076057949368690 2.9213867 9.000488 2.9147644 
4980960186567 1375076057970517372 2.9142456 9.14212 2.7112427 
4980980360534 1375076057991055702 2.8452148 9.243286 2.5220032 
4981002365723 1375076058011197303 2.8999634 9.082611 2.5684204 
4981020128580 1375076058031308387 3.0844421 9.023102 2.7398071 
4981040302545 1375076058051511024 2.916626 9.007629 2.8873901 
4981060629113 1375076058071652626 2.8309326 8.994537 2.95047 
4981080589436 1375076058091733192 2.8666382 9.152832 2.873108 
4981100916004 1375076058112210487 2.801178 9.180206 2.9207153 
4981121303613 1375076058132352089 2.7726135 9.094513 2.9992676 
4981156432563 1375076058152981971 2.7845154 9.07666 2.9492798 
4981214421269 1375076058172330116 2.7833252 9.150452 2.8005066 
4981215581044 1375076058192471717 2.7333374 9.218292 2.8183594 
4981220830548 1375076058212613319 2.8154602 9.208771 2.8600159 
4981224218309 1375076058232754921 2.6547852 9.196869 2.9540405 
4981241401278 1375076058252896522 2.6583557 9.481323 2.577942 
4981262490855 1375076058273068641 2.6869202 9.65509 2.4029846 
4981281657649 1375076058293179725 2.6976318 9.493225 2.4934387 
4981301770575 1375076058313321327 2.7964172 9.231384 3.1718445 
4981325729067 1375076058333676551 3.1748962 9.101654 3.1159058 
4981341233416 1375076058351926063 3.1963196 9.123077 2.770752 
4981362567156 1375076058373105262 3.1249084 8.875519 2.9671326 
4981383778815 1375076058393887733 3.103485 8.644623 3.3920288 
4981403128731 1375076058413998817 3.121338 8.512512 3.7098083 
4981422661769 1375076058434170936 3.4760132 8.269714 3.4717712 
4981442805215 1375076058454312538 3.2915344 8.182831 3.7407532 
4981462979181 1375076058474484657 3.3558044 8.273285 4.0109253 
4981483855117 1375076058494595741 3.0880127 8.771973 3.796692 
4981503876481 1375076058515042518 2.9832764 8.906464 3.7181396 
4981524264090 1375076058534878944 3.0404053 8.808868 3.649109 
4981544010770 1375076058555325721 3.096344 8.813629 3.578888 
4981564184736 1375076058575162147 3.1106262 8.794586 3.4991455 
4981583961937 1375076058595334266 3.1237183 8.924316 3.2622986 
4981604074863 1375076058615445350 3.0296936 8.94693 3.2932434 
4981624279349 1375076058635586952 3.2153625 8.793396 3.3896484 
4981647871597 1375076058655698036 3.121338 8.701752 3.6681519 
4981664779883 1375076058675900673 3.1249084 8.723175 3.6919556 
4981684679165 1375076058696011757 2.9594727 8.889801 3.4908142 
4981708362975 1375076058716153358 3.0689697 8.88266 3.4205933 
4981725301782 1375076058736294960 3.0594482 8.848145 3.387268 
4981743827647 1375076058754544471 3.1058655 8.843384 3.5110474 
4981766504284 1375076058775723671 3.141571 8.838623 3.4682007 
4981804227465 1375076058796719764 3.064209 8.830292 3.483673 
4981806241810 1375076058816830848 3.103485 8.781494 3.4562988 
4981825530685 1375076058836972450 3.0630188 8.7565 3.5586548 
4981845826732 1375076058857144569 3.0677795 8.811249 3.6038818 
4981865939658 1375076058877316688 3.0653992 8.895752 3.5122375 
4981885930501 1375076058897397255 2.9987488 9.01001 3.3206177 
4981906226548 1375076058917538856 3.1368103 8.855286 3.2170715 
4981926553117 1375076058938016151 3.090393 8.770782 3.3967896 
4981946757603 1375076058958157753 3.0689697 8.769592 3.476532 
4981968091343 1375076058979123329 3.0273132 8.849335 3.444397 
4981986800331 1375076058998135780 3.0784912 8.860046 3.4551086 
4982007126900 1375076059018277382 3.0868225 8.871948 3.4348755 
4982029681455 1375076059038388466 3.0606384 8.837433 3.5503235 
4982047230669 1375076059058560585 3.0665894 8.893372 3.5622253 
4982067618277 1375076059078702186 3.0166016 8.7838745 3.611023 
4982094140482 1375076059098843788 3.051117 8.525604 3.6086426 
4982107874650 1375076059118985389 3.07016 8.744598 3.3634644 
4982127743412 1375076059139126991 3.0868225 8.873138 3.4408264 
4982153075321 1375076059160306190 3.0749207 8.94455 3.5312805 
4982167908222 1375076059178311561 3.1249084 8.682709 3.4979553 
4982188906237 1375076059199551796 3.0142212 8.766022 3.5384216 
4982211186109 1375076059219662880 3.1677551 8.763641 3.533661 
4982322646509 1375076059239804481 3.045166 8.906464 3.4789124 
4982323440039 1375076059260586952 3.0999146 8.907654 3.296814 
4982324111487 1375076059280179237 3.0630188 8.876709 3.368225 
4982364581501 1375076059300259803 3.1320496 8.876709 3.355133 
4982368427068 1375076059320401405 3.0820618 8.896942 3.3848877 
4982369159557 1375076059340848182 3.1165771 8.871948 3.3301392 
4982376087682 1375076059360715126 3.1522827 8.879089 3.2599182 
4982376789650 1375076059380826210 2.9380493 8.88504 3.3575134 
4982433893266 1375076059400967811 2.993988 8.88266 3.4979553 
4982440119422 1375076059421109413 3.2082214 8.68985 3.6015015 
4982442591572 1375076059441251014 3.1987 8.620819 3.6407776 
4982450343748 1375076059461392616 3.2962952 8.389923 3.7681274 
4982475065249 1375076059481595253 3.2463074 8.524414 3.8335876 
4982490630639 1375076059501675819 3.089203 8.825531 3.4872437 
4982510621482 1375076059521817421 3.2355957 9.020721 3.2146912 
4982536136513 1375076059541928505 3.0106506 9.045715 3.6264954 
4982550664211 1375076059562100624 3.1653748 8.682709 3.7728882 
4982570655055 1375076059580899452 3.0927734 8.589874 3.7931213 
4982592019315 1375076059602139686 2.9927979 8.5529785 3.726471 
4982611979638 1375076059622494911 3.2534485 8.617249 3.4682007 
4982632092565 1375076059642636512 3.3831787 8.993347 3.296814 
4982651625604 1375076059662778114 2.865448 9.148071 3.33609 
4982672776221 1375076059684018348 2.5917053 9.315887 3.3218079 
4982692980708 1375076059703122352 2.8678284 8.987396 3.0064087 
4982712086460 1375076059723263954 2.8892517 8.969543 2.6981506 
4982732535110 1375076059743344520 3.160614 8.877899 2.8005066 
4982753014279 1375076059763821815 3.4153137 8.844574 2.6457825 
4982773127205 1375076059784165731 3.0939636 9.025482 2.8005066 
4982792782325 1375076059804002156 2.7392883 8.989777 3.1289978 
4982812956291 1375076059824143758 2.62146 8.954071 3.3658447 
4982833008175 1375076059844285360 2.776184 8.924316 3.5110474 
4982854769201 1375076059864426961 2.7857056 8.993347 3.4277344 
4982873295067 1375076059884568563 2.8833008 9.00882 3.393219 
4982893316431 1375076059904710164 2.846405 9.029053 3.188507 
4982917000240 1375076059924821248 2.6464539 9.148071 2.9921265 
4982933450720 1375076059944993367 2.7464294 9.158783 2.8457336 
4982953777290 1375076059965134969 2.8773499 9.113556 2.8171692 
4982974805826 1375076059983750692 3.0273132 9.099274 2.9588013 
4982994186262 1375076060004929891 2.9332886 9.0469055 3.1956482 
4983016069369 1375076060025529256 2.8999634 8.893372 3.315857 
4983084709687 1375076060045670858 2.7642822 8.920746 3.1480408 
4983099786750 1375076060065812459 2.8035583 9.000488 2.9671326 
4983118770422 1375076060085984578 2.8797302 9.121887 2.8504944 
4983123348478 1375076060106126180 2.9261475 9.104034 2.8504944 
4983153624687 1375076060126267781 2.9047241 9.119507 2.8362122 
4983159179394 1375076060146714559 2.717865 9.086182 2.8873901 
4983265878618 1375076060166856160 2.744049 9.055237 2.9873657 
4983273172986 1375076060187455526 2.7785645 9.029053 3.1456604 
4983274424322 1375076060206834188 3.0439758 9.031433 3.0266418 
4983275278892 1375076060226975789 3.0154114 9.092133 2.7790833 
4983280986202 1375076060247086873 2.672638 9.273041 2.776703 
4983283397311 1375076060267258992 2.6333618 9.20163 2.8945313 
4983329147349 1375076060287400594 2.7928467 9.064758 2.9778442 
4983334213730 1375076060307511678 3.090393 8.970734 3.0361633 
4983383198928 1375076060327683797 3.058258 8.995728 2.988556 
4983384511304 1375076060347825399 2.7380981 9.133789 2.9468994 
4983389150401 1375076060368058553 2.62146 9.249237 2.9004822 
4983436273855 1375076060386338582 2.910675 9.083801 2.925476 
4983437250507 1375076060407517781 2.8095093 9.106415 2.9909363 
4983481230364 1375076060428361287 2.9154358 9.062378 2.893341 
4983487609122 1375076060448533406 2.897583 9.004059 2.8326416 
4983488311090 1375076060468644490 2.7678528 9.024292 2.906433 
4983537509930 1375076060489426961 2.9440002 8.914795 2.861206 
4983544102330 1375076060508958211 2.9392395 9.021912 2.6600647 
4983594827190 1375076060529130330 3.013031 8.938599 2.5898438 
4983595773322 1375076060549546590 2.7107239 8.905273 2.82312 
4983602304682 1375076060569352498 2.8487854 8.974304 3.156372 
4983654097753 1375076060589829793 2.8440247 9.023102 2.9278564 
4983655043884 1375076060609666219 2.7000122 9.450378 2.8362122 
4983659805062 1375076060629807821 2.634552 9.605103 2.6731567 
4983701984217 1375076060649949422 2.5274353 9.543213 2.6731567 
4983706348631 1375076060670091024 2.4429321 9.342072 2.7755127 
4983713429357 1375076060690202108 2.5524292 8.992157 2.8719177 
4983717305444 1375076060710374227 2.6309814 8.843384 3.1147156 
4983789119880 1375076060730510914 2.9666138 8.670807 3.3432312 
4983794369384 1375076060750621998 3.2843933 8.788635 3.412262 
4983796261647 1375076060770794117 3.1130066 8.942169 3.3396606 
4983796963616 1375076060791027272 2.7464294 8.939789 3.181366 
4983800900744 1375076060810100758 2.6143188 9.050476 2.982605 
4983820769506 1375076060831218922 2.6071777 9.084991 2.8493042 
4983840516187 1375076060851360524 2.897583 9.107605 2.7886047 
4983859988184 1375076060871471608 3.0427856 9.408722 2.577942 
4983880833600 1375076060891613209 2.7107239 9.582489 2.674347 
4983900610801 1375076060911785328 2.6309814 9.556305 2.7433777 
4983920876328 1375076060931926930 2.7071533 9.627716 2.5565186 
4983940897692 1375076060952068532 2.8166504 9.3992 2.475586 
4983961224260 1375076060972515309 2.679779 9.190918 2.3970337 
4983981642389 1375076060992656910 2.999939 8.8671875 2.2982483 
4984002609885 1375076061012981617 3.0534973 8.631531 2.4970093 
4984021563036 1375076061032634938 2.801178 8.657715 2.8362122 
4984041584400 1375076061052776539 2.8630676 9.030243 3.039734 
4984061849927 1375076061072918141 2.8630676 9.300415 3.27063 
4984081871291 1375076061093059742 2.5274353 9.634857 3.3456116 
4984102197860 1375076061113201344 2.307251 9.789581 3.2158813 
4984125179700 1375076061133312428 2.2263184 9.557495 3.0837708 
4984144773779 1375076061153484547 2.4893494 9.421814 2.8397827 
4984249611258 1375076061256176198 3.2070313 8.279236 3.277771 
4984314680692 1375076061320018971 3.0308838 9.2456665 2.9992676 
4984374897386 1375076061383281910 2.7202454 9.151642 3.156372 
4984440943472 1375076061447216237 2.7035828 8.5625 3.2575378 
4984504822613 1375076061510723317 3.07016 9.063568 3.1063843 
4984567725099 1375076061574291432 3.1403809 8.998108 2.7719421 
4984632153605 1375076061637584889 2.9380493 9.340881 2.514862 
4984697284079 1375076061701397145 3.0035095 8.976685 2.8814392 
4984758752109 1375076061764721119 3.026123 9.019531 2.8719177 
4984821074711 1375076061828594410 2.9666138 9.095703 2.9492798 
