#SysTm EventTmStmp Rot:x Rot:y Rot:z
288803783134579 1378835287462048521 0.0016060589 7.7651214E-4 -0.6759607 
288803823604592 1378835287716351500 0.0014902255 6.2468834E-4 -0.67592424 
288803886964884 1378835287780316343 0.0016357761 7.049634E-4 -0.67588145 
288803948249794 1378835287843518248 0.0016225786 8.217848E-4 -0.67598486 
288804012434136 1378835287907452574 0.0015541784 7.3680095E-4 -0.6759671 
288804073047595 1378835287970593443 0.0016368146 8.138875E-4 -0.67596805 
288804140985944 1378835288034558287 0.001531916 7.966414E-4 -0.6760315 
288804200958475 1378835288097760191 0.0015737229 8.2057965E-4 -0.6760199 
288804270422844 1378835288161755552 0.0014720636 7.8797457E-4 -0.67606866 
288804382585211 1378835288224865904 0.0016210874 8.3231577E-4 -0.6759944 
288804394854401 1378835288288830748 0.0015411924 8.0865336E-4 -0.6760343 
288804452385303 1378835288352032652 0.0016590911 8.211872E-4 -0.6759575 
288804516630686 1378835288415966978 0.0017044735 8.00727E-4 -0.6759076 
288804580845551 1378835288479168882 0.0017219279 6.5744744E-4 -0.6757798 
288804646281229 1378835288543133726 0.0018029419 6.848002E-4 -0.6757421 
288804708756430 1378835288606305113 0.0017702454 5.816013E-4 -0.6756833 
288804771933601 1378835288670300474 0.0017970687 5.4989255E-4 -0.6756381 
288804835843260 1378835288733441343 0.0018841076 5.246837E-4 -0.67555374 
288804902927041 1378835288797406187 0.0019237943 5.1085185E-4 -0.6755134 
288804992748495 1378835288860547056 0.0018591903 4.0845753E-4 -0.6754787 
288805025954660 1378835288924511900 0.0018909681 4.331868E-4 -0.6754752 
288805089925360 1378835288987895596 0.0018137764 3.6237185E-4 -0.6754751 
288805153194093 1378835289051860440 0.0017955975 4.767799E-4 -0.67558044 
288805216371263 1378835289115001309 0.0016866724 5.2553456E-4 -0.6756999 
288805306528443 1378835289178996671 0.0015232278 4.6553265E-4 -0.67577213 
288805343702256 1378835289242137540 0.0015526486 4.496187E-4 -0.6757377 
288805406299541 1378835289306132901 0.0016560671 4.3406404E-4 -0.6756489 
288805470575445 1378835289369304288 0.00160274 4.5882683E-4 -0.6757081 
288805566836699 1378835289433238614 0.0016134875 5.482074E-4 -0.675772 
288805596380419 1378835289496410001 0.0016731271 6.171521E-4 -0.6757834 
288805661419333 1378835289560405362 0.0016564436 6.737872E-4 -0.67584115 
288805725237431 1378835289623576749 0.001726791 6.8982225E-4 -0.67580223 
288805788017838 1378835289687541592 0.0017223125 6.623591E-4 -0.67578346 
288805853178832 1378835289750712979 0.0017575718 6.0186826E-4 -0.67570895 
288805916600166 1378835289814662041 0.0016962575 5.459982E-4 -0.67570925 
288805981486478 1378835289877863945 0.0017745526 5.381642E-4 -0.6756453 
288806061327772 1378835289941798271 0.001736083 5.0083414E-4 -0.6756436 
288806159939095 1378835290004969658 0.0018292377 6.099518E-4 -0.67566264 
288806168942605 1378835290068903984 0.0017436956 5.856547E-4 -0.67570615 
288806232486020 1378835290132105889 0.0017208972 5.6647934E-4 -0.6757075 
288806295815794 1378835290196070732 0.0018513332 6.7031005E-4 -0.6756948 
288806364242468 1378835290259242119 0.0016643428 6.1031117E-4 -0.6757844 
288806428060565 1378835290323176445 0.0015954481 5.006922E-4 -0.67574716 
288806491359819 1378835290386378349 0.0016080684 5.588732E-4 -0.6757846 
288806555208437 1378835290451045098 0.001596745 5.577151E-4 -0.675792 
288806636026383 1378835290513728203 0.0015864728 5.728754E-4 -0.6758117 
288806683088797 1378835290577509941 0.0015383967 5.8460224E-4 -0.6758566 
288806741871034 1378835290640620293 0.0015834129 6.441893E-4 -0.67587125 
288806809229497 1378835290704585137 0.0015183779 6.728432E-4 -0.6759422 
288806868439018 1378835290767787041 0.0015111127 6.172432E-4 -0.6759029 
288806932928566 1378835290831751885 0.0014421678 5.646899E-4 -0.6759115 
288806995831053 1378835290894892754 0.0016004529 5.753951E-4 -0.6758034 
288807071826781 1378835290959193291 0.0015158426 4.0346137E-4 -0.6757277 
288807136194245 1378835291022395195 0.0015617815 5.5218855E-4 -0.6758133 
288807195556369 1378835291086329521 0.0015541216 5.227347E-4 -0.6757953 
288807261541414 1378835291149287285 0.0015705704 5.8765267E-4 -0.6758353 
288807385087881 1378835291213130058 0.0015304517 6.009145E-4 -0.67587554 
288807441184326 1378835291340296807 0.0014810025 4.944927E-4 -0.6758265 
288807504300455 1378835291403468193 0.0015994271 6.0521177E-4 -0.67582816 
288807569034166 1378835291467675875 0.0016260347 5.6107005E-4 -0.6757731 
288807631387286 1378835291530847262 0.0015864613 5.371197E-4 -0.67578304 
288807695052784 1378835291594873141 0.0016756671 6.422106E-4 -0.67580163 
288807758046832 1378835291657952975 0.0014971928 5.2443286E-4 -0.67583865 
288807836301066 1378835291722222994 0.0015957268 5.968039E-4 -0.6758241 
288807897067127 1378835291785363863 0.0015531527 6.002496E-4 -0.67585826 
288808013593909 1378835291849084566 0.0015549789 6.184174E-4 -0.6758715 
288808022231174 1378835291912225436 0.001558206 5.990461E-4 -0.67585355 
288808076191194 1378835291976220797 0.0016361065 5.821947E-4 -0.6757826 
288808139002119 1378835292039361666 0.0015727424 5.1621196E-4 -0.67577636 
288808203949471 1378835292103357027 0.0015861794 5.4826227E-4 -0.67579216 
288808266027910 1378835292166528414 0.0014874093 4.7933584E-4 -0.6758096 
288808330242772 1378835292230493258 0.0016420349 5.3190993E-4 -0.67573786 
288808393267341 1378835292293618179 0.0015977033 4.7938724E-4 -0.6757284 
288808468927344 1378835292357583023 0.0017379173 5.4360373E-4 -0.67567664 
288808526000440 1378835292420784927 0.0015705234 4.549158E-4 -0.67572874 
288808595373247 1378835292484719253 0.0016925537 6.0075015E-4 -0.6757559 
288808653239873 1378835292547921157 0.0017092507 5.8321503E-4 -0.6757296 
288808715928718 1378835292611886001 0.0016995254 6.590307E-4 -0.6757976 
288808775290842 1378835292675057388 0.0016410393 6.350152E-4 -0.6758214 
288808844053241 1378835292739022232 0.001667973 6.528951E-4 -0.6758159 
288808904880343 1378835292802193618 0.0016193107 6.837946E-4 -0.67587656 
288808967202943 1378835292866219497 0.0016685554 6.5267505E-4 -0.6758153 
288809044053240 1378835292929512954 0.0016768016 6.5749086E-4 -0.6758131 
288809111991589 1378835292993569351 0.0016562195 6.3493574E-4 -0.67581016 
288809226656629 1378835293056466079 0.0015648706 6.0441234E-4 -0.67585295 
288809284340132 1378835293183602310 0.0015808259 5.115593E-4 -0.67576665 
288809347151058 1378835293247567154 0.001662092 6.191779E-4 -0.6757932 
288809410450311 1378835293310738540 0.00159958 5.027375E-4 -0.6757457 
288809475245060 1378835293374703384 0.0016715592 6.2607514E-4 -0.67579174 
288809537659223 1378835293437874771 0.001575618 5.649136E-4 -0.6758133 
288809624947488 1378835293501839614 0.0016565797 6.4165815E-4 -0.6758153 
288809696548280 1378835293565163589 0.0015595874 6.0673594E-4 -0.67585874 
288809775809687 1378835293629250503 0.0015537536 5.7882885E-4 -0.6758406 
288809850554080 1378835293692177749 0.0015844994 6.159285E-4 -0.67584777 
288809857665327 1378835293756081558 0.0015444555 6.0733594E-4 -0.67587036 
288809918919713 1378835293819283462 0.0015283992 5.9882895E-4 -0.67587537 
288809983500821 1378835293883248306 0.0015482451 5.773457E-4 -0.6758435 
288810046220187 1378835293946632055 0.0014961323 4.5792985E-4 -0.675786 
288810110496092 1378835294010596898 0.0015173627 5.131774E-4 -0.67581475 
288810178556522 1378835294073798803 0.001432878 5.625146E-4 -0.6759166 
288810251103447 1378835294138038305 0.00155439 6.6755596E-4 -0.67591137 
288810315013106 1378835294201118139 0.0014785996 5.5124454E-4 -0.6758739 
288810382402088 1378835294265174535 0.001598837 6.461179E-4 -0.6758614 
288810453148312 1378835294328040746 0.0015080025 5.242036E-4 -0.6758305 
288810491878664 1378835294392005590 0.0015654868 5.8135414E-4 -0.675834 
288810554994794 1378835294455176976 0.0014984093 5.59835E-4 -0.6758662 
288810619392779 1378835294519141820 0.0013548898 5.5655005E-4 -0.6759693 
288810681990064 1378835294582313207 0.0014687795 6.7682884E-4 -0.6759819 
288810746021804 1378835294646247533 0.0012401954 5.55931E-4 -0.67605335 
288810812861420 1378835294709449437 0.0014115116 7.0703414E-4 -0.67604834 
288810880830289 1378835294773398433 0.0014552681 6.2899786E-4 -0.6759535 
288810942023635 1378835294836600337 0.0015298194 6.8208174E-4 -0.6759411 
288811109153195 1378835294900565181 0.0014861748 6.8430795E-4 -0.6759751 
288811127648540 1378835295027701411 0.0013897533 6.378982E-4 -0.67600894 
288811191039354 1378835295090872798 0.0013535979 6.336476E-4 -0.6760321 
288811254552248 1378835295154837642 0.0014279268 6.61372E-4 -0.6759996 
288811318065144 1378835295218009028 0.0014316075 5.8013294E-4 -0.6759317 
288811382524169 1378835295281973872 0.0014338191 6.2847097E-4 -0.6759689 
288811446555911 1378835295345145259 0.0014076764 6.634683E-4 -0.6760162 
288811516356002 1378835295409079585 0.0014446914 7.514296E-4 -0.6760595 
288811577610390 1378835295472281489 0.0014235342 7.424909E-4 -0.67606795 
288811655010054 1378835295536520991 0.0014888395 7.607046E-4 -0.6760344 
288811763143733 1378835295599631343 0.0016103293 8.7404536E-4 -0.67603576 
288811769827694 1378835295663382563 0.0015079606 7.548961E-4 -0.6760157 
288811826137782 1378835295726553950 0.0016059034 8.544953E-4 -0.67602336 
288811890291605 1378835295790518794 0.0016028536 8.5427554E-4 -0.67602545 
288811953316173 1378835295853659663 0.0016116321 8.257151E-4 -0.67599607 
288812032333417 1378835295917624507 0.0016579955 8.603877E-4 -0.67598975 
288812083577122 1378835295980826411 0.0017098443 8.6517684E-4 -0.67595536 
288812146418569 1378835296044760737 0.0016965001 7.9473987E-4 -0.6759087 
288812216951150 1378835296107932124 0.0016048324 7.6124805E-4 -0.6759494 
288812315989757 1378835296171927485 0.0015973026 7.0575083E-4 -0.6759104 
288812355055834 1378835296235098872 0.0016283109 7.253931E-4 -0.6759033 
288812402545533 1378835296299033198 0.0016542963 7.44565E-4 -0.67589957 
288812467706528 1378835296362204585 0.0015812936 7.4116373E-4 -0.6759506 
288812530486935 1378835296426442831 0.0015945612 7.957759E-4 -0.6759846 
288812593358902 1378835296489614218 0.0015421765 8.3097536E-4 -0.6760515 
288812657756887 1378835296553640097 0.0015363456 8.849169E-4 -0.676099 
288812736835172 1378835296616750448 0.0015351842 8.345742E-4 -0.6760595 
288812794671277 1378835296680959433 0.0016668555 8.4925693E-4 -0.67597425 
288812869049426 1378835296744130820 0.0015850145 7.260595E-4 -0.67593575 
288812929205079 1378835296808156698 0.0016652958 6.736297E-4 -0.67583454 
288813008100241 1378835296871053427 0.0016118863 6.407022E-4 -0.6758475 
288813034958168 1378835296934957236 0.0016537036 7.3673663E-4 -0.6758937 
288813097647015 1378835296998159140 0.0016429202 7.549272E-4 -0.67591625 
288813163571019 1378835297062093466 0.0016807187 8.1383367E-4 -0.6759356 
288813224916966 1378835297125295370 0.0017501597 8.73638E-4 -0.67593247 
288813288704544 1378835297189260214 0.0016962362 8.005529E-4 -0.6759136 
288813352309002 1378835297252446189 0.0017088001 8.611935E-4 -0.6759529 
288813444511046 1378835297316655173 0.0016664682 8.949416E-4 -0.6760112 
288813549714771 1378835297379796042 0.0016517488 9.5039693E-4 -0.67606646 
288813571384235 1378835297443821921 0.0016100134 8.9391856E-4 -0.676052 
288813644816250 1378835297506718650 0.001643928 9.2100847E-4 -0.6760487 
288813671246892 1378835297570622458 0.0015779198 8.553329E-4 -0.67604464 
288813733447410 1378835297633854880 0.0015032127 8.5456856E-4 -0.6760991 
288813797326549 1378835297697789206 0.0015588651 8.1859465E-4 -0.67602926 
288813861022569 1378835297760991111 0.0014966897 7.770635E-4 -0.6760417 
288813926427726 1378835297824955954 0.0015730308 8.7781734E-4 -0.6760663 
288813993328381 1378835297888096824 0.001505636 7.7322137E-4 -0.67603207 
288814066882478 1378835297952366843 0.0015116583 8.083442E-4 -0.6760558 
288814145014632 1378835298015294089 0.001447399 7.9175865E-4 -0.6760899 
288814184324873 1378835298079228415 0.0014230544 7.719902E-4 -0.67609197 
288814247318920 1378835298142369284 0.0014372676 7.902326E-4 -0.6760961 
288814305582311 1378835298204747214 0.0013635509 6.8784924E-4 -0.6760683 
288814370346541 1378835298269536033 0.0012776476 5.968228E-4 -0.6760586 
288814434073077 1378835298333470359 0.0013939308 6.317099E-4 -0.6760009 
288814501309459 1378835298396672263 0.0013553714 5.26246E-4 -0.6759446 
288814567569186 1378835298460637107 0.001430427 5.4731115E-4 -0.67590624 
288814648814417 1378835298524052634 0.0014837495 6.1329844E-4 -0.6759199 
288814702988079 1378835298588047995 0.0014628649 5.450287E-4 -0.6758805 
288814765035996 1378835298651127829 0.0015552964 6.330175E-4 -0.675883 
288814841397969 1378835298715214743 0.0015088955 6.140765E-4 -0.67590195 
288814922917884 1378835298778080954 0.0016343634 6.8597717E-4 -0.6758672 
288814942634044 1378835298842045798 0.0016034754 5.88059E-4 -0.6758114 
288815009626261 1378835298905394190 0.0016302993 6.573545E-4 -0.67584723 
288815073230716 1378835298969328516 0.0016428082 6.0007174E-4 -0.67579204 
288815136804653 1378835299032530420 0.0015648458 5.4514897E-4 -0.6758054 
288815196136256 1378835299096495264 0.0017183264 5.9300853E-4 -0.6757307 
288815277778251 1378835299159636133 0.0016090967 5.1692664E-4 -0.67575014 
288815350935583 1378835299223936670 0.001670585 5.529812E-4 -0.67573375 
288815452721026 1378835299287016504 0.0016466884 4.2449837E-4 -0.67564815 
288815468316936 1378835299351042383 0.0016727729 4.6425592E-4 -0.6756609 
288815566775658 1378835299413023584 0.0016204987 4.833052E-4 -0.67571473 
288815582005323 1378835299477903956 0.001516539 5.262717E-4 -0.67582583 
288815644724688 1378835299541044825 0.001641774 6.2403665E-4 -0.67581207 
288815705979076 1378835299605009668 0.0014931771 4.8401547E-4 -0.67580914 
288815778556521 1378835299668438958 0.001558189 5.7434355E-4 -0.67583376 
288815846433830 1378835299732464837 0.0014808152 5.6385744E-4 -0.67588234 
288815907383013 1378835299795575188 0.0015721348 6.919692E-4 -0.67591786 
288815972177762 1378835299859631585 0.0015688321 5.917541E-4 -0.6758399 
288816046983195 1378835299922680901 0.0015840598 5.2792067E-4 -0.67577744 
288816110923376 1378835299986737298 0.0016134274 5.2519666E-4 -0.6757536 
288816164852873 1378835300049634026 0.0016400096 5.2304677E-4 -0.67573225 
288816215150448 1378835300113598870 0.0016294923 5.868337E-4 -0.6757912 
288816277259405 1378835300176770257 0.0015831765 6.1710936E-4 -0.6758497 
288816343305490 1378835300240735100 0.0016163065 5.8475626E-4 -0.6757993 
288816408313884 1378835300303906487 0.0016003628 6.149572E-4 -0.67583525 
288816483119316 1378835300368145989 0.001596067 5.640158E-4 -0.6757975 
288816544465265 1378835300431256341 0.0016284889 4.5898967E-4 -0.6756893 
288816616676466 1378835300495312737 0.0016394069 5.366433E-4 -0.67574364 
288816693648845 1378835300558423089 0.0015452179 5.549674E-4 -0.67582774 
288816780387743 1378835300621930169 0.0015238373 5.04924E-4 -0.6758033 
288816788841886 1378835300685284661 0.0014653966 4.9602403E-4 -0.67583925 
288816849089102 1378835300749249505 0.0014940978 5.5186625E-4 -0.67586297 
288816912327313 1378835300812451409 0.0015211256 5.750383E-4 -0.6758616 
288816975931768 1378835300876416253 0.0014194335 5.9018075E-4 -0.67594874 
288817044205842 1378835300939557122 0.0014596554 6.2125974E-4 -0.67594403 
288817106986247 1378835301003521966 0.0014156629 6.3656963E-4 -0.67598873 
288817167477625 1378835301066723870 0.0013813091 5.2805967E-4 -0.675927 
288817231265204 1378835301130658196 0.0014581416 5.256962E-4 -0.67586845 
