#SysTm EventTmStmp Rot:x Rot:y Rot:z
4735571234970 1375075812364250975 0.2771282 -0.4986248 -0.5948115 
4735628033385 1375075812428124266 0.2772604 -0.49885482 -0.5946372 
4735638349270 1375075812491417723 0.27948165 -0.50086814 -0.5921928 
4735655349118 1375075812555229979 0.28041667 -0.50164366 -0.59139746 
4735666641655 1375075812618553954 0.27925065 -0.50091344 -0.5921837 
4735739524303 1375075812682518798 0.27828407 -0.50018483 -0.5927512 
4735784419773 1375075812745690184 0.27906144 -0.50032365 -0.59211713 
4735821044219 1375075812809532958 0.2798187 -0.50083584 -0.5911969 
4735867435184 1375075812872856932 0.27887726 -0.5004974 -0.59170634 
4735934152718 1375075812936638671 0.27805546 -0.4997024 -0.592415 
4735992507670 1375075812999932128 0.27818796 -0.5001017 -0.59171945 
4736056997216 1375075813063835936 0.27833435 -0.5006466 -0.591148 
4736125790137 1375075813127159911 0.2777376 -0.50049525 -0.5915922 
4736185243821 1375075813190911132 0.27722728 -0.5005567 -0.59170187 
4736249214523 1375075813254235106 0.2772345 -0.500808 -0.5915912 
4736312605336 1375075813318077880 0.27758002 -0.50085515 -0.59134173 
4736375965630 1375075813381340819 0.27769712 -0.5004051 -0.5911856 
4736521853009 1375075813446801024 0.2764015 -0.49932113 -0.59231746 
4736541599689 1375075813508507567 0.27569753 -0.4993246 -0.5920556 
4736579689113 1375075813572350341 0.27596375 -0.50024974 -0.5909316 
4736699695218 1375075813635643798 0.27573052 -0.5004294 -0.59065235 
4736739280140 1375075813699486571 0.27471536 -0.500455 -0.58996254 
4736806974327 1375075813762749511 0.27314025 -0.5012658 -0.58808106 
4736857455023 1375075813826622802 0.26935667 -0.5031297 -0.58577925 
4736897497751 1375075813889885741 0.2651736 -0.50547093 -0.58194226 
4736946116705 1375075813953728514 0.25692585 -0.50814843 -0.580037 
4737009263355 1375075814017021971 0.24968863 -0.5103892 -0.57625866 
4737076225052 1375075814081313949 0.2512223 -0.5110944 -0.5729005 
4737138334009 1375075814144393783 0.2552018 -0.5114612 -0.57269406 
4737202213148 1375075814208328109 0.25307915 -0.5131094 -0.57334226 
4737265726044 1375075814271560531 0.25137767 -0.5135529 -0.5742603 
4737329452581 1375075814335403304 0.25412446 -0.51128954 -0.57716876 
4737393026518 1375075814398696761 0.26021215 -0.5110258 -0.5772385 
4737462826608 1375075814462570052 0.26545498 -0.5127855 -0.57533276 
4737519625020 1375075814525832992 0.26585343 -0.51263225 -0.57598364 
4737583992486 1375075814589675765 0.26345164 -0.5107536 -0.5787085 
4737647352780 1375075814653274398 0.26287594 -0.5093679 -0.5802876 
4737711140357 1375075814716781478 0.26444453 -0.508791 -0.5808244 
4737773676601 1375075814780074935 0.26516795 -0.50800633 -0.5816788 
4737837860943 1375075814843978744 0.26474252 -0.50688595 -0.58278006 
4737900977074 1375075814907241683 0.26476294 -0.5064632 -0.58317393 
4737965649742 1375075814971114974 0.2657706 -0.5067121 -0.58278793 
4738031238022 1375075815034377914 0.2660868 -0.5065771 -0.583148 
4738093011256 1375075815098369079 0.2652779 -0.5063016 -0.5837384 
4738153960439 1375075815161632018 0.2649492 -0.50677705 -0.583307 
4738219029874 1375075815225444274 0.26559243 -0.50769603 -0.5821095 
4738281169351 1375075815288768249 0.26603815 -0.5080357 -0.58130926 
4738344712767 1375075815352611022 0.26467124 -0.50743437 -0.5820766 
4738407859417 1375075815415873962 0.26344803 -0.50740916 -0.5819234 
4738476102970 1375075815479777770 0.2631255 -0.50822103 -0.58087766 
4738537326837 1375075815543040710 0.2616449 -0.5081164 -0.581455 
4738603128760 1375075815606899517 0.26015487 -0.5075661 -0.58222497 
4738665787084 1375075815670162456 0.2596785 -0.50783604 -0.5819143 
4738728323327 1375075815734035747 0.2593364 -0.50845766 -0.5814424 
4738791164775 1375075815797268169 0.25881642 -0.5083296 -0.5819824 
4738855837443 1375075815861477153 0.2585914 -0.50806135 -0.58238345 
4738920052306 1375075815924434917 0.2588157 -0.50822216 -0.5824179 
4738982252824 1375075815988247173 0.25956768 -0.5082709 -0.5826126 
4739046467688 1375075816051571148 0.2600931 -0.5083522 -0.5828339 
4739109827982 1375075816115383403 0.2611095 -0.50791395 -0.58249635 
4739173340876 1375075816178676860 0.26250175 -0.50742567 -0.58182496 
4739237372618 1375075816242519634 0.2639464 -0.50712764 -0.5807821 
4739297955556 1375075816305874126 0.2637099 -0.5069445 -0.58150315 
4739362384063 1375075816369655864 0.26432386 -0.5065405 -0.5816232 
4739428033383 1375075816432949321 0.26513308 -0.5059944 -0.5817983 
4739489196210 1375075816497123496 0.26540995 -0.50625974 -0.5816386 
4739552373381 1375075816560233848 0.26521516 -0.506218 -0.5822876 
4739617259691 1375075816624076621 0.26526412 -0.5059487 -0.58278805 
4739685289602 1375075816687431113 0.26568943 -0.50623846 -0.582522 
4739745842020 1375075816751273887 0.26588884 -0.5066419 -0.58223057 
4739809843241 1375075816814506309 0.26560307 -0.5064294 -0.58266073 
4739871006068 1375075816878379600 0.26558736 -0.5062171 -0.5828908 
4739934030636 1375075816941642539 0.2663067 -0.50603443 -0.5824018 
4739998581224 1375075817005592906 0.26618525 -0.5060433 -0.58252287 
4740064444187 1375075817069191539 0.26695508 -0.50631416 -0.5817877 
4740125698575 1375075817132698619 0.26740223 -0.5062281 -0.5820366 
4740191286855 1375075817195992076 0.26663876 -0.5056196 -0.5828209 
4740253273731 1375075817258156383 0.2668384 -0.50605565 -0.5821548 
4740317244432 1375075817323128307 0.2672471 -0.50653136 -0.58202565 
4740380787847 1375075817387032115 0.2664581 -0.5058568 -0.5827942 
4740447413819 1375075817450295055 0.26598287 -0.5054212 -0.58307385 
4740506318138 1375075817514168346 0.266321 -0.5056496 -0.5828719 
4740569556350 1375075817577400768 0.2665204 -0.50589496 -0.58281374 
4740633374449 1375075817641243541 0.26663694 -0.50576496 -0.5823611 
4740708912370 1375075817704567516 0.26549613 -0.5052182 -0.58304685 
4740766534832 1375075817768410289 0.26474696 -0.50483817 -0.5836064 
4740824523540 1375075817831673229 0.2652245 -0.50557697 -0.5829305 
4740889165690 1375075817895546520 0.26562947 -0.5063111 -0.58229584 
4740952037656 1375075817958957774 0.2648607 -0.50606006 -0.582792 
4741015764194 1375075818022647959 0.26424837 -0.5057636 -0.5830602 
4741081413514 1375075818086002452 0.2647093 -0.5060359 -0.58275604 
4741144316001 1375075818149845225 0.2652186 -0.5063707 -0.58253205 
4741214909624 1375075818213108165 0.2652074 -0.5063605 -0.5826806 
4741271097629 1375075818276920420 0.26527992 -0.5062227 -0.58286196 
4741334824165 1375075818340274913 0.26650324 -0.5059138 -0.5820189 
4741413719329 1375075818404178721 0.2682318 -0.5053252 -0.5812054 
4741461147987 1375075818466373545 0.26969618 -0.50609124 -0.5803831 
4741534122197 1375075818531192881 0.26834944 -0.5058164 -0.58160853 
4741589486153 1375075818594486338 0.26798955 -0.5047721 -0.58206517 
4741653487373 1375075818658359629 0.2695975 -0.505603 -0.58131945 
4741715657373 1375075818721653086 0.27028924 -0.50610733 -0.5811016 
4741777949453 1375075818785465342 0.26966822 -0.5055336 -0.58181113 
4741849122960 1375075818848758799 0.27109674 -0.5053574 -0.58101785 
4741905951894 1375075818912601573 0.2710034 -0.505291 -0.5814233 
4741969800512 1375075818975895030 0.27067262 -0.50530833 -0.5812843 
4742033771214 1375075819039829356 0.2709218 -0.5057572 -0.5810059 
4742097436710 1375075819103092295 0.27088997 -0.50577205 -0.58116853 
4742161437930 1375075819166904551 0.271144 -0.50597847 -0.5808988 
4742225103429 1375075819230198008 0.27115354 -0.5060003 -0.5807934 
4742289898179 1375075819294071299 0.27062002 -0.5060168 -0.58113396 
4742351488289 1375075819357334239 0.27074522 -0.50587475 -0.5810573 
4742416740845 1375075819421146495 0.27102017 -0.5058815 -0.5810241 
4742478697201 1375075819484470469 0.2718853 -0.5057111 -0.58023596 
4742542393220 1375075819548313243 0.2714498 -0.5056337 -0.5807112 
4742607096408 1375075819611606700 0.27064323 -0.50569046 -0.58144677 
4742670975547 1375075819675174815 0.2704009 -0.5057603 -0.5814196 
4742732962422 1375075819738742930 0.27035272 -0.50571007 -0.5814894 
4742797146766 1375075819802585704 0.2693978 -0.50595236 -0.58206147 
4742867496225 1375075819865879161 0.26804847 -0.5060652 -0.58329237 
4742924599841 1375075819929896603 0.2673832 -0.5062099 -0.58366895 
4742992263506 1375075819993220578 0.26977086 -0.50616634 -0.58069813 
4743049336602 1375075820057093869 0.2687864 -0.50589997 -0.5813722 
4743114863842 1375075820120387326 0.26782376 -0.5056734 -0.58182144 
4743179536511 1375075820184169064 0.26788345 -0.5061841 -0.5813885 
4743241126624 1375075820247462521 0.26780385 -0.50638753 -0.58136296 
4743305921374 1375075820311366330 0.26707363 -0.50607216 -0.58177245 
4743368549177 1375075820374629270 0.26832148 -0.50622696 -0.5803612 
4743432947164 1375075820438441525 0.26740834 -0.50604516 -0.5810717 
4743496337977 1375075820501765500 0.2663529 -0.5057839 -0.5815221 
4743559911911 1375075820565608273 0.26686767 -0.50647366 -0.5809931 
4743622570237 1375075820628871213 0.2676491 -0.50673467 -0.5803156 
4743685289601 1375075820692744504 0.2667741 -0.5058698 -0.5815377 
4743749870709 1375075820756037961 0.26622775 -0.5055011 -0.582058 
4743815550551 1375075820819972287 0.26735893 -0.5064978 -0.58118 
4743878178354 1375075820883169962 0.26805767 -0.50702775 -0.5811148 
4743939737946 1375075820946982218 0.26814416 -0.50640655 -0.5816276 
4744004990501 1375075821010275675 0.2674107 -0.5058897 -0.5827832 
4744068533918 1375075821074118449 0.26766336 -0.50593525 -0.5830767 
4744131772129 1375075821137411906 0.26916507 -0.50678825 -0.5823988 
4744196109074 1375075821201590373 0.2702259 -0.5072607 -0.5822928 
4744257973869 1375075821264578654 0.26994315 -0.5068012 -0.5830756 
4744322249772 1375075821328512980 0.26989543 -0.5065532 -0.58329743 
4744386586717 1375075821391684367 0.2703607 -0.5068521 -0.58307695 
4744448817756 1375075821455527140 0.27047136 -0.5070285 -0.5831896 
4744511994926 1375075821518881632 0.27021116 -0.50700057 -0.5836075 
4744575507822 1375075821582693888 0.27082756 -0.5068749 -0.5832958 
4744640485694 1375075821645956828 0.27039587 -0.5067755 -0.5837984 
4744704059631 1375075821709860636 0.26995915 -0.50578177 -0.5848674 
4744766107547 1375075821773123576 0.26954344 -0.5058827 -0.58541745 
4744830963339 1375075821836935832 0.27003285 -0.506811 -0.58479285 
4744894964560 1375075821900259806 0.26985976 -0.50676024 -0.5850939 
4744958385892 1375075821964133097 0.26942375 -0.50645155 -0.58536947 
4745028918473 1375075822027365519 0.26980427 -0.50651485 -0.5850961 
4745086479897 1375075822091238810 0.27018565 -0.50670034 -0.58483773 
4745149412904 1375075822154532267 0.26998627 -0.5065919 -0.5850095 
4745212895279 1375075822218375041 0.26993415 -0.5065266 -0.5851161 
4745275736725 1375075822281668498 0.2710713 -0.50632524 -0.58390033 
4745339707425 1375075822345511271 0.27075663 -0.5062788 -0.5842885 
4745403769687 1375075822409079386 0.27088264 -0.50617224 -0.58420974 
4745467313102 1375075822472647501 0.27223057 -0.50574666 -0.5832973 
4745530978599 1375075822535940958 0.27262732 -0.5055685 -0.5831645 
4745594216810 1375075822599753214 0.27132058 -0.5058559 -0.5842435 
4745658218030 1375075822663046671 0.27071422 -0.5058313 -0.58510125 
4745726308982 1375075822726950480 0.27169067 -0.5057206 -0.58427435 
4745786647757 1375075822790418554 0.2708844 -0.50566345 -0.58665764 
4745849367124 1375075822854291845 0.2729131 -0.5057835 -0.5861503 
4745912055968 1375075822917585302 0.27441087 -0.5062125 -0.58541137 
4745975721465 1375075822981428076 0.27398768 -0.50612575 -0.58570194 
4746039875288 1375075823044782568 0.27324846 -0.505651 -0.5860614 
4746102777774 1375075823108533789 0.2729239 -0.50566095 -0.5859567 
4746167908249 1375075823171918799 0.27300856 -0.5057764 -0.5857958 
4746229895125 1375075823235639502 0.27243495 -0.5054395 -0.5864644 
4746292004082 1375075823298932959 0.2721263 -0.5055022 -0.5863192 
4746357073517 1375075823362806250 0.2722197 -0.50601727 -0.5857273 
4746420281208 1375075823426069189 0.27180353 -0.50603753 -0.585782 
4746485198041 1375075823489911963 0.27090555 -0.50574493 -0.58618814 
4746555852702 1375075823553235937 0.27052814 -0.5056334 -0.58627445 
4746612986840 1375075823617383886 0.27072248 -0.5056684 -0.5860784 
4746678666681 1375075823680372168 0.27049273 -0.50567555 -0.5862898 
4746738272967 1375075823744363253 0.26878995 -0.505962 -0.5875705 
4746801328056 1375075823807595675 0.26833802 -0.5060395 -0.5877906 
4746866611133 1375075823871499484 0.2689228 -0.50619435 -0.58664036 
4746929299978 1375075823934792941 0.2698958 -0.5064165 -0.58488643 
4746993484321 1375075823998605196 0.2686885 -0.50599545 -0.5856415 
4747056692013 1375075824061929171 0.267813 -0.5058309 -0.58590883 
4747122768618 1375075824125771945 0.26787582 -0.5062758 -0.58545196 
4747181428774 1375075824189111905 0.26864764 -0.50636834 -0.58463836 
4747247261218 1375075824252954678 0.26746327 -0.5057731 -0.5855961 
4747310468908 1375075824316278653 0.26671466 -0.505716 -0.5858998 
4747373585038 1375075824380090909 0.2672838 -0.50647205 -0.58513415 
4747439264879 1375075824443384366 0.2677544 -0.50659 -0.5846987 
4747499451054 1375075824507257657 0.26816684 -0.5067457 -0.5843995 
4747570227797 1375075824570520596 0.26879504 -0.5073719 -0.58392936 
4747629132116 1375075824634393887 0.26870948 -0.5075205 -0.5840774 
4747691759920 1375075824697687344 0.2682368 -0.50719154 -0.5845556 
4747755120212 1375075824761560635 0.26834616 -0.50710917 -0.5846769 
4747821013697 1375075824825098233 0.26909965 -0.5073453 -0.58427227 
4747882481726 1375075824888635831 0.26897648 -0.5073381 -0.58453506 
4747946116703 1375075824951929288 0.26873693 -0.5073008 -0.58467335 
4748010270526 1375075825015833096 0.26903865 -0.5073266 -0.58473754 
4748073905501 1375075825079096036 0.2690645 -0.5072641 -0.58535486 
4748138059325 1375075825142969327 0.2697505 -0.50708264 -0.5848433 
4748200412445 1375075825206228230 0.27029744 -0.5067332 -0.5847877 
4748263040249 1375075825270040486 0.2711242 -0.5064211 -0.5843127 
4748325851176 1375075825333364461 0.2716496 -0.50627947 -0.58385456 
4748389058866 1375075825397176717 0.27195227 -0.5060716 -0.5837963 
4748454525066 1375075825460500691 0.272397 -0.5058075 -0.5835916 
4748521334161 1375075825524343465 0.27539715 -0.50530344 -0.58077127 
4748582344385 1375075825587636922 0.27515525 -0.505132 -0.581392 
4748645857280 1375075825651449178 0.2741515 -0.5047987 -0.5823443 
4748708912369 1375075825714742635 0.27479726 -0.5052599 -0.5813888 
4748772455784 1375075825778646443 0.27535388 -0.5059393 -0.58091307 
4748835816078 1375075825841878865 0.27444497 -0.5055011 -0.5817644 
4748898169198 1375075825905752156 0.27501416 -0.5052104 -0.5813952 
4748969617389 1375075825969045613 0.2744166 -0.50500816 -0.58217424 
4749027239854 1375075826032857869 0.2743589 -0.50513744 -0.58183753 
4749091485236 1375075826096151326 0.27494878 -0.505854 -0.5812687 
4749154784489 1375075826160085652 0.2745613 -0.5057179 -0.58174974 
4749216038875 1375075826221578572 0.27383834 -0.50535136 -0.5822656 
4749280955708 1375075826287160848 0.2740015 -0.5055047 -0.581993 
4749345109531 1375075826350454305 0.273896 -0.5057074 -0.58203954 
4749407737335 1375075826414297078 0.27318588 -0.505566 -0.58241105 
4749470700863 1375075826477560017 0.2744544 -0.50565875 -0.5811804 
4749534763124 1375075826541433308 0.27351087 -0.5055218 -0.5818423 
4749599191630 1375075826604696248 0.27246475 -0.50523245 -0.58228624 
4749663131811 1375075826668539021 0.27266112 -0.5057527 -0.58201826 
4749727224592 1375075826731862996 0.2723523 -0.5058606 -0.58237803 
4749791164772 1375075826795705769 0.2717319 -0.5055488 -0.58282596 
4749857393981 1375075826859029744 0.2722508 -0.505577 -0.58220214 
4749918007439 1375075826922811482 0.27174127 -0.5054115 -0.582937 
4749981123570 1375075826986135457 0.27084458 -0.50525767 -0.58337444 
4750046406646 1375075827049947713 0.2710305 -0.5057736 -0.5829242 
4750108057798 1375075827113507192 0.27121958 -0.50604635 -0.58286357 
4750172211621 1375075827177349966 0.27202973 -0.5062583 -0.5822449 
4750233374448 1375075827240612905 0.2711684 -0.50611836 -0.5832389 
4750297589310 1375075827304516714 0.27134967 -0.50615656 -0.5830104 
4750361529491 1375075827367810171 0.27224183 -0.50687665 -0.5825182 
4750424767702 1375075827430584829 0.271802 -0.50681555 -0.58302486 
4750489196208 1375075827494915884 0.2714126 -0.50635576 -0.5837211 
4750552617542 1375075827558789175 0.27202713 -0.50656056 -0.5835319 
4750615947314 1375075827622052114 0.272669 -0.5069192 -0.5833123 
4750679765414 1375075827685894888 0.2725342 -0.5067612 -0.58377117 
4750741477606 1375075827749188345 0.27361974 -0.5064903 -0.5828778 
4750807950977 1375075827813031118 0.27360904 -0.50553083 -0.5833204 
4750871982717 1375075827876294058 0.27212927 -0.5037932 -0.58516204 
4750933694910 1375075827940167349 0.27180427 -0.5039156 -0.5853911 
4750995712309 1375075828003456477 0.2731977 -0.50597113 -0.5839378 
4751061300589 1375075828067268732 0.27388564 -0.5072027 -0.58324915 
4751126492103 1375075828130562190 0.27280584 -0.5065744 -0.5842871 
4751189638753 1375075828194465998 0.2721352 -0.5060218 -0.5848277 
4751258401152 1375075828257698420 0.2729164 -0.5065677 -0.5841002 
4751315840495 1375075828321541193 0.27316785 -0.5068772 -0.584102 
4751378987144 1375075828384865168 0.27267253 -0.5064755 -0.58467096 
4751443140966 1375075828448707941 0.272789 -0.50634867 -0.5846497 
4751507722074 1375075828512031916 0.27320817 -0.5066625 -0.5843901 
4751569983633 1375075828575905207 0.2729355 -0.50673586 -0.58463424 
4751633221847 1375075828638771418 0.27250344 -0.50657016 -0.58495396 
4751697894515 1375075828702949885 0.2725317 -0.50664383 -0.58484995 
4751760613879 1375075828766304377 0.2721133 -0.5068895 -0.58487 
4751824187815 1375075828830208186 0.27051538 -0.5070218 -0.58659565 
4751888433198 1375075828893379572 0.27008748 -0.50707984 -0.5869212 
4751951274647 1375075828957283381 0.2706849 -0.50704986 -0.58613634 
4752015581070 1375075829020546320 0.27145308 -0.50701916 -0.5851467 
4752077018579 1375075829084358576 0.26897618 -0.50708205 -0.58703816 
4752142057493 1375075829147682551 0.2684529 -0.50689745 -0.58753556 
4752211308219 1375075829211616877 0.26903743 -0.50702095 -0.5868414 
4752268137151 1375075829274818781 0.2699648 -0.50709075 -0.58590037 
4752330917556 1375075829338692072 0.26931354 -0.50655115 -0.5865879 
4752396566877 1375075829401955012 0.2680085 -0.5062696 -0.58714753 
4752459774570 1375075829465797785 0.2679871 -0.50695616 -0.5866196 
4752522310812 1375075829529091242 0.2680836 -0.5073549 -0.5863042 
4752585732147 1375075829592934016 0.26793605 -0.50694245 -0.5860805 
4752649519724 1375075829656196955 0.26691604 -0.50632495 -0.5867366 
4752713765107 1375075829720039729 0.26661906 -0.5065912 -0.5864466 
4752777430604 1375075829783394221 0.2670498 -0.50736976 -0.58576274 
4752839539562 1375075829847236994 0.26712638 -0.5073708 -0.5858125 
4752908118840 1375075829910766110 0.26686117 -0.50703233 -0.5864728 
4752968732298 1375075829974608883 0.26739368 -0.5076057 -0.58599824 
4753032031552 1375075830037902340 0.2680949 -0.5081829 -0.5854911 
4753095880170 1375075830101775631 0.26766846 -0.5078138 -0.58614653 
4753159057340 1375075830165038571 0.26756763 -0.5074802 -0.58643794 
4753222997521 1375075830228911862 0.26821223 -0.5076729 -0.58627355 
4753287426026 1375075830292174801 0.2686453 -0.5078696 -0.58619565 
4753355272814 1375075830356048092 0.268483 -0.5076965 -0.5864513 
4753413017358 1375075830419311032 0.26845172 -0.50750434 -0.58661246 
4753477232222 1375075830483214840 0.26890963 -0.50763464 -0.58650947 
4753540928240 1375075830546447262 0.2702933 -0.5076053 -0.5856199 
4753609171791 1375075830610290035 0.2695535 -0.50718665 -0.58639 
4753667984550 1375075830673552975 0.26931816 -0.507254 -0.58648485 
4753736350183 1375075830737426266 0.27024987 -0.5077293 -0.5861713 
4753794674614 1375075830800750241 0.2706154 -0.5075822 -0.5864381 
4753858462194 1375075830864619307 0.2706964 -0.5071334 -0.5868382 
4753922097169 1375075830927912764 0.27083465 -0.50702035 -0.5868806 
4753986464635 1375075830991755538 0.27196503 -0.50743836 -0.5858122 
4754047566420 1375075831055048995 0.27064472 -0.5067243 -0.5874292 
4754113337822 1375075831118861251 0.27062067 -0.5064096 -0.5870857 
4754176331871 1375075831182185225 0.27185157 -0.5074082 -0.5859529 
4754240211010 1375075831246058516 0.27160418 -0.50723875 -0.58636516 
4754303327141 1375075831309290938 0.270878 -0.5066736 -0.58687156 
4754367755646 1375075831373499923 0.27142882 -0.5067578 -0.5865071 
4754430993859 1375075831436427169 0.27172264 -0.5070731 -0.58631176 
4754492522929 1375075831500392012 0.27224663 -0.5070916 -0.58585423 
4754558965779 1375075831563593917 0.2709521 -0.50628597 -0.58739024 
4754621593583 1375075831627406173 0.2712269 -0.5063089 -0.58684826 
4754686693537 1375075831690699630 0.27228707 -0.50730556 -0.5859133 
4754749779146 1375075831754572921 0.27156782 -0.50706345 -0.5865265 
4754812040707 1375075831817866378 0.2705677 -0.5064757 -0.5871148 
4754877293262 1375075831881678634 0.27083245 -0.50667024 -0.5867389 
4754936899550 1375075831944972091 0.27289808 -0.5072103 -0.58495 
4755001785861 1375075832008845382 0.2711489 -0.50654346 -0.5863853 
4755065298757 1375075832072108321 0.2697136 -0.5060692 -0.5868887 
4755130703914 1375075832135981612 0.270657 -0.50701535 -0.58594966 
4755193514840 1375075832199275069 0.27039987 -0.50725305 -0.58603716 
4755257912826 1375075832263087325 0.2690732 -0.5066757 -0.5866246 
4755321669884 1375075832326411300 0.26843122 -0.5063828 -0.5871801 
4755385213300 1375075832390223555 0.26846316 -0.5066545 -0.58703184 
4755449947009 1375075832453517012 0.2688116 -0.5071994 -0.58623797 
4755515840494 1375075832517359786 0.26887423 -0.50749046 -0.58596444 
4755575233138 1375075832580988936 0.26777264 -0.5072223 -0.5867579 
4755638990195 1375075832644526534 0.2673915 -0.50744206 -0.586616 
4755702167366 1375075832707819991 0.26756358 -0.5081153 -0.5860367 
4755767084198 1375075832771928932 0.26706517 -0.5081252 -0.58625895 
4755829315237 1375075832835222389 0.2667536 -0.5078898 -0.5865274 
4755892736570 1375075832899034645 0.26710606 -0.508115 -0.58637583 
4755956249466 1375075832962358620 0.26715904 -0.5082978 -0.5864877 
4756019731840 1375075833026170876 0.26672563 -0.50833356 -0.5869381 
4756083855143 1375075833089464333 0.26660234 -0.5082419 -0.5875691 
4756147551160 1375075833153307106 0.2678232 -0.50830233 -0.5868898 
4756210911453 1375075833216631081 0.26937705 -0.50790316 -0.58574516 
4756273600297 1375075833280443337 0.2688192 -0.5077191 -0.58660424 
4756340409393 1375075833343736794 0.26899713 -0.5075341 -0.5867183 
4756404319052 1375075833407640602 0.27010912 -0.5071879 -0.5858901 
4756466519571 1375075833470903542 0.2710869 -0.506867 -0.5851536 
4756529330496 1375075833534746315 0.2708136 -0.50670856 -0.5855982 
4756599161109 1375075833598039772 0.27097085 -0.506514 -0.5856382 
4756656722531 1375075833661974098 0.27193046 -0.50628245 -0.5849029 
4756720998435 1375075833725293820 0.2719802 -0.50624084 -0.5849511 
4756783076873 1375075833789106076 0.2715414 -0.5062419 -0.58549285 
4756845857279 1375075833852369015 0.2708217 -0.5063059 -0.58617806 
4756908424042 1375075833916181271 0.27122518 -0.5060894 -0.58604753 
4756971875897 1375075833979474728 0.2727533 -0.5057369 -0.58484787 
4757036182320 1375075834043348019 0.27375427 -0.5055296 -0.5841356 
4757103693384 1375075834106610959 0.27335432 -0.50559175 -0.5844924 
4757163238632 1375075834170484250 0.27365127 -0.50543344 -0.5842902 
4757228704830 1375075834233930294 0.2745685 -0.5049688 -0.5840324 
4757294232069 1375075834297589962 0.27541104 -0.50489306 -0.58305234 
4757356920913 1375075834360944455 0.27506468 -0.5051039 -0.5828855 
4757419212993 1375075834424756711 0.27465835 -0.5050417 -0.58343005 
4757481260912 1375075834488019650 0.27502194 -0.5050625 -0.58282745 
4757543705593 1375075834551892941 0.2751558 -0.5050475 -0.5825035 
4757609965321 1375075834615155880 0.27551392 -0.50487924 -0.5822424 
4757671769074 1375075834679029171 0.27523607 -0.50431126 -0.58220726 
4757734457919 1375075834742383664 0.2738823 -0.503366 -0.583535 
4757797909775 1375075834806165402 0.27365386 -0.5037312 -0.5837444 
4757863620135 1375075834869428341 0.27534667 -0.5053704 -0.5820289 
4757927773958 1375075834933271115 0.27573025 -0.5058641 -0.58181256 
4757994613574 1375075834996900265 0.27435794 -0.5050016 -0.5828782 
4758056600449 1375075835060468380 0.27400973 -0.5047596 -0.5828849 
4758116756104 1375075835123700802 0.27487567 -0.5051881 -0.58221275 
4758179139745 1375075835185682003 0.2745976 -0.50530005 -0.58224463 
4758243415649 1375075835250867550 0.27393544 -0.5053039 -0.58260214 
4758309400693 1375075835314679806 0.27421835 -0.5056521 -0.5821522 
4758371265489 1375075835378003781 0.27388984 -0.50562364 -0.5822597 
4758435816076 1375075835441846554 0.27314955 -0.50535953 -0.5825764 
4758499115328 1375075835505109494 0.27297807 -0.5054214 -0.5823903 
4758563391232 1375075835568982785 0.27287608 -0.5055128 -0.5824512 
4758628460666 1375075835632276242 0.2718404 -0.50567317 -0.5833971 
4758691057950 1375075835696232656 0.27178836 -0.50564337 -0.58339316 
4758753655234 1375075835759526113 0.2713392 -0.5056831 -0.58378524 
4758817717495 1375075835823551992 0.2702249 -0.5059184 -0.58460754 
4758880558942 1375075835886692861 0.2698895 -0.50589794 -0.584939 
4758944651725 1375075835950505117 0.2700291 -0.5059511 -0.5845295 
4759007340569 1375075836013859609 0.26983613 -0.50593996 -0.5844999 
4759069693690 1375075836077671865 0.2694905 -0.5058072 -0.5849828 
4759135129367 1375075836140934804 0.27049476 -0.5055824 -0.58406556 
4759198703303 1375075836204777577 0.27142602 -0.5053669 -0.5832679 
4759261758393 1375075836268101552 0.27179426 -0.50508124 -0.5832195 
4759326003776 1375075836331974843 0.2722175 -0.50504184 -0.582571 
4759390096558 1375075836394047597 0.27278417 -0.5046814 -0.58244556 
4759453517891 1375075836459080556 0.27401042 -0.5042134 -0.581701 
4759516420379 1375075836522343495 0.276053 -0.5037374 -0.58000696 
4759581093049 1375075836586216786 0.27661726 -0.5034042 -0.5798692 
4759643720852 1375075836649567024 0.27652916 -0.5033493 -0.57998943 
4759707905196 1375075836713745491 0.2773106 -0.5031005 -0.5795134 
4759770471959 1375075836776733772 0.2782049 -0.50298125 -0.57871675 
4759834320577 1375075836840607063 0.27813616 -0.50301737 -0.57884634 
4759898443881 1375075836903839485 0.27785125 -0.5029781 -0.57939535 
4759961315847 1375075836967743293 0.2782148 -0.50302935 -0.5789588 
4760024554059 1375075837031006233 0.27867675 -0.5030097 -0.5786094 
4760089806615 1375075837094879524 0.278442 -0.503033 -0.57896423 
4760152892224 1375075837158111946 0.2783847 -0.5031105 -0.57901734 
4760215855752 1375075837222015754 0.27870345 -0.5030609 -0.57884324 
4760279429688 1375075837285278694 0.27856526 -0.5029594 -0.5792478 
4760346910231 1375075837349090950 0.27929538 -0.50291514 -0.57840216 
4760407645773 1375075837412414924 0.28036636 -0.5025951 -0.57776755 
4760471524912 1375075837476257698 0.27981597 -0.5027267 -0.57825714 
4760533786471 1375075837539520637 0.279708 -0.50279003 -0.5783965 
4760609904279 1375075837602875129 0.27995086 -0.5027907 -0.5782393 
4760662094117 1375075837666687385 0.27926478 -0.5031497 -0.57845616 
4760729361018 1375075837730499641 0.2793742 -0.50296247 -0.57883984 
4760788784182 1375075837793823616 0.2799863 -0.50285244 -0.5783794 
4760853426330 1375075837857666389 0.28032026 -0.5029076 -0.57790774 
4760918160040 1375075837922424690 0.2801898 -0.502995 -0.57796323 
4760987288685 1375075837984833137 0.27985242 -0.5031152 -0.5781766 
4761057546582 1375075838048126594 0.27922526 -0.50314116 -0.57888335 
4761116420379 1375075838111908333 0.2795581 -0.5029395 -0.5788204 
4761169647908 1375075838175232307 0.2802748 -0.50292313 -0.57792205 
4761237220014 1375075838239075081 0.27954686 -0.5030678 -0.57855415 
4761308149359 1375075838302368538 0.27840856 -0.50329363 -0.57959414 
4761369647908 1375075838366180793 0.27830377 -0.50332904 -0.5797727 
4761433435487 1375075838429504768 0.27829424 -0.50353485 -0.57946044 
4761487151341 1375075838493613675 0.27664664 -0.5039511 -0.5807962 
4761551091522 1375075838556846097 0.2760265 -0.5041772 -0.58132327 
4761615336905 1375075838620719388 0.27313858 -0.5046974 -0.5841239 
4761676804936 1375075838684012845 0.2702002 -0.5051522 -0.587091 
4761740775636 1375075838747855618 0.2713795 -0.5055089 -0.5852364 
4761806791201 1375075838811118558 0.27188206 -0.5059846 -0.58417237 
4761868900160 1375075838874961331 0.2711517 -0.50581515 -0.58454794 
4761931924728 1375075838938254788 0.2704908 -0.5055655 -0.58492213 
4761996109072 1375075839002158597 0.27059063 -0.50581723 -0.5844533 
4762059316762 1375075839065421536 0.27047408 -0.5060159 -0.58429396 
4762130764954 1375075839129691556 0.26935256 -0.50623316 -0.5852323 
4762187838051 1375075839192649320 0.26897547 -0.50637406 -0.5853595 
4762251778230 1375075839256431058 0.27033514 -0.50628006 -0.5847277 
4762313856668 1375075839319663480 0.27017918 -0.5066242 -0.5846968 
4762377827368 1375075839383536771 0.2695655 -0.5065905 -0.5855569 
4762441187662 1375075839446830228 0.2704227 -0.5063401 -0.5851319 
4762507264267 1375075839510699279 0.27187625 -0.5062787 -0.5836089 
4762567847207 1375075839573992736 0.2719649 -0.5062238 -0.583822 
4762632367275 1375075839637866027 0.27149063 -0.50619566 -0.58465403 
4762694964558 1375075839701159484 0.27167526 -0.5061629 -0.584606 
4762758477452 1375075839765002257 0.2725581 -0.50585645 -0.5841946 
4762820372767 1375075839828295714 0.2743333 -0.5056491 -0.5824427 
4762884312946 1375075839892107970 0.27433634 -0.5052211 -0.58327955 
4762949840187 1375075839955401427 0.2730612 -0.5051024 -0.5848598 
4763014085570 1375075840019244201 0.27438447 -0.5052662 -0.58342403 
4763075706203 1375075840082568175 0.2754189 -0.5054537 -0.58279234 
4763138639210 1375075840146380431 0.27528068 -0.50505805 -0.58322465 
4763204959980 1375075840209673888 0.27459282 -0.5047102 -0.5838629 
4763277934189 1375075840273516661 0.27496666 -0.5052007 -0.58352196 
4763329574659 1375075840337115294 0.27619347 -0.5056224 -0.5825984 
4763394155767 1375075840400652892 0.2755071 -0.5050458 -0.5833811 
4763458950518 1375075840463976867 0.2746804 -0.50466126 -0.5838659 
4763521486762 1375075840527789122 0.27522385 -0.50531805 -0.5832985 
4763589486150 1375075840591113097 0.2755773 -0.5056182 -0.5832436 
4763648298908 1375075840654955870 0.2745752 -0.505242 -0.58428395 
4763712086486 1375075840718218810 0.27455845 -0.5055405 -0.5839782 
4763777033838 1375075840782122619 0.27493626 -0.506044 -0.5834367 
4763839783724 1375075840845385558 0.27437297 -0.50573045 -0.5838534 
4763903021935 1375075840909197814 0.2738026 -0.5054188 -0.5840268 
4763966412749 1375075840972613341 0.2738628 -0.50552124 -0.58379245 
4764030871775 1375075841036395079 0.27374032 -0.5056732 -0.5836591 
4764094201548 1375075841099658019 0.2726042 -0.5060423 -0.5842852 
4764157622881 1375075841163470275 0.2713739 -0.50642866 -0.58511776 
4764231573744 1375075841226763732 0.2702781 -0.5069892 -0.5854463 
4764296856820 1375075841290637023 0.26941296 -0.5073093 -0.58592427 
4764349107698 1375075841354105037 0.26786834 -0.5075802 -0.58727235 
4764415245345 1375075841417978328 0.26695153 -0.5080275 -0.5873806 
4764475736722 1375075841481210750 0.26647422 -0.5081543 -0.5875238 
4764537509956 1375075841545389217 0.26662675 -0.5083238 -0.5868225 
4764610453646 1375075841608560603 0.26464543 -0.5080507 -0.58877975 
4764666336447 1375075841672220271 0.26466432 -0.5082064 -0.5880392 
4764729299976 1375075841735483211 0.2651999 -0.5086129 -0.5870283 
4764794094726 1375075841799356502 0.2644708 -0.5085321 -0.5879385 
4764856539409 1375075841862649959 0.26420462 -0.50854784 -0.58809495 
4764920632190 1375075841926462215 0.26542354 -0.5086019 -0.58733517 
4764983900923 1375075841989786189 0.2658019 -0.50870264 -0.5874065 
4765047932663 1375075842053689998 0.265719 -0.50847435 -0.58792496 
4765113124178 1375075842116922420 0.26653343 -0.50804585 -0.58762956 
4765175050014 1375075842180734676 0.26934436 -0.50736403 -0.5854395 
4765238593429 1375075842244058650 0.27142927 -0.5066921 -0.5840796 
4765304059629 1375075842307988751 0.27161932 -0.5063828 -0.5844388 
4765365130893 1375075842371282208 0.27287114 -0.5060434 -0.58364975 
4765428979512 1375075842435155499 0.2745925 -0.50557023 -0.58250946 
4765492400846 1375075842498448956 0.2753057 -0.50544953 -0.5820063 
4765555852699 1375075842562291730 0.27535677 -0.50530696 -0.58226156 
4765620067563 1375075842625585187 0.27573103 -0.5049953 -0.5823241 
4765685655843 1375075842689427960 0.27834675 -0.5051902 -0.58029544 
4765744956927 1375075842752690899 0.27702528 -0.5047707 -0.581621 
4765811308217 1375075842816533673 0.27574086 -0.5043047 -0.58230835 
4765874393826 1375075842879843278 0.2767968 -0.50518066 -0.58162946 
4765937784639 1375075842943686051 0.277231 -0.5054259 -0.58165187 
4766001175454 1375075843007010026 0.27682847 -0.5048349 -0.5821266 
4766064932511 1375075843070883317 0.27676925 -0.5046548 -0.5821778 
4766129605180 1375075843134146256 0.27694842 -0.504879 -0.58200085 
4766198123415 1375075843197958512 0.27662438 -0.5048841 -0.58221686 
4766255318594 1375075843261282487 0.27544245 -0.50513333 -0.5832529 
4766317610673 1375075843325094743 0.2739938 -0.50555885 -0.5844331 
4766380757324 1375075843388388200 0.2724472 -0.50615466 -0.58541936 
4766445368951 1375075843452261491 0.27141374 -0.5066358 -0.5859449 
4766510957232 1375075843515554948 0.27076554 -0.5069659 -0.5863253 
4766576820195 1375075843579428239 0.26935485 -0.50728464 -0.5876222 
4766637067410 1375075843642691178 0.26948705 -0.50735325 -0.58738536 
4766712269608 1375075843706564469 0.26837215 -0.5068725 -0.5881406 
4766764184761 1375075843769796891 0.26836348 -0.5070428 -0.5875845 
4766828704829 1375075843833696375 0.26893142 -0.5077993 -0.5868585 
4766891668357 1375075843897020349 0.2684143 -0.5075958 -0.5871228 
4766954753966 1375075843960832605 0.26789108 -0.50721806 -0.5874016 
4767017870096 1375075844024187097 0.2682618 -0.5074797 -0.5868894 
4767081932359 1375075844088060388 0.26845104 -0.50763315 -0.5868336 
4767143949755 1375075844149370203 0.26858243 -0.5074416 -0.5869748 
4767210697809 1375075844215135584 0.26896343 -0.50747645 -0.58698684 
4767272348960 1375075844278429041 0.27115968 -0.50697166 -0.5853482 
4767336258620 1375075844342241296 0.27164897 -0.5068859 -0.58492166 
4767399802037 1375075844405534754 0.27233613 -0.50655365 -0.5849071 
4767463314931 1375075844469408045 0.27213785 -0.50607777 -0.5859387 
4767527987600 1375075844532670984 0.2734232 -0.5055936 -0.5852751 
4767590829046 1375075844596513757 0.27305555 -0.50500435 -0.58713144 
4767654036737 1375075844659837732 0.27174008 -0.50511503 -0.58897686 
4767719319815 1375075844723711023 0.27236018 -0.50594205 -0.5886614 
4767783534677 1375075844786943445 0.27331614 -0.50659335 -0.58843756 
4767845002707 1375075844850786218 0.27330172 -0.5064993 -0.588864 
4767910774110 1375075844914110193 0.272946 -0.5063068 -0.58915466 
4767972669424 1375075844977952966 0.27323705 -0.50646806 -0.58893275 
4768036334922 1375075845041246423 0.2734723 -0.50672185 -0.58875173 
4768100244581 1375075845105089197 0.27295545 -0.50686944 -0.5891026 
4768162017815 1375075845168352136 0.27283296 -0.50695163 -0.58907044 
4768224645619 1375075845232225427 0.27326602 -0.5068808 -0.5886496 
4768288738400 1375075845295518884 0.27340814 -0.5067954 -0.5885136 
4768352648061 1375075845358140955 0.27429286 -0.5066558 -0.5875933 
4768415947312 1375075845422685632 0.27482703 -0.5065212 -0.587013 
4768480833624 1375075845486528406 0.27395767 -0.5066358 -0.5876964 
4768544132877 1375075845549791345 0.27347004 -0.5067458 -0.5879996 
4768609049708 1375075845613664636 0.27370426 -0.5067454 -0.5877134 
4768672074278 1375075845677232752 0.2731642 -0.50694734 -0.5879628 
4768736777466 1375075845740975551 0.27160057 -0.5072165 -0.58942145 
4768798886424 1375075845804330043 0.27070323 -0.50756526 -0.58996946 
4768862307758 1375075845868142299 0.27043352 -0.50785255 -0.5898337 
4768925607010 1375075845931435756 0.269488 -0.5079977 -0.5907474 
4768989547191 1375075845995309047 0.2677622 -0.50841254 -0.5920727 
4769052693840 1375075846058541469 0.26706317 -0.5086208 -0.59248126 
4769116389858 1375075846122414760 0.2665565 -0.50907594 -0.5920892 
4769180574202 1375075846185647182 0.2648279 -0.5096067 -0.59309274 
4769243659811 1375075846249489956 0.26251325 -0.5101328 -0.59472847 
4769307233746 1375075846312813930 0.26128235 -0.5105654 -0.59517634 
4769370624559 1375075846376626186 0.26032555 -0.5109485 -0.5953765 
4769434930986 1375075846439950161 0.25944188 -0.5113966 -0.5953809 
4769497375667 1375075846503853969 0.2573132 -0.51191705 -0.59660375 
4769560735959 1375075846566567592 0.25584745 -0.5122337 -0.59739774 
4769624737179 1375075846630985876 0.25529262 -0.51260483 -0.59704334 
4769688372157 1375075846694279333 0.2554941 -0.5127198 -0.5963269 
4769752495459 1375075846758061071 0.25522345 -0.51269865 -0.5964015 
4769815367425 1375075846821385046 0.25469628 -0.51276565 -0.59657973 
4769878819279 1375075846885227819 0.25522208 -0.5123449 -0.59646875 
4769942606857 1375075846948521276 0.2569042 -0.512249 -0.59510994 
4770008012017 1375075847012364050 0.2584478 -0.5118048 -0.5940693 
4770069937851 1375075847075657507 0.25925428 -0.51133066 -0.5936987 
4770134244275 1375075847139500280 0.2608026 -0.5107885 -0.5925525 
4770196994161 1375075847202763220 0.26332515 -0.5098148 -0.59100854 
4770260812260 1375075847266605993 0.2659845 -0.5090177 -0.5889823 
4770324111513 1375075847329929968 0.26730174 -0.50847757 -0.5880776 
4770388448457 1375075847393772741 0.2680523 -0.50803727 -0.58768576 
4770451442505 1375075847457066198 0.26986527 -0.50756794 -0.58624 
4770515565807 1375075847520939489 0.27150148 -0.5071328 -0.58499074 
4770578102051 1375075847584171911 0.2719667 -0.50702906 -0.58459365 
4770642042232 1375075847648075720 0.27193567 -0.5067686 -0.58513653 
4770733969592 1375075847711338659 0.2725691 -0.5065185 -0.5848829 
4770777796846 1375075847775211950 0.27430648 -0.50614244 -0.58346003 
4770858187507 1375075847838474890 0.27505726 -0.5058427 -0.58323413 
4770917274949 1375075847902348181 0.274255 -0.50602156 -0.5839548 
4770963604874 1375075847965611120 0.27413428 -0.50603014 -0.58403 
4771030871774 1375075848029453894 0.2748152 -0.50588936 -0.583466 
4771096032769 1375075848093052526 0.2750486 -0.50589585 -0.58302814 
4771149290819 1375075848156559607 0.27599674 -0.50574225 -0.5820831 
4771220098083 1375075848219853064 0.2755469 -0.50546545 -0.5830148 
4771316084653 1375075848283726355 0.27249074 -0.5055649 -0.5856952 
4771340745116 1375075848347050329 0.2724218 -0.50586843 -0.5855094 
4771407004843 1375075848410832067 0.27290964 -0.50627667 -0.5851315 
4771472898326 1375075848474125525 0.27212057 -0.5059777 -0.58570474 
4771532748777 1375075848537998816 0.2717496 -0.5056625 -0.58595705 
4771595681785 1375075848601466942 0.27207527 -0.5059493 -0.5855226 
4771659103119 1375075848665401268 0.2719947 -0.50614107 -0.58540374 
4771723348503 1375075848728664208 0.27138093 -0.5063145 -0.58585304 
4771787838050 1375075848792476463 0.2712912 -0.5064761 -0.5857135 
4771850160650 1375075848855800438 0.27095208 -0.5066658 -0.5858035 
4771913398861 1375075848919643212 0.2691089 -0.5069429 -0.58746535 
4771976820196 1375075848982906151 0.2680543 -0.50730515 -0.5880415 
4772041614945 1375075849046748924 0.26793465 -0.50761575 -0.58756024 
4772104120668 1375075849110072899 0.26808408 -0.50763863 -0.5873781 
4772169281662 1375075849173885155 0.2669274 -0.5078715 -0.58747685 
4772231848427 1375075849237148094 0.26602954 -0.507694 -0.5879727 
4772294781434 1375075849301051903 0.26605895 -0.5076218 -0.5879961 
4772358233289 1375075849364436913 0.26624307 -0.507908 -0.5873692 
4772421990346 1375075849428188133 0.26609278 -0.5078949 -0.58765346 
4772483946702 1375075849491935032 0.26722145 -0.507707 -0.58682454 
4772547978443 1375075849555289524 0.26632068 -0.5070444 -0.58825725 
4772619212991 1375075849618552464 0.26632807 -0.50657403 -0.5888249 
4772745658894 1375075849682395237 0.26806864 -0.50788796 -0.5872291 
4772810941971 1375075849745719212 0.2686064 -0.50851285 -0.587029 
4772856203684 1375075849809561985 0.268193 -0.5077097 -0.58803 
4772907844153 1375075849872824925 0.26868635 -0.5076519 -0.58795035 
4772961498969 1375075849936698216 0.26980802 -0.5082117 -0.58731836 
4773067129976 1375075849999961155 0.2700047 -0.5082387 -0.5874942 
4773123134861 1375075850063864964 0.26992792 -0.5078799 -0.58801246 
4773129574659 1375075850127127903 0.27044532 -0.5078547 -0.5880254 
4773183259994 1375075850191031712 0.27117026 -0.50807774 -0.58776426 
4773246620286 1375075850254264134 0.2712803 -0.5080634 -0.58793354 
4773311415036 1375075850318076390 0.27088645 -0.5080681 -0.58822286 
4773374439605 1375075850381400364 0.27195343 -0.50782615 -0.5874241 
4773439692162 1375075850445365208 0.27278286 -0.50770724 -0.5867265 
4773503144016 1375075850508841770 0.27240172 -0.5077649 -0.5871475 
4773566412748 1375075850572440403 0.27185965 -0.5078428 -0.587602 
4773630719173 1375075850635672825 0.27258694 -0.5077217 -0.58690333 
4773755425414 1375075850755728977 0.2708183 -0.50805336 -0.5883817 
4773819579236 1375075850819327610 0.26993236 -0.50809985 -0.58932924 
4773883031091 1375075850883200901 0.2703885 -0.5080647 -0.58874655 
4773947795320 1375075850946555393 0.27012798 -0.5082149 -0.5887182 
4774011827061 1375075851010001438 0.26842904 -0.50850105 -0.5900889 
4774073600296 1375075851073569554 0.26733 -0.5087693 -0.59076315 
4774137418394 1375075851137137669 0.2681805 -0.50859636 -0.58984965 
4774199405271 1375075851200705784 0.2681901 -0.5086032 -0.58956724 
4774264077939 1375075851264273899 0.26679787 -0.50883853 -0.5905602 
4774328811648 1375075851328208225 0.26607823 -0.5089993 -0.59074473 
4774391836218 1375075851391644058 0.26665986 -0.5089823 -0.5897821 
4774455593275 1375075851454327163 0.26591256 -0.5091536 -0.59006345 
4774518343161 1375075851518780288 0.26421583 -0.50950074 -0.5912235 
4774582374902 1375075851582348403 0.2643128 -0.50927967 -0.59132886 
4774650618455 1375075851645916519 0.26503816 -0.5092836 -0.5906367 
4774709553293 1375075851709484634 0.26464728 -0.509365 -0.5909212 
4774773707117 1375075851773052749 0.2633471 -0.5095415 -0.5919898 
4774837830419 1375075851836773452 0.26379472 -0.50968933 -0.5914234 
4774900214061 1375075851900158462 0.2649044 -0.50953823 -0.5910354 
4774963452272 1375075851963757095 0.26481843 -0.50955474 -0.59104455 
4775026598921 1375075852027325210 0.26633966 -0.5076506 -0.5902852 
4775090569622 1375075852091198501 0.2642959 -0.50529927 -0.593271 
