#SysTm EventTmStmp Mag:x Mag:y Mag:z
4735573676600 1375075812373467284 -25.439453 -40.019226 -12.539673 
4735630749698 1375075812437371093 -25.2594 -40.078735 -12.419128 
4735644544906 1375075812500634032 -25.138855 -40.13977 -12.419128 
4735658675838 1375075812564476805 -24.899292 -40.438843 -12.359619 
4735668808602 1375075812627770263 -24.899292 -40.25879 -12.478638 
4735741752292 1375075812691765624 -24.958801 -40.25879 -12.419128 
4735785793189 1375075812754906493 -24.839783 -40.379333 -12.359619 
4735822448156 1375075812818779784 -24.839783 -40.499878 -12.298584 
4735896246415 1375075812882073241 -24.778748 -40.438843 -12.359619 
4735935526135 1375075812945885497 -24.839783 -40.559387 -12.359619 
4735998031858 1375075813009148436 -24.839783 -40.618896 -12.359619 
4736061392150 1375075813073082763 -24.839783 -40.559387 -12.179565 
4736129238939 1375075813136315184 -24.899292 -40.67993 -12.11853 
4736188540022 1375075813200157958 -24.899292 -40.618896 -12.298584 
4736256112127 1375075813263451415 -25.079346 -40.499878 -12.298584 
4736316359341 1375075813327294188 -25.138855 -40.319824 -12.239075 
4736379078708 1375075813390557128 -25.138855 -40.25879 -12.179565 
4736526614187 1375075813456017333 -25.19989 -40.13977 -12.179565 
4736543308830 1375075813517723876 -25.138855 -40.019226 -12.298584 
4736627422977 1375075813581597167 -25.138855 -39.839172 -12.419128 
4736701190716 1375075813644860106 -24.899292 -39.89868 -12.478638 
4736741019803 1375075813708733397 -25.019836 -39.959717 -12.359619 
4736808591907 1375075813771965819 -25.138855 -40.019226 -12.359619 
4736858828439 1375075813835869628 -25.318909 -40.019226 -12.359619 
4736901343318 1375075813899102050 -25.498962 -39.959717 -12.298584 
4736953411074 1375075813962975341 -25.85907 -39.839172 -12.359619 
4737014818062 1375075814026238280 -26.339722 -39.419556 -12.419128 
4737078880324 1375075814090530258 -26.759338 -39.29901 -12.478638 
4737141965934 1375075814153610092 -27.359009 -38.938904 -12.359619 
4737205936634 1375075814217544418 -27.659607 -38.69934 -12.298584 
4737269144326 1375075814280776840 -27.83966 -38.519287 -12.179565 
4737333023464 1375075814344650131 -27.95868 -38.21869 -12.419128 
4737396261677 1375075814407913070 -28.079224 -38.09967 -12.298584 
4737470487222 1375075814471786361 -28.019714 -38.21869 -12.239075 
4737523623190 1375075814535049301 -27.778625 -38.459778 -12.059021 
4737587349727 1375075814598892074 -27.719116 -38.69934 -11.938477 
4737650893143 1375075814662490707 -27.479553 -38.879395 -11.999512 
4737714436558 1375075814726028304 -27.479553 -38.879395 -12.298584 
4737777674769 1375075814789291244 -27.418518 -38.99994 -12.239075 
4737841706510 1375075814853195052 -27.23999 -39.179993 -12.059021 
4737904883682 1375075814916457992 -27.178955 -39.179993 -12.11853 
4737970929766 1375075814980331283 -27.178955 -39.419556 -12.239075 
4738034229019 1375075815043712096 -27.059937 -39.419556 -12.239075 
4738096124334 1375075815107615905 -27.059937 -39.29901 -12.539673 
4738158965780 1375075815170848327 -26.998901 -39.419556 -12.478638 
4738222905961 1375075815234691100 -26.998901 -39.839172 -12.298584 
4738286205213 1375075815297984557 -26.939392 -39.718628 -12.359619 
4738349992791 1375075815361857848 -26.818848 -39.839172 -12.359619 
4738413261523 1375075815425090270 -26.818848 -39.839172 -12.239075 
4738478422518 1375075815488994079 -26.69983 -39.65912 -12.059021 
4738540714598 1375075815552242534 -26.879883 -39.65912 -12.11853 
4738607493173 1375075815616115825 -26.879883 -39.839172 -11.999512 
4738668106632 1375075815679378765 -26.759338 -39.718628 -12.059021 
4738731650047 1375075815743282573 -26.579285 -39.538574 -12.179565 
4738794888260 1375075815806484478 -26.519775 -39.59961 -12.179565 
4738859072602 1375075815870693462 -26.519775 -39.479065 -12.179565 
4738922341334 1375075815933651226 -26.638794 -39.419556 -12.359619 
4738987075043 1375075815997493999 -26.69983 -39.479065 -12.298584 
4739049214522 1375075816060787456 -26.638794 -39.419556 -12.419128 
4739113032621 1375075816124630230 -26.638794 -39.479065 -12.298584 
4739176453954 1375075816188076275 -26.638794 -39.35852 -12.059021 
4739240149971 1375075816251766460 -26.69983 -39.29901 -12.059021 
4739304212232 1375075816315120952 -26.879883 -39.239502 -12.059021 
4739367236802 1375075816378902691 -27.059937 -39.179993 -11.999512 
4739430627615 1375075816442165630 -26.998901 -39.239502 -12.059021 
4739494750917 1375075816506522910 -27.119446 -39.239502 -12.11853 
4739557622884 1375075816569450156 -27.178955 -39.118958 -11.878967 
4739621624104 1375075816633323447 -27.059937 -38.99994 -11.819458 
4739687334467 1375075816696647422 -27.119446 -39.179993 -11.999512 
4739748741456 1375075816760490196 -27.059937 -39.35852 -11.999512 
4739811949147 1375075816823722617 -26.879883 -39.29901 -11.938477 
4739875828286 1375075816887626426 -26.69983 -39.29901 -12.059021 
4739939707425 1375075816950858848 -26.638794 -39.29901 -12.059021 
4740003128760 1375075817014839732 -26.519775 -39.29901 -12.239075 
4740066702695 1375075817078407848 -26.579285 -39.59961 -12.059021 
4740130062988 1375075817141945445 -26.638794 -39.779663 -12.179565 
4740194491494 1375075817205208385 -26.759338 -39.718628 -12.239075 
4740255990044 1375075817267403209 -26.638794 -39.59961 -12.239075 
4740320632193 1375075817332344615 -26.759338 -39.59961 -12.298584 
4740384663935 1375075817396248424 -26.818848 -39.779663 -12.239075 
4740453456853 1375075817459755504 -26.879883 -39.779663 -12.059021 
4740511598163 1375075817523415172 -26.759338 -39.89868 -11.938477 
4740574805855 1375075817586617076 -26.339722 -39.839172 -12.179565 
4740638684993 1375075817650490367 -26.159668 -39.59961 -12.11853 
4740710346828 1375075817713783824 -26.098633 -39.538574 -12.059021 
4740776911759 1375075817777657115 -26.219177 -39.59961 -12.11853 
4740829223677 1375075817840889537 -26.159668 -39.479065 -12.11853 
4740893133338 1375075817904793346 -26.039124 -39.479065 -11.999512 
4740956463110 1375075817968174083 -26.159668 -39.479065 -12.298584 
4741020403290 1375075818031894786 -26.159668 -39.538574 -12.359619 
4741085320122 1375075818095218760 -26.219177 -39.538574 -12.419128 
4741147459600 1375075818159061534 -26.339722 -39.538574 -12.419128 
4741216985009 1375075818222324473 -26.339722 -39.538574 -12.539673 
4741274576951 1375075818286167247 -26.399231 -39.538574 -12.298584 
4741337937243 1375075818349491221 -26.339722 -39.65912 -12.179565 
4741415153786 1375075818413425547 -26.45874 -39.59961 -12.239075 
4741464016902 1375075818475589854 -26.339722 -39.538574 -12.298584 
4741538089845 1375075818540439708 -26.519775 -39.419556 -12.059021 
4741592049864 1375075818603702647 -26.579285 -39.59961 -11.999512 
4741657332940 1375075818668247325 -26.818848 -39.718628 -12.059021 
4741719350338 1375075818730869395 -26.818848 -39.718628 -11.938477 
4741782954794 1375075818794712168 -26.939392 -39.65912 -11.938477 
4741850832101 1375075818857975108 -26.879883 -39.59961 -11.999512 
4741913459905 1375075818921848399 -26.638794 -39.538574 -12.059021 
4741973920763 1375075818985111338 -26.638794 -39.419556 -11.999512 
4742037555740 1375075819049045665 -26.579285 -39.35852 -12.059021 
4742100763431 1375075819112308604 -26.638794 -39.179993 -11.999512 
4742164642569 1375075819176151377 -26.519775 -38.99994 -12.059021 
4742227911303 1375075819239414317 -26.519775 -38.879395 -12.179565 
4742292950216 1375075819303287608 -26.339722 -38.879395 -12.11853 
4742360583360 1375075819366550547 -26.278687 -39.118958 -12.298584 
4742419212995 1375075819430393321 -26.638794 -39.05945 -12.359619 
4742488768923 1375075819493686778 -26.519775 -39.239502 -12.239075 
4742546116705 1375075819557529551 -26.278687 -39.35852 -12.179565 
4742610423129 1375075819620823008 -26.219177 -39.239502 -12.239075 
4742673264575 1375075819684391124 -26.159668 -39.29901 -12.11853 
4742736533306 1375075819747959239 -26.159668 -39.29901 -12.11853 
4742800442966 1375075819811802012 -26.278687 -39.479065 -12.359619 
4742869632651 1375075819875300656 -26.339722 -39.419556 -12.239075 
4742927499276 1375075819939143430 -26.098633 -39.419556 -12.298584 
4743001297536 1375075820002436887 -26.399231 -39.59961 -12.059021 
4743055532238 1375075820066340695 -26.579285 -39.419556 -12.059021 
4743117946400 1375075820129603635 -26.579285 -39.538574 -12.179565 
4743182161264 1375075820193415891 -26.579285 -39.419556 -12.298584 
4743245124793 1375075820256678830 -26.579285 -39.479065 -12.239075 
4743309034452 1375075820320582639 -26.638794 -39.479065 -12.11853 
4743372242142 1375075820383845578 -26.759338 -39.479065 -12.059021 
4743435999201 1375075820447688352 -26.879883 -39.419556 -11.938477 
4743499420534 1375075820510981809 -26.519775 -39.35852 -12.179565 
4743563269152 1375075820574824582 -26.519775 -39.35852 -12.359619 
4743626537885 1375075820638087521 -26.519775 -39.29901 -12.298584 
4743690325463 1375075820701991330 -26.519775 -39.419556 -12.11853 
4743753685756 1375075820765254270 -26.45874 -39.419556 -12.11853 
4743818663629 1375075820829184367 -26.45874 -39.35852 -11.999512 
4743881199871 1375075820892386271 -26.45874 -39.419556 -12.179565 
4743944560165 1375075820956229044 -26.45874 -39.59961 -12.179565 
4744007950978 1375075821019491984 -26.579285 -39.538574 -12.11853 
4744071891159 1375075821083426310 -26.219177 -39.538574 -11.878967 
4744135129369 1375075821146628214 -26.45874 -39.538574 -11.819458 
4744199557876 1375075821210837199 -26.399231 -39.718628 -11.819458 
4744262124639 1375075821273794962 -26.399231 -39.65912 -11.759949 
4744326156380 1375075821337759806 -26.339722 -39.59961 -11.819458 
4744389272510 1375075821400900675 -25.85907 -39.59961 -11.698914 
4744453090608 1375075821464773966 -25.559998 -39.479065 -11.51886 
4744516450901 1375075821528097941 -25.379944 -39.479065 -11.51886 
4744580574204 1375075821591940714 -25.619507 -39.479065 -11.759949 
4744643934496 1375075821655173136 -25.2594 -39.65912 -11.819458 
4744707599994 1375075821719076945 -25.19989 -39.479065 -11.878967 
4744772181101 1375075821782339884 -25.138855 -39.35852 -11.999512 
4744834656304 1375075821846182658 -25.079346 -39.538574 -12.059021 
4744898047117 1375075821909476115 -25.439453 -39.479065 -11.878967 
4744961865215 1375075821973349406 -25.679016 -39.29901 -12.239075 
4745031054899 1375075822036581828 -25.738525 -39.419556 -12.419128 
4745089013087 1375075822100485636 -25.79956 -39.419556 -12.359619 
4745152495461 1375075822163748576 -26.098633 -39.35852 -12.419128 
4745216191479 1375075822227591349 -26.098633 -39.419556 -12.179565 
4745279460210 1375075822290884806 -26.159668 -39.65912 -11.999512 
4745343278308 1375075822354727580 -26.039124 -39.35852 -11.999512 
4745406913286 1375075822418295695 -25.79956 -39.538574 -12.11853 
4745470456700 1375075822481863810 -25.85907 -39.839172 -11.999512 
4745533786473 1375075822545157267 -25.979614 -39.839172 -11.819458 
4745597574051 1375075822609000041 -25.85907 -39.779663 -11.819458 
4745660934343 1375075822672262980 -25.738525 -39.839172 -11.698914 
4745728567490 1375075822736371924 -25.91858 -39.89868 -11.698914 
4745789516672 1375075822799604345 -25.85907 -39.779663 -11.878967 
4745851991876 1375075822863508154 -25.79956 -40.078735 -11.759949 
4745915260607 1375075822926801611 -25.979614 -40.25879 -11.698914 
4745979017665 1375075822990644384 -25.85907 -40.25879 -11.698914 
4746042408478 1375075823053998877 -25.79956 -40.379333 -11.579895 
4746106165535 1375075823117780615 -25.79956 -40.499878 -11.639404 
4746171082368 1375075823181135107 -25.679016 -40.559387 -11.639404 
4746233191326 1375075823244886328 -25.679016 -40.438843 -11.698914 
4746296460057 1375075823308149267 -25.738525 -40.379333 -11.759949 
4746360522319 1375075823372022558 -25.91858 -40.25879 -11.999512 
4746423913132 1375075823435285498 -25.979614 -39.89868 -12.11853 
4746487975395 1375075823499158789 -26.098633 -39.839172 -12.11853 
4746563177591 1375075823562452246 -26.159668 -39.718628 -12.11853 
4746615214827 1375075823626600195 -26.098633 -39.779663 -12.298584 
4746680955708 1375075823689736788 -26.159668 -39.718628 -12.239075 
4746741935412 1375075823753610079 -25.979614 -39.89868 -12.298584 
4746805387266 1375075823816811984 -25.79956 -40.019226 -12.298584 
4746869083283 1375075823880746310 -25.91858 -39.89868 -12.179565 
4746932260455 1375075823944009249 -25.91858 -39.959717 -11.999512 
4746996322716 1375075824007943575 -25.91858 -39.959717 -12.059021 
4747060720702 1375075824071145480 -25.79956 -40.078735 -12.059021 
4747124294636 1375075824135018771 -25.979614 -39.779663 -11.759949 
4747186495155 1375075824198328214 -26.039124 -39.65912 -11.878967 
4747250618459 1375075824262201505 -26.159668 -39.59961 -11.759949 
4747313856670 1375075824325494962 -26.219177 -39.479065 -11.759949 
4747377552687 1375075824389337735 -26.219177 -39.65912 -11.579895 
4747440912979 1375075824452600675 -26.219177 -39.839172 -11.698914 
4747505768771 1375075824516504483 -26.278687 -39.718628 -11.759949 
4747572333703 1375075824579736905 -26.399231 -39.779663 -11.938477 
4747632916642 1375075824643610196 -26.339722 -40.078735 -12.239075 
4747695330804 1375075824706903653 -26.519775 -39.959717 -12.239075 
4747759179422 1375075824770776944 -26.579285 -40.019226 -12.239075 
4747822570236 1375075824834314542 -26.579285 -40.078735 -12.239075 
4747886296773 1375075824897882657 -26.45874 -40.019226 -12.298584 
4747949504464 1375075824961145596 -26.519775 -40.19928 -12.298584 
4748013414124 1375075825025049405 -26.519775 -40.13977 -12.179565 
4748076743896 1375075825088312344 -26.519775 -40.019226 -12.179565 
4748140745118 1375075825152181599 -26.45874 -40.019226 -12.059021 
4748203861247 1375075825215475056 -26.339722 -39.959717 -12.059021 
4748267648825 1375075825279287312 -26.278687 -39.779663 -11.999512 
4748330917557 1375075825342580769 -26.399231 -39.89868 -12.059021 
4748394735656 1375075825406423543 -26.45874 -39.779663 -12.179565 
4748458187510 1375075825469717000 -26.219177 -39.538574 -11.999512 
4748523562148 1375075825533590291 -26.039124 -39.718628 -11.938477 
4748585152259 1375075825596853230 -26.098633 -39.59961 -11.759949 
4748649000878 1375075825660696004 -26.219177 -39.419556 -11.819458 
4748712391692 1375075825723958943 -26.219177 -39.538574 -11.698914 
4748776301351 1375075825787862752 -26.039124 -39.59961 -11.878967 
4748839570083 1375075825851095174 -26.098633 -39.419556 -11.878967 
4748903296620 1375075825914998982 -26.098633 -39.35852 -11.759949 
4748971753815 1375075825978261922 -26.159668 -39.479065 -11.819458 
4749030597094 1375075826042104695 -26.339722 -39.479065 -11.639404 
4749094048948 1375075826105367635 -26.339722 -39.65912 -11.639404 
4749157806006 1375075826169301961 -26.339722 -39.65912 -11.459351 
4749219304555 1375075826230794881 -26.339722 -39.59961 -11.579895 
4749284831795 1375075826296377156 -26.339722 -39.65912 -11.459351 
4749348192089 1375075826359670613 -26.278687 -39.718628 -11.639404 
4749413414124 1375075826423879598 -26.219177 -39.89868 -11.639404 
4749475126317 1375075826486776326 -26.278687 -39.89868 -11.639404 
4749539066496 1375075826550680135 -26.278687 -40.019226 -11.938477 
4749602426789 1375075826613912556 -25.979614 -39.89868 -11.819458 
4749666305930 1375075826677785848 -25.979614 -40.13977 -11.698914 
4749729666222 1375075826741079305 -25.85907 -40.13977 -11.639404 
4749793697963 1375075826804922078 -25.91858 -40.13977 -11.639404 
4749858858958 1375075826868246053 -25.91858 -40.13977 -11.51886 
4749920662712 1375075826932058308 -25.979614 -39.89868 -11.579895 
4749985304861 1375075826995351765 -25.91858 -39.959717 -11.819458 
4750049245041 1375075827059430044 -25.79956 -39.959717 -11.819458 
4750111079315 1375075827122723501 -25.85907 -39.89868 -11.878967 
4750174805853 1375075827186596792 -25.79956 -39.839172 -11.878967 
4750238074585 1375075827249829214 -26.039124 -39.779663 -11.878967 
4750302106326 1375075827313763540 -26.039124 -39.89868 -11.938477 
4750365405578 1375075827377026479 -26.039124 -39.779663 -11.938477 
4750428185984 1375075827439831655 -25.85907 -39.959717 -12.059021 
4750492553450 1375075827504132192 -25.979614 -39.89868 -11.878967 
4750556371548 1375075827568005483 -26.098633 -39.839172 -11.819458 
4750621593583 1375075827632702749 -26.098633 -39.959717 -11.819458 
4750683488899 1375075827695111196 -26.159668 -39.89868 -11.938477 
4750752739623 1375075827758404653 -25.979614 -39.959717 -11.938477 
4750810758851 1375075827822277944 -26.159668 -40.019226 -11.878967 
4750874210705 1375075827885510366 -26.098633 -40.078735 -11.999512 
4750938089844 1375075827949414175 -26.039124 -40.078735 -11.999512 
4751002579393 1375075828012672785 -26.098633 -40.078735 -12.059021 
4751065848124 1375075828076515559 -25.979614 -40.078735 -12.059021 
4751128872692 1375075828139778498 -26.098633 -40.19928 -11.999512 
4751192507669 1375075828203682307 -25.79956 -40.19928 -12.179565 
4751260476537 1375075828266914729 -25.979614 -40.25879 -12.11853 
4751319197736 1375075828330788020 -25.85907 -40.25879 -12.059021 
4751387746491 1375075828394081477 -25.979614 -40.319824 -11.698914 
4751446711850 1375075828457924250 -25.979614 -40.499878 -11.698914 
4751509889021 1375075828521248225 -25.979614 -40.499878 -11.639404 
4751573585037 1375075828585121516 -26.039124 -40.379333 -11.698914 
4751636518047 1375075828647987727 -26.098633 -40.25879 -11.759949 
4751700732909 1375075828712196711 -26.399231 -40.13977 -11.639404 
4751764032161 1375075828775520686 -26.278687 -40.13977 -11.698914 
4751830139287 1375075828840401057 -26.039124 -39.89868 -11.878967 
4751891149512 1375075828902595881 -26.098633 -40.019226 -11.999512 
4751955028652 1375075828966499690 -25.979614 -39.839172 -11.938477 
4752018175302 1375075829029762629 -26.098633 -39.779663 -12.059021 
4752081962879 1375075829093605402 -25.979614 -39.89868 -12.059021 
4752145658897 1375075829156898859 -26.039124 -39.89868 -11.938477 
4752212803717 1375075829220833186 -25.979614 -40.13977 -11.999512 
4752272471044 1375075829284035090 -25.91858 -40.019226 -11.999512 
4752336411223 1375075829347938899 -26.159668 -40.19928 -11.999512 
4752399771517 1375075829411171320 -26.098633 -40.019226 -11.819458 
4752463620137 1375075829475014094 -26.159668 -39.959717 -11.938477 
4752526797307 1375075829538307551 -26.159668 -39.779663 -11.938477 
4752590798529 1375075829602180842 -26.278687 -39.59961 -11.878967 
4752654097780 1375075829665413264 -26.278687 -39.59961 -11.999512 
4752717885357 1375075829729286555 -26.339722 -39.538574 -11.999512 
4752781306691 1375075829792610529 -26.519775 -39.779663 -12.059021 
4752845124790 1375075829856483820 -26.45874 -39.718628 -11.999512 
4752909705899 1375075829919982418 -26.219177 -39.59961 -12.239075 
4752972181100 1375075829983855709 -26.278687 -39.59961 -12.239075 
4753035541395 1375075830047179684 -26.098633 -39.718628 -12.059021 
4753099359492 1375075830110991940 -26.159668 -39.779663 -12.179565 
4753162597703 1375075830174254879 -26.159668 -40.019226 -12.239075 
4753226537884 1375075830238128170 -26.159668 -39.89868 -12.239075 
4753289806615 1375075830301391110 -26.159668 -39.65912 -12.419128 
4753357195598 1375075830365264401 -26.039124 -39.839172 -12.419128 
4753416862925 1375075830428527340 -26.039124 -39.959717 -12.359619 
4753480864146 1375075830492431149 -26.159668 -40.019226 -12.419128 
4753544071838 1375075830555663571 -26.159668 -40.13977 -12.419128 
4753611277697 1375075830619536862 -25.979614 -40.078735 -12.239075 
4753671158669 1375075830682769283 -26.039124 -39.718628 -12.239075 
4753738364528 1375075830746673092 -25.979614 -39.959717 -12.239075 
4753798398100 1375075830809966549 -25.85907 -40.25879 -12.11853 
4753862185679 1375075830873835616 -25.979614 -40.019226 -12.239075 
4753925759614 1375075830937129073 -26.039124 -40.019226 -12.359619 
4753989211468 1375075831001002364 -26.098633 -40.078735 -12.179565 
4754058645315 1375075831064265303 -26.159668 -40.019226 -12.298584 
4754116481420 1375075831128108077 -26.278687 -39.959717 -12.419128 
4754179811194 1375075831191401534 -25.979614 -40.078735 -12.359619 
4754243781893 1375075831255274825 -25.979614 -39.959717 -12.419128 
4754306959065 1375075831318507247 -25.91858 -39.65912 -12.179565 
4754371173928 1375075831382716231 -25.79956 -39.89868 -11.999512 
4754434076417 1375075831445643477 -25.85907 -39.89868 -11.819458 
4754497894514 1375075831509638839 -25.738525 -39.89868 -11.938477 
4754561254806 1375075831572810225 -25.498962 -40.019226 -11.938477 
4754625805394 1375075831636652999 -25.379944 -40.019226 -12.059021 
4754688952045 1375075831699915938 -25.439453 -40.13977 -12.059021 
4754752281818 1375075831763819747 -25.318909 -40.078735 -11.999512 
4754815550550 1375075831827082686 -25.439453 -40.25879 -11.938477 
4754879216045 1375075831890925460 -25.679016 -40.499878 -11.999512 
4754942423738 1375075831954188399 -25.679016 -40.499878 -11.999512 
4755006516519 1375075832018092208 -25.679016 -40.499878 -11.999512 
4755069663170 1375075832081324630 -25.79956 -40.319824 -11.938477 
4755133755952 1375075832145197921 -25.679016 -40.438843 -11.639404 
4755196963642 1375075832208491378 -25.91858 -40.319824 -11.759949 
4755260903822 1375075832272334151 -26.159668 -40.078735 -11.579895 
4755335648214 1375075832335627608 -26.278687 -39.959717 -11.819458 
4755388051695 1375075832399470382 -26.219177 -39.718628 -11.878967 
4755453853617 1375075832462733321 -26.339722 -39.59961 -11.819458 
4755517366513 1375075832526606612 -26.399231 -39.419556 -11.579895 
4755579139745 1375075832590205245 -26.339722 -39.35852 -11.579895 
4755642255875 1375075832653773360 -26.45874 -39.419556 -11.759949 
4755705524607 1375075832717036300 -26.45874 -39.29901 -11.698914 
4755769464787 1375075832781175759 -26.278687 -39.419556 -11.878967 
4755832733519 1375075832844438698 -25.979614 -39.35852 -11.51886 
4755896551617 1375075832908281471 -26.039124 -39.419556 -11.459351 
4755959881390 1375075832971574929 -25.979614 -39.419556 -11.639404 
4756023730009 1375075833035417702 -25.91858 -39.479065 -11.819458 
4756093011255 1375075833098680641 -26.039124 -39.419556 -11.938477 
4756151061002 1375075833162553932 -26.098633 -39.35852 -12.059021 
4756214329734 1375075833225847389 -26.039124 -39.538574 -11.999512 
4756277903669 1375075833289690163 -26.039124 -39.538574 -11.698914 
4756342820502 1375075833352953102 -26.219177 -39.538574 -11.938477 
4756407218487 1375075833416856911 -26.159668 -39.538574 -11.999512 
4756468869640 1375075833480119850 -26.219177 -39.59961 -12.059021 
4756532321494 1375075833543962624 -26.219177 -39.65912 -11.999512 
4756602365748 1375075833607256081 -26.098633 -39.779663 -11.819458 
4756659560925 1375075833671220925 -26.278687 -39.59961 -11.579895 
4756723867350 1375075833734510128 -26.159668 -39.59961 -11.639404 
4756786983480 1375075833798322384 -26.339722 -39.779663 -11.819458 
4756849855448 1375075833861585324 -26.45874 -39.59961 -11.759949 
4756913673546 1375075833925428097 -26.399231 -39.538574 -11.698914 
4756976850717 1375075833988691037 -26.278687 -39.59961 -11.459351 
4757040790897 1375075834052564328 -26.219177 -39.419556 -11.579895 
4757106592819 1375075834115827267 -26.219177 -39.35852 -11.878967 
4757167908249 1375075834179700558 -26.098633 -39.479065 -11.819458 
4757231634785 1375075834243146603 -26.098633 -39.29901 -11.759949 
4757298321799 1375075834306836789 -25.85907 -39.179993 -11.878967 
4757358538493 1375075834370160763 -25.738525 -39.419556 -11.878967 
4757430413970 1375075834434003537 -25.85907 -39.35852 -11.878967 
4757487242904 1375075834497235959 -25.91858 -39.419556 -12.059021 
4757549626545 1375075834561109250 -25.85907 -39.59961 -12.11853 
4757612834236 1375075834624372189 -25.91858 -39.65912 -11.938477 
4757676530252 1375075834688275998 -25.85907 -39.718628 -12.059021 
4757743186746 1375075834751630490 -25.979614 -39.718628 -11.878967 
4757804410614 1375075834815412228 -26.159668 -39.718628 -11.698914 
4757867068937 1375075834878644650 -26.039124 -39.779663 -11.819458 
4757931039638 1375075834942517941 -26.219177 -39.779663 -11.938477 
4757996994163 1375075835006147091 -26.399231 -39.959717 -11.878967 
4758058309590 1375075835069715207 -26.638794 -39.839172 -11.999512 
4758121273119 1375075835132917111 -26.638794 -39.89868 -11.819458 
4758183351556 1375075835194928830 -26.638794 -39.839172 -11.759949 
4758248420990 1375075835260083859 -26.579285 -40.078735 -11.999512 
4758312330650 1375075835323926632 -26.45874 -40.078735 -12.059021 
4758375660423 1375075835387281125 -26.519775 -40.13977 -12.059021 
4758439539561 1375075835451093380 -26.278687 -40.19928 -11.878967 
4758502838813 1375075835514325802 -26.098633 -40.019226 -11.999512 
4758567267320 1375075835578199093 -26.159668 -39.959717 -11.938477 
4758630566573 1375075835641636708 -26.159668 -39.779663 -12.179565 
4758693865825 1375075835705479482 -26.098633 -39.839172 -12.11853 
4758757134557 1375075835768742421 -26.219177 -39.718628 -11.999512 
4758821166297 1375075835832768300 -26.159668 -39.779663 -12.179565 
4758884312948 1375075835895909169 -26.039124 -39.65912 -12.179565 
4758948131047 1375075835959751943 -26.039124 -39.718628 -12.539673 
4759011369258 1375075836023075917 -26.098633 -39.779663 -12.419128 
4759075309438 1375075836086918691 -26.098633 -39.89868 -12.359619 
4759138517128 1375075836150151113 -26.039124 -39.959717 -12.298584 
4759202365748 1375075836214024404 -26.098633 -39.839172 -12.419128 
4759265756562 1375075836277317861 -26.039124 -39.839172 -12.478638 
4759329635701 1375075836341191152 -26.159668 -39.59961 -12.298584 
4759392690790 1375075836403263906 -26.278687 -39.65912 -12.359619 
4759456722530 1375075836468296865 -26.519775 -39.59961 -12.179565 
4759519960742 1375075836531559804 -26.339722 -39.538574 -12.179565 
4759585762666 1375075836596802131 -26.098633 -39.538574 -12.179565 
4759647139134 1375075836658783333 -25.979614 -39.718628 -12.11853 
4759711323477 1375075836722961799 -26.039124 -39.779663 -11.938477 
4759774287006 1375075836785950081 -25.85907 -39.89868 -11.938477 
4759838196664 1375075836849823372 -25.91858 -40.019226 -11.999512 
4759901434877 1375075836913055793 -25.79956 -39.959717 -11.938477 
4759966473790 1375075836976959602 -25.91858 -39.89868 -11.759949 
4760028582748 1375075837040222542 -26.159668 -39.779663 -11.819458 
4760099634175 1375075837104095833 -26.219177 -39.718628 -11.698914 
4760155639057 1375075837167328254 -26.399231 -39.718628 -11.698914 
4760219640278 1375075837231262581 -26.278687 -39.59961 -11.878967 
4760282970051 1375075837294495002 -26.399231 -39.65912 -11.938477 
4760349107698 1375075837358337776 -26.278687 -39.718628 -11.878967 
4760410972494 1375075837421631233 -26.339722 -39.89868 -11.878967 
4760474790592 1375075837485504524 -25.91858 -40.019226 -11.878967 
4760537174232 1375075837548736946 -25.85907 -40.078735 -11.878967 
4760613231000 1375075837612121956 -25.979614 -40.25879 -11.999512 
4760665512399 1375075837675903694 -26.039124 -40.19928 -11.938477 
4760731863689 1375075837739746467 -26.098633 -40.19928 -11.999512 
4760796505836 1375075837805206672 -26.039124 -40.13977 -11.999512 
4760861910993 1375075837866882698 -25.91858 -40.25879 -12.059021 
4760923867350 1375075837931640999 -25.85907 -40.078735 -12.059021 
4760991958302 1375075837994171516 -25.91858 -39.89868 -12.11853 
4761062155158 1375075838057434456 -25.79956 -39.959717 -12.239075 
4761117793796 1375075838121155159 -25.738525 -39.59961 -11.999512 
4761173218791 1375075838184448616 -25.679016 -39.718628 -11.999512 
4761240211011 1375075838248321907 -25.679016 -39.718628 -11.878967 
4761312880016 1375075838311584846 -25.79956 -39.718628 -11.759949 
4761374225964 1375075838375427620 -25.91858 -39.89868 -11.819458 
4761437983022 1375075838438843147 -25.979614 -39.89868 -11.759949 
4761491180030 1375075838502860501 -26.039124 -40.078735 -11.639404 
4761554174080 1375075838566062406 -26.219177 -40.19928 -11.51886 
4761618205820 1375075838629966214 -26.159668 -40.25879 -11.51886 
4761681382991 1375075838693229154 -26.159668 -40.019226 -11.51886 
4761745323172 1375075838757102445 -26.098633 -40.13977 -11.579895 
4761809019188 1375075838820334866 -26.159668 -40.13977 -11.698914 
4761872501563 1375075838884208158 -26.219177 -40.019226 -11.459351 
4761935800815 1375075838947471097 -26.219177 -40.19928 -11.698914 
4762001572218 1375075839011374906 -26.098633 -40.19928 -11.938477 
4762062918166 1375075839074637845 -26.039124 -40.25879 -12.059021 
4762132748778 1375075839138938382 -25.979614 -40.379333 -12.11853 
4762190218640 1375075839201865628 -26.098633 -40.438843 -12.11853 
4762254189339 1375075839265647366 -25.91858 -40.319824 -11.938477 
4762317183389 1375075839328879788 -26.039124 -40.379333 -11.819458 
4762381184609 1375075839392783597 -26.039124 -40.319824 -11.878967 
4762444392301 1375075839456103331 -25.85907 -40.25879 -11.819458 
4762509583816 1375075839519946105 -25.91858 -40.078735 -11.579895 
4762571570693 1375075839583209044 -25.79956 -39.959717 -11.579895 
4762635571914 1375075839647112853 -25.91858 -39.959717 -11.698914 
4762698688043 1375075839710375792 -25.679016 -40.078735 -11.938477 
4762762536661 1375075839774218566 -25.679016 -40.25879 -12.059021 
4762834015373 1375075839837512023 -25.559998 -40.13977 -12.179565 
4762889531930 1375075839901354796 -25.619507 -40.19928 -12.239075 
4762952922745 1375075839964617736 -25.738525 -40.078735 -12.239075 
4763016862924 1375075840028491027 -25.79956 -40.13977 -12.298584 
4763080040096 1375075840091784484 -25.85907 -40.078735 -12.239075 
4763144041316 1375075840155627257 -25.679016 -40.019226 -12.11853 
4763208134099 1375075840218890197 -25.85907 -40.13977 -11.938477 
4763282268082 1375075840282763488 -25.979614 -39.839172 -11.878967 
4763334549479 1375075840346331603 -25.979614 -39.959717 -11.759949 
4763398092895 1375075840409899718 -25.91858 -39.959717 -11.819458 
4763461575270 1375075840473193175 -25.679016 -39.959717 -11.819458 
4763525545971 1375075840537035949 -25.679016 -40.019226 -11.819458 
4763591134250 1375075840600329406 -25.79956 -39.89868 -12.059021 
4763652693843 1375075840664202697 -25.679016 -39.839172 -12.179565 
4763715901533 1375075840727435119 -25.679016 -39.718628 -12.179565 
4763785762664 1375075840791338927 -25.679016 -39.959717 -12.11853 
4763843049404 1375075840854601867 -25.679016 -39.89868 -12.11853 
4763909644856 1375075840918444640 -25.738525 -39.779663 -11.878967 
4763970349877 1375075840981829650 -26.039124 -39.89868 -11.878967 
4764034076414 1375075841045611388 -26.098633 -39.89868 -11.938477 
4764104486914 1375075841108874328 -26.098633 -40.019226 -11.639404 
4764161132724 1375075841172717101 -26.339722 -40.13977 -11.579895 
4764233618609 1375075841235980040 -26.339722 -40.13977 -11.698914 
4764299328970 1375075841299853331 -26.45874 -40.19928 -11.819458 
4764351976614 1375075841363321345 -26.519775 -40.13977 -11.999512 
4764417320730 1375075841427225154 -26.278687 -40.13977 -12.239075 
4764478788759 1375075841490427058 -26.098633 -40.078735 -12.239075 
4764542789980 1375075841554636043 -26.159668 -40.019226 -12.11853 
4764612498511 1375075841617776912 -26.219177 -40.019226 -12.239075 
4764669815769 1375075841681467097 -26.219177 -39.89868 -12.239075 
4764733053982 1375075841744699519 -26.039124 -39.718628 -12.239075 
4764796963641 1375075841808572810 -25.91858 -39.479065 -12.179565 
4764860232374 1375075841871866267 -25.91858 -39.538574 -12.059021 
4764924080992 1375075841935678523 -26.039124 -39.419556 -12.11853 
4764987380245 1375075841999002498 -26.098633 -39.419556 -11.999512 
4765051289904 1375075842062906306 -26.219177 -39.419556 -11.938477 
4765116054134 1375075842126138728 -26.159668 -39.35852 -11.878967 
4765178407255 1375075842189981502 -26.219177 -39.239502 -11.878967 
4765241675987 1375075842253274959 -26.339722 -39.479065 -11.698914 
4765307264268 1375075842317235577 -26.159668 -39.718628 -11.639404 
4765368762817 1375075842380498517 -26.039124 -39.59961 -11.698914 
4765432702999 1375075842444371808 -26.039124 -39.89868 -11.579895 
4765495971730 1375075842507665265 -25.979614 -39.779663 -11.759949 
4765559850868 1375075842571508038 -25.679016 -39.65912 -12.059021 
4765622905958 1375075842634801495 -25.738525 -39.65912 -11.938477 
4765687303943 1375075842698674786 -25.559998 -39.89868 -11.938477 
4765750572675 1375075842761907208 -25.619507 -39.959717 -11.878967 
4765814177132 1375075842825796647 -25.85907 -39.839172 -11.999512 
4765877384823 1375075842889059586 -25.91858 -40.019226 -11.878967 
4765941294482 1375075842952902360 -26.159668 -39.779663 -11.938477 
4766004593735 1375075843016226335 -26.219177 -39.959717 -11.579895 
4766068564435 1375075843080099626 -26.278687 -40.25879 -11.338806 
4766132901380 1375075843143484635 -26.098633 -40.499878 -11.338806 
4766202060543 1375075843207205338 -26.039124 -40.499878 -11.399841 
4766258797916 1375075843270498795 -26.159668 -40.438843 -11.459351 
4766322554973 1375075843334341569 -26.098633 -40.379333 -11.338806 
4766385854226 1375075843397604508 -26.339722 -40.25879 -11.338806 
4766449794405 1375075843461508317 -26.098633 -40.25879 -11.338806 
4766513185219 1375075843524771256 -25.979614 -40.19928 -11.399841 
4766578956621 1375075843588675065 -25.979614 -40.019226 -11.639404 
4766640149968 1375075843651907487 -26.098633 -39.718628 -11.819458 
4766714375513 1375075843715811295 -26.278687 -39.59961 -11.759949 
4766767389400 1375075843779069910 -26.278687 -39.538574 -11.698914 
4766831299060 1375075843842943201 -26.45874 -39.479065 -11.819458 
4766894567792 1375075843906236658 -26.098633 -39.538574 -11.878967 
4766958477451 1375075843970079431 -25.979614 -39.479065 -11.819458 
4767021746183 1375075844033403406 -26.278687 -39.35852 -11.878967 
4767086327292 1375075844097276697 -26.339722 -39.35852 -11.759949 
4767147459597 1375075844158586511 -26.339722 -39.419556 -11.698914 
4767212986837 1375075844224351892 -26.159668 -39.59961 -11.51886 
4767276041925 1375075844287645349 -25.979614 -39.59961 -11.639404 
4767340226269 1375075844351732263 -25.619507 -39.718628 -11.639404 
4767403037196 1375075844414751062 -25.79956 -39.839172 -11.579895 
4767467099457 1375075844478654871 -25.91858 -39.89868 -11.639404 
4767530429230 1375075844541887293 -25.79956 -40.019226 -11.698914 
4767594186287 1375075844605760584 -25.79956 -40.078735 -11.639404 
4767657332937 1375075844669054041 -25.79956 -40.13977 -11.51886 
4767722738096 1375075844732957849 -25.85907 -40.19928 -11.579895 
4767787319203 1375075844796159754 -25.979614 -40.13977 -11.459351 
4767848512550 1375075844860033045 -25.979614 -40.13977 -11.279297 
4767913490423 1375075844923326502 -26.039124 -40.078735 -11.338806 
4767975721461 1375075844987169275 -25.91858 -40.19928 -11.279297 
4768039539561 1375075845050462732 -25.85907 -40.19928 -11.399841 
4768102686211 1375075845114336023 -25.619507 -40.19928 -11.639404 
4768166351708 1375075845177568445 -25.619507 -40.379333 -11.759949 
4768229925643 1375075845241472254 -25.79956 -40.25879 -11.878967 
4768293102813 1375075845304735193 -25.91858 -40.25879 -11.819458 
4768355822180 1375075845367387781 -26.039124 -40.19928 -11.938477 
4768420342246 1375075845431901941 -25.979614 -40.19928 -11.878967 
4768484282426 1375075845495744714 -25.979614 -40.019226 -11.639404 
4768549412901 1375075845560350427 -25.85907 -40.019226 -11.51886 
4768611460817 1375075845622880945 -25.91858 -39.89868 -11.459351 
4768675034754 1375075845686654262 -25.85907 -39.89868 -11.279297 
4768738822331 1375075845750191860 -25.619507 -39.718628 -11.099243 
4768801907941 1375075845813546352 -25.559998 -39.779663 -11.219788 
4768865878642 1375075845877358608 -25.559998 -39.779663 -11.338806 
4768929422056 1375075845940652065 -25.498962 -39.839172 -11.338806 
4768992904432 1375075846004525356 -25.498962 -39.959717 -11.579895 
4769056112122 1375075846067757778 -25.679016 -39.839172 -11.639404 
4769119991262 1375075846131631069 -25.85907 -39.89868 -11.459351 
4769183229474 1375075846194863491 -25.738525 -39.89868 -11.639404 
4769247139133 1375075846258736782 -25.79956 -40.078735 -11.878967 
4769310713069 1375075846322030239 -25.79956 -39.959717 -11.878967 
4769374195443 1375075846385873012 -25.79956 -39.89868 -11.819458 
4769437555738 1375075846449166469 -25.85907 -39.779663 -11.999512 
4769501434876 1375075846513070278 -26.159668 -39.839172 -12.059021 
4769564184761 1375075846575783901 -26.339722 -39.779663 -11.938477 
4769628582746 1375075846640202185 -26.219177 -39.65912 -11.878967 
4769691943041 1375075846703495642 -26.45874 -39.479065 -11.819458 
4769758721615 1375075846768894812 -26.519775 -39.35852 -11.819458 
4769818968829 1375075846830601355 -26.45874 -39.479065 -11.938477 
4769882847968 1375075846894474646 -26.399231 -39.479065 -11.999512 
4769947184913 1375075846957737585 -26.339722 -39.59961 -12.11853 
4770010453647 1375075847021580359 -26.159668 -39.419556 -12.059021 
4770073295092 1375075847084873816 -26.098633 -39.479065 -12.179565 
4770137174231 1375075847148716589 -26.339722 -39.538574 -12.359619 
4770206424956 1375075847211979528 -26.159668 -39.35852 -12.239075 
4770264291582 1375075847275852819 -26.219177 -39.29901 -12.179565 
4770327712917 1375075847339146276 -26.098633 -39.29901 -12.179565 
4770391439454 1375075847403019567 -26.098633 -39.59961 -11.938477 
4770454708185 1375075847466282507 -26.039124 -39.538574 -11.819458 
4770518617845 1375075847530155798 -25.979614 -39.779663 -11.759949 
4770581856057 1375075847593388220 -26.098633 -39.959717 -11.819458 
4770645765717 1375075847657292028 -26.039124 -40.019226 -11.759949 
4770739127535 1375075847720646521 -26.219177 -40.25879 -11.938477 
4770783412595 1375075847784458776 -26.098633 -40.379333 -11.759949 
4770863040246 1375075847847691198 -26.278687 -40.379333 -11.698914 
4770921242597 1375075847911595007 -26.339722 -40.13977 -11.878967 
4770967297839 1375075847974888464 -26.45874 -40.13977 -11.759949 
4771033771210 1375075848038670202 -26.579285 -39.89868 -11.878967 
4771104822636 1375075848102360388 -26.278687 -39.839172 -11.819458 
4771154418241 1375075848165806433 -26.278687 -39.839172 -11.878967 
4771222173469 1375075848229069372 -25.979614 -40.019226 -11.759949 
4771318587324 1375075848292973181 -25.91858 -39.839172 -11.819458 
4771344712764 1375075848356266638 -25.738525 -39.89868 -11.698914 
4771411033532 1375075848420078894 -25.619507 -39.89868 -11.698914 
4771475187354 1375075848483341833 -25.379944 -39.89868 -11.759949 
4771535800814 1375075848547450829 -25.318909 -39.89868 -11.51886 
4771599039026 1375075848610683251 -25.318909 -39.839172 -11.639404 
4771662979207 1375075848674617577 -25.19989 -39.959717 -11.579895 
4771728750608 1375075848737880516 -25.439453 -39.779663 -11.698914 
4771790432282 1375075848801692772 -25.439453 -39.839172 -11.759949 
4771853395809 1375075848865016747 -25.498962 -39.839172 -11.938477 
4771917274948 1375075848928859520 -25.439453 -40.078735 -11.938477 
4771980543681 1375075848992122460 -25.619507 -40.078735 -11.938477 
4772044392299 1375075849055995751 -25.498962 -40.19928 -11.938477 
4772107752592 1375075849119289208 -25.559998 -40.438843 -11.819458 
4772171784333 1375075849183101463 -25.679016 -40.078735 -11.938477 
4772234778382 1375075849246364403 -25.439453 -40.25879 -11.878967 
4772298657521 1375075849310268212 -25.439453 -40.379333 -11.698914 
4772362048335 1375075849373653221 -25.439453 -40.25879 -11.579895 
4772426141117 1375075849437404442 -25.559998 -40.019226 -11.698914 
4772489409849 1375075849501151341 -25.738525 -39.89868 -11.878967 
4772552800662 1375075849564536350 -25.738525 -39.89868 -11.999512 
4772621807223 1375075849627768772 -25.85907 -39.959717 -11.878967 
4772747886882 1375075849691642063 -25.91858 -40.019226 -11.819458 
4772812284867 1375075849754935520 -26.039124 -39.779663 -11.878967 
4772857516060 1375075849818808811 -25.979614 -39.779663 -12.059021 
4772909187049 1375075849882041233 -26.098633 -39.89868 -12.11853 
4772962841865 1375075849945945042 -25.979614 -40.019226 -11.999512 
4773068503393 1375075850009177464 -25.79956 -39.959717 -11.579895 
4773124721920 1375075850073111790 -25.79956 -39.839172 -11.51886 
4773131131198 1375075850136344212 -25.79956 -39.65912 -11.579895 
4773189699792 1375075850200217503 -25.679016 -39.89868 -11.51886 
4773251839269 1375075850263480442 -25.619507 -39.959717 -11.338806 
4773315657368 1375075850327323216 -25.738525 -39.839172 -11.279297 
4773378987141 1375075850390616673 -25.738525 -39.779663 -11.279297 
4773443110444 1375075850454581516 -25.79956 -39.718628 -11.279297 
4773507813633 1375075850518088597 -25.979614 -39.65912 -11.459351 
4773570471958 1375075850581656712 -26.098633 -39.89868 -11.51886 
4773633588088 1375075850644889134 -26.039124 -40.019226 -11.51886 
4773697131502 1375075850708121556 -26.039124 -40.019226 -11.51886 
4773762994467 1375075850772696751 -26.098633 -39.89868 -11.51886 
4773826446320 1375075850837088841 -26.039124 -39.89868 -11.639404 
4773888768921 1375075850900138157 -26.098633 -39.89868 -11.51886 
4773953014303 1375075850963828343 -26.098633 -39.779663 -11.639404 
4774016099913 1375075851026999729 -25.91858 -39.959717 -11.759949 
4774080070615 1375075851090842503 -25.738525 -39.718628 -11.938477 
4774148955094 1375075851154105442 -25.91858 -39.65912 -11.938477 
4774207218486 1375075851217978733 -25.679016 -39.779663 -11.999512 
4774270212534 1375075851281241673 -25.79956 -39.959717 -12.359619 
4774334152713 1375075851345481175 -25.738525 -39.959717 -12.239075 
4774397513008 1375075851408611831 -25.85907 -40.019226 -12.239075 
4774460384974 1375075851471630630 -25.91858 -40.25879 -12.179565 
4774524782960 1375075851535748062 -26.039124 -40.078735 -11.938477 
4774588662098 1375075851599621353 -26.399231 -40.25879 -11.878967 
4774654616624 1375075851663799819 -26.159668 -40.13977 -11.878967 
4774715138521 1375075851726757583 -26.45874 -40.078735 -11.878967 
4774779109223 1375075851790020523 -26.159668 -39.89868 -11.819458 
4774842896800 1375075851854046402 -26.339722 -40.019226 -11.819458 
4774906226574 1375075851917156753 -26.159668 -39.839172 -11.999512 
4774970166753 1375075851981030044 -26.159668 -39.718628 -12.059021 
4775032947159 1375075852044292984 -26.098633 -39.779663 -12.419128 
4775097100981 1375075852108440933 -25.979614 -39.65912 -12.359619 
