#SysTm EventTmStmp Light
41930236647662 41929742472000 67.0 
41930248618745 41929818724000 69.0 
41930259931370 41929875909000 64.0 
41930269255953 41929942576000 67.0 
41930280408454 41930009213000 71.0 
41930293490995 41930075966000 67.0 
41930326481203 41930142578000 64.0 
41930360524287 41930209104000 64.0 
41930423089245 41930275845000 67.0 
41930436134620 41930343373000 71.0 
41930448428703 41930409095000 66.0 
41930486390620 41930475836000 66.0 
41930542817037 41930542524000 61.0 
41930609400787 41930609094000 69.0 
41930676085620 41930675788000 71.0 
41930742825412 41930742498000 67.0 
41930809379037 41930809091000 61.0 
41930881446995 41930880939000 64.0 
41930942926453 41930942533000 67.0 
41931009394453 41931009117000 64.0 
41931076232204 41931075878000 62.0 
41931142862370 41931142478000 64.0 
41931209470203 41931209116000 61.0 
41931278267287 41931275922000 61.0 
41931342750537 41931342428000 57.0 
41931410228454 41931409850000 64.0 
41931476467120 41931476063000 50.0 
41931542795662 41931542507000 57.0 
41931609461995 41931609144000 61.0 
41931677578412 41931675885000 50.0 
41931742882245 41931742520000 61.0 
41931809562662 41931809187000 57.0 
41931876598370 41931876029000 50.0 
41931942718329 41931942447000 54.0 
41932009953162 41932009110000 61.0 
41932076087537 41932075799000 61.0 
41932143296537 41932142491000 57.0 
41932210480621 41932210129000 62.0 
41932276259288 41932275857000 61.0 
41932342826329 41932342526000 69.0 
41932409597162 41932409134000 64.0 
41932476200829 41932475865000 71.0 
41932542922579 41932542550000 67.0 
41932617808288 41932609684000 71.0 
41932676421204 41932675844000 69.0 
41932742724787 41932742445000 64.0 
41932809784204 41932809125000 61.0 
41932876744662 41932875894000 62.0 
41932942842746 41932942522000 56.0 
41933009491996 41933009247000 59.0 
41933078319454 41933075958000 54.0 
41933142822996 41933142474000 49.0 
41933209493954 41933209158000 45.0 
41933279048746 41933275874000 42.0 
41933342803663 41933342479000 40.0 
41933409987121 41933409590000 37.0 
41933477467455 41933477116000 42.0 
41933542915080 41933542586000 40.0 
41933609638746 41933609284000 44.0 
41933676228246 41933675949000 44.0 
41933742911580 41933742651000 44.0 
41933809434871 41933809114000 40.0 
41933878478996 41933878113000 39.0 
41933944656371 41933944385000 33.0 
41934009449913 41934009174000 37.0 
41934076093205 41934075836000 37.0 
41934142669496 41934142441000 33.0 
41934209634079 41934209336000 35.0 
41934276141455 41934275875000 37.0 
41934342874539 41934342556000 8.0 
41934409428205 41934409183000 35.0 
41934477396414 41934475896000 30.0 
41934542910539 41934542516000 23.0 
41934609465830 41934609188000 16.0 
41934676312414 41934675924000 18.0 
41934742793371 41934742516000 13.0 
41934809610371 41934809198000 13.0 
41934876237747 41934875837000 13.0 
41934953843538 41934943336000 13.0 
41935020364122 41935011386000 6.0 
41935087214205 41935076182000 13.0 
41935153487288 41935142473000 5.0 
41935219496788 41935209146000 13.0 
41935286780538 41935275851000 4.0 
41935352558455 41935342598000 16.0 
41935419166038 41935409132000 6.0 
41935486732373 41935476386000 8.0 
41935554188122 41935544273000 16.0 
41935622806538 41935609224000 7.0 
41935676082997 41935675826000 11.0 
41935742679038 41935742469000 15.0 
41935809570413 41935809309000 10.0 
41935876810705 41935875873000 10.0 
41935948258705 41935942581000 13.0 
41936037317955 41936009210000 5.0 
41936102888080 41936076487000 10.0 
41936169227497 41936142468000 13.0 
41936222862247 41936209137000 10.0 
41936276150040 41936275874000 13.0 
41936342709165 41936342469000 5.0 
41936409477789 41936409214000 10.0 
41936476315581 41936475926000 13.0 
41936542888581 41936542581000 5.0 
41936609448706 41936609200000 10.0 
41936676156665 41936675899000 10.0 
41936742897165 41936742564000 10.0 
41936809871081 41936809453000 13.0 
41936876328415 41936875973000 5.0 
41936943361831 41936942771000 5.0 
41937009804831 41937009288000 13.0 
41937079225289 41937078489000 13.0 
41937143049789 41937142696000 10.0 
41937209547664 41937209260000 13.0 
41937276902331 41937275914000 13.0 
41937342835414 41937342531000 13.0 
41937409775498 41937409335000 13.0 
41937476140666 41937475843000 5.0 
41937542795248 41937542476000 13.0 
41937609530915 41937609164000 5.0 
41937676356457 41937676013000 13.0 
41937742827373 41937742491000 13.0 
41937809651665 41937809279000 10.0 
41937876201248 41937875900000 13.0 
41937942825040 41937942501000 10.0 
41938009470540 41938009181000 13.0 
41938077184832 41938076856000 10.0 
41938142781957 41938142483000 10.0 
41938209469165 41938209183000 7.0 
41938276324498 41938275931000 13.0 
41938342886040 41938342542000 16.0 
41938409556582 41938409195000 16.0 
41938476900832 41938475943000 16.0 
41938545998790 41938545638000 13.0 
41938611819707 41938609225000 16.0 
41938677638332 41938675922000 16.0 
41938742924582 41938742596000 20.0 
41938810247457 41938809220000 16.0 
41938876172665 41938875919000 16.0 
41938943001040 41938942688000 16.0 
41939009503623 41939009214000 20.0 
41939076130540 41939075900000 16.0 
41939143961207 41939143688000 22.0 
41939209541915 41939209283000 20.0 
41939276253791 41939275976000 22.0 
41939342799207 41939342547000 20.0 
41939409461582 41939409208000 16.0 
41939477894750 41939476041000 16.0 
41939544369624 41939542551000 18.0 
41939611582333 41939609284000 37.0 
41939679520999 41939677200000 54.0 
41939743738875 41939742598000 64.0 
41939811431625 41939809298000 74.0 
41939876843624 41939876093000 81.0 
41939942937499 41939942504000 96.0 
41940010311583 41940009153000 88.0 
41940079281207 41940075873000 101.0 
41940143979041 41940142587000 108.0 
41940209573499 41940209212000 115.0 
41940276374833 41940275944000 120.0 
41940342895000 41940342545000 120.0 
41940409911791 41940409327000 124.0 
41940476320125 41940476016000 112.0 
41940542884708 41940542540000 81.0 
41940609530250 41940609231000 78.0 
41940676935375 41940676483000 61.0 
41940743896124 41940742624000 61.0 
41940810474125 41940809969000 59.0 
41940876283708 41940876000000 49.0 
41940942843499 41940942544000 62.0 
41941009539499 41941009204000 54.0 
41941076320958 41941075966000 59.0 
41941143309916 41941143004000 54.0 
41941210120250 41941209485000 49.0 
41941276205584 41941275919000 37.0 
41941342795792 41941342514000 44.0 
41941409586375 41941409283000 33.0 
41941477528125 41941475965000 37.0 
41941542860375 41941542547000 37.0 
41941609705500 41941609275000 40.0 
41941676548751 41941676007000 14.0 
41941742759876 41941742481000 37.0 
41941809992709 41941809698000 37.0 
41941876184584 41941875896000 33.0 
41941959358042 41941942556000 30.0 
41942023399001 41942009331000 32.0 
41942077329334 41942075891000 30.0 
41942149179709 41942142506000 30.0 
41942223095501 41942209162000 30.0 
41942295693876 41942281425000 23.0 
41942416460543 41942342529000 25.0 
41942428297792 41942409189000 23.0 
41942482870251 41942475859000 25.0 
41942552048584 41942542631000 18.0 
41942616727334 41942609232000 23.0 
41942687589417 41942675885000 20.0 
41942766637084 41942742918000 20.0 
41942831999418 41942809184000 16.0 
41942897533376 41942875869000 16.0 
41942965382043 41942942509000 13.0 
41943039652542 41943009176000 15.0 
41943079726001 41943075993000 16.0 
41943142764793 41943142496000 15.0 
41943209617750 41943209264000 15.0 
41943276324542 41943276013000 15.0 
41943342862584 41943342550000 5.0 
41943409989001 41943409526000 13.0 
41943476282710 41943475946000 6.0 
41943542862710 41943542569000 16.0 
41943609819876 41943609329000 2.0 
41943676837626 41943676092000 8.0 
41943742744501 41943742485000 7.0 
41943809649543 41943809343000 11.0 
41943876327835 41943876060000 10.0 
41943951558377 41943942692000 13.0 
41944009459376 41944009228000 10.0 
41944076198835 41944075939000 10.0 
41944143070752 41944142502000 6.0 
41944209774960 41944209225000 10.0 
41944276169085 41944275878000 10.0 
41944342882710 41944342554000 0.0 
41944410391876 41944410096000 10.0 
41944476598376 41944476256000 13.0 
41944542820001 41944542550000 10.0 
41944609751043 41944609366000 13.0 
41944676252044 41944675934000 13.0 
41944743176627 41944742580000 10.0 
41944809560752 41944809188000 13.0 
41944878115794 41944875877000 5.0 
41944959843043 41944942529000 13.0 
41945010170168 41945009767000 13.0 
41945076136752 41945075878000 13.0 
41945143039876 41945142545000 13.0 
41945209846626 41945209282000 6.0 
41945276286710 41945275979000 13.0 
41945342944085 41945342663000 13.0 
41945409501668 41945409213000 13.0 
41945476553960 41945475905000 13.0 
41945543721543 41945542537000 13.0 
41945609908960 41945609542000 5.0 
41945676632877 41945675876000 15.0 
41945743184043 41945742611000 5.0 
41945810798418 41945809273000 15.0 
41945876345127 41945876073000 15.0 
41945963540502 41945942559000 11.0 
41946012039918 41946010595000 15.0 
41946076354168 41946076092000 5.0 
41946142753210 41946142507000 16.0 
41946209373210 41946209159000 2.0 
41946294311210 41946275915000 16.0 
41946342931419 41946342504000 16.0 
41946410143919 41946409388000 10.0 
41946477269419 41946475902000 16.0 
41946542700877 41946542500000 16.0 
41946609484794 41946609191000 16.0 
41946676521795 41946676141000 16.0 
41946743020628 41946742699000 10.0 
41946809777961 41946809185000 18.0 
41946878875628 41946876866000 15.0 
41946946144711 41946942879000 20.0 
41947010553128 41947009285000 16.0 
41947076168795 41947075887000 4.0 
41947143265545 41947142523000 20.0 
41947209544003 41947209280000 15.0 
41947276342086 41947276045000 18.0 
41947342931920 41947342615000 23.0 
41947410573920 41947410275000 20.0 
41947476177253 41947475936000 23.0 
41947543183794 41947542627000 23.0 
41947611329211 41947609223000 23.0 
41947676225919 41947675898000 23.0 
41947742984004 41947742530000 20.0 
41947809879169 41947809280000 18.0 
41947876849670 41947876321000 22.0 
41947943900794 41947942537000 10.0 
41948009789169 41948009341000 27.0 
41948076442378 41948076172000 27.0 
41948146276753 41948142941000 23.0 
41948210143503 41948209693000 27.0 
41948276122461 41948275916000 40.0 
41948345281086 41948342521000 64.0 
41948410038169 41948409547000 79.0 
41948482189378 41948481394000 88.0 
41948543379711 41948542599000 69.0 
41948609400003 41948609168000 81.0 
41948676832711 41948675990000 84.0 
41948742867003 41948742662000 84.0 
41948809852545 41948809208000 78.0 
41948877994795 41948875942000 86.0 
41948942992503 41948942539000 81.0 
41949010523171 41949010194000 96.0 
41949076195171 41949075902000 101.0 
41949152744796 41949142581000 125.0 
41949209898712 41949209630000 122.0 
41949276293296 41949275949000 135.0 
41949342738087 41949342520000 113.0 
41949409458504 41949409211000 100.0 
41949476987712 41949476747000 91.0 
41949543264671 41949542525000 81.0 
41949609523546 41949609266000 78.0 
41949676336170 41949676010000 71.0 
41949743570337 41949742978000 71.0 
41949809488795 41949809246000 71.0 
41949876233795 41949875971000 57.0 
41949943144962 41949942749000 64.0 
41950010714879 41950010462000 57.0 
41950076209795 41950075945000 61.0 
41950143083420 41950142693000 57.0 
41950209584004 41950209248000 61.0 
41950276237297 41950275938000 64.0 
41950342783213 41950342523000 61.0 
41950409561754 41950409205000 61.0 
41950476297754 41950475950000 59.0 
41950545201171 41950544863000 54.0 
41950609810754 41950609407000 49.0 
41950676244754 41950675950000 47.0 
41950742827754 41950742556000 47.0 
41950809650462 41950809328000 44.0 
41950876668630 41950876211000 40.0 
41950942810755 41950942554000 37.0 
41951011110755 41951009445000 40.0 
41951078056713 41951076089000 39.0 
41951148301629 41951142670000 37.0 
41951209452254 41951209212000 40.0 
41951276932338 41951276532000 35.0 
41951343259547 41951342724000 37.0 
41951409611713 41951409292000 32.0 
41951477048339 41951476636000 44.0 
41951558268130 41951542711000 47.0 
41951675796631 41951609382000 47.0 
41951713322797 41951675911000 33.0 
41951758848672 41951744424000 33.0 
41951819739714 41951809291000 27.0 
41951891480214 41951876441000 32.0 
41951957137631 41951942540000 25.0 
41952023599005 41952009219000 20.0 
41952076216755 41952075927000 20.0 
41952142870463 41952142634000 16.0 
41952209522213 41952209270000 20.0 
41952276206464 41952275959000 16.0 
41952342865881 41952342610000 20.0 
41952409501672 41952409270000 8.0 
41952490329298 41952476458000 15.0 
41952556654880 41952542546000 20.0 
41952639738130 41952609945000 18.0 
41952706061839 41952676305000 13.0 
41952742803421 41952742541000 18.0 
41952809644547 41952809290000 6.0 
41952876277798 41952875978000 13.0 
41952942894089 41952942611000 16.0 
41953009708005 41953009322000 16.0 
41953077418505 41953077064000 18.0 
41953144480005 41953143718000 15.0 
41953209544922 41953209233000 16.0 
41953276228131 41953275923000 20.0 
41953342826631 41953342549000 16.0 
41953409753714 41953409392000 16.0 
41953476333173 41953476030000 20.0 
41953542895714 41953542615000 13.0 
41953609680464 41953609357000 16.0 
41953676606381 41953676258000 16.0 
41953742812506 41953742570000 20.0 
41953810301840 41953809755000 16.0 
41953878610464 41953878276000 16.0 
41953942868089 41953942600000 20.0 
41954009778089 41954009379000 16.0 
41954077241881 41954076159000 20.0 
41954145185465 41954144873000 20.0 
41954209734381 41954209378000 16.0 
41954276677173 41954276152000 18.0 
41954343114923 41954342705000 23.0 
41954409551506 41954409272000 16.0 
41954477114715 41954476709000 20.0 
41954543220340 41954542721000 22.0 
41954609535048 41954609248000 37.0 
41954678846132 41954678449000 71.0 
41954743371548 41954742851000 74.0 
41954809531882 41954809237000 81.0 
41954876414174 41954875954000 83.0 
41954943169298 41954942706000 84.0 
41955009570298 41955009241000 88.0 
41955076362132 41955076008000 98.0 
41955143123923 41955142849000 95.0 
41955209609590 41955209319000 98.0 
41955276821590 41955276143000 84.0 
41955342941590 41955342641000 88.0 
41955409597465 41955409302000 88.0 
41955476364382 41955476058000 84.0 
41955542894424 41955542624000 84.0 
41955609778048 41955609387000 78.0 
41955676552424 41955676112000 79.0 
41955743072632 41955742714000 78.0 
41955809989673 41955809395000 78.0 
41955876458424 41955876080000 79.0 
41955943208549 41955942720000 71.0 
41956009663549 41956009379000 71.0 
41956076600132 41956076080000 69.0 
41956143325549 41956142744000 42.0 
41956212140882 41956211813000 30.0 
41956288465590 41956276093000 32.0 
41956342842382 41956342577000 20.0 
41956409808466 41956409390000 20.0 
41956476430299 41956476129000 16.0 
41956542989715 41956542736000 6.0 
41956609533007 41956609304000 13.0 
41956677826965 41956677602000 13.0 
41956742899423 41956742639000 13.0 
41956809730840 41956809384000 10.0 
41956876415882 41956876074000 13.0 
41956943033174 41956942708000 13.0 
41957009517883 41957009260000 10.0 
41957076621758 41957076075000 6.0 
41957143409549 41957142796000 6.0 
41957209542049 41957209264000 8.0 
41957276561591 41957276039000 0.0 
41957343402549 41957342785000 8.0 
41957409548799 41957409286000 8.0 
41957476389050 41957475957000 0.0 
41957543028841 41957542709000 0.0 
41957609557091 41957609271000 5.0 
41957676386966 41957676038000 10.0 
41957742998174 41957742688000 1.0 
41957810148425 41957809436000 0.0 
41957876448383 41957876151000 10.0 
41957942818383 41957942592000 0.0 
41958009632466 41958009369000 0.0 
41958080877799 41958076205000 0.0 
41958142872341 41958142599000 0.0 
41958209775882 41958209380000 10.0 
41958276681717 41958276271000 0.0 
41958343249009 41958342846000 10.0 
41958409658092 41958409360000 10.0 
41958476556717 41958476201000 5.0 
41958543302008 41958542820000 0.0 
41958609754216 41958609387000 10.0 
41958676688966 41958676180000 5.0 
41958743101425 41958742727000 10.0 
41958810206050 41958809521000 10.0 
41958876439175 41958876106000 0.0 
41958942916133 41958942672000 10.0 
41959009657008 41959009354000 0.0 
41959083970591 41959076462000 10.0 
41959143170258 41959142827000 10.0 
41959209583675 41959209315000 10.0 
41959276386633 41959276057000 10.0 
41959344372842 41959342871000 0.0 
41959409558800 41959409269000 10.0 
41959477642551 41959476351000 0.0 
41959543042551 41959542716000 0.0 
41959609983467 41959609452000 10.0 
41959676461300 41959676100000 5.0 
41959742970092 41959742695000 10.0 
41959809795675 41959809416000 8.0 
41959876487175 41959876155000 8.0 
41959942927842 41959942656000 11.0 
41960009707383 41960009395000 0.0 
41960088072550 41960076689000 13.0 
41960143049800 41960142722000 4.0 
41960209593175 41960209349000 10.0 
41960278360759 41960276787000 13.0 
41960344035009 41960343675000 13.0 
41960409546509 41960409307000 7.0 
41960476293634 41960476048000 13.0 
41960545732051 41960542748000 8.0 
41960609509551 41960609289000 15.0 
41960676711301 41960676008000 20.0 
41960744677634 41960742758000 11.0 
41960821731052 41960809614000 20.0 
41960877860468 41960876160000 16.0 
41960943039010 41960942715000 20.0 
41961009744134 41961009496000 16.0 
41961076291760 41961076016000 16.0 
41961144189801 41961142695000 20.0 
41961209544051 41961209311000 16.0 
41961277235843 41961276097000 16.0 
41961343063510 41961342677000 23.0 
41961413797135 41961409572000 20.0 
41961480514302 41961477304000 23.0 
41961545831052 41961543906000 23.0 
41961610710885 41961609327000 16.0 
41961677540468 41961676342000 20.0 
41961745521885 41961743785000 20.0 
41961812783843 41961809369000 23.0 
41961876630760 41961876187000 23.0 
41961948120468 41961944796000 40.0 
41962011761385 41962009531000 61.0 
41962078356509 41962076225000 64.0 
41962146214301 41962144298000 61.0 
41962209619509 41962209337000 64.0 
41962277427718 41962277230000 88.0 
41962343257968 41962342768000 91.0 
41962410205426 41962409544000 91.0 
41962477718468 41962476114000 98.0 
41962543788301 41962542746000 98.0 
41962609886719 41962609400000 98.0 
41962676654678 41962676139000 103.0 
41962743599011 41962742608000 105.0 
41962809788385 41962809384000 88.0 
41962876590094 41962876103000 74.0 
41962943034927 41962942731000 71.0 
41963009815844 41963009456000 54.0 
41963076822510 41963076253000 44.0 
41963143188552 41963142741000 50.0 
41963209645260 41963209338000 47.0 
41963276286177 41963276026000 42.0 
41963343213927 41963342748000 47.0 
41963409545093 41963409294000 49.0 
41963476355552 41963476088000 47.0 
41963543373386 41963542901000 50.0 
41963609710636 41963609346000 47.0 
41963677693011 41963677476000 50.0 
41963743390386 41963742893000 50.0 
41963809892886 41963809425000 47.0 
41963876567553 41963876140000 40.0 
41963943277803 41963942802000 37.0 
41964010101886 41964009440000 30.0 
41964076522177 41964076106000 32.0 
41964143207219 41964142749000 28.0 
41964209975011 41964209458000 23.0 
41964276614469 41964276123000 23.0 
41964342973261 41964342664000 25.0 
41964409842803 41964409415000 25.0 
41964476624178 41964476121000 20.0 
41964542875053 41964542619000 6.0 
41964610135053 41964609407000 6.0 
41964676569345 41964676095000 13.0 
41964742905637 41964742626000 13.0 
41964809838928 41964809394000 4.0 
41964876464679 41964876102000 4.0 
41964943045303 41964942725000 8.0 
41965009670178 41965009403000 16.0 
41965077683886 41965076252000 15.0 
41965143248720 41965142747000 10.0 
41965209623220 41965209297000 10.0 
41965276305470 41965275998000 10.0 
41965343292887 41965342759000 10.0 
41965409570136 41965409276000 0.0 
41965476221136 41965475962000 0.0 
41965542952011 41965542669000 8.0 
41965609770095 41965609428000 8.0 
41965676457678 41965676096000 5.0 
41965742993261 41965742681000 8.0 
41965809625011 41965809334000 0.0 
41965876469720 41965876099000 0.0 
41965942958928 41965942674000 0.0 
41966009806053 41966009423000 0.0 
41966076822720 41966076159000 0.0 
41966143239970 41966142741000 0.0 
41966210931554 41966210625000 0.0 
41966276216762 41966275971000 0.0 
41966345100096 41966342721000 0.0 
41966409823595 41966409275000 0.0 
41966476495221 41966476193000 0.0 
41966543003720 41966542679000 0.0 
41966609661220 41966609358000 0.0 
41966676248596 41966675966000 0.0 
41966743122638 41966742693000 0.0 
41966809684596 41966809343000 0.0 
41966876842804 41966876182000 0.0 
41966942970929 41966942668000 0.0 
41967009763887 41967009406000 0.0 
41967077678054 41967077375000 0.0 
41967143338887 41967142885000 0.0 
41967210059553 41967209468000 0.0 
41967276496137 41967276104000 0.0 
41967342997720 41967342684000 0.0 
41967411377637 41967411141000 0.0 
41967476225221 41967475986000 0.0 
41967542948638 41967542633000 0.0 
41967638838054 41967610699000 0.0 
41967690595263 41967676012000 0.0 
41967745458513 41967742657000 0.0 
41967871554555 41967810506000 0.0 
41967897588013 41967876044000 0.0 
41967952145721 41967942663000 0.0 
41968016005971 41968009291000 0.0 
41968098271388 41968076052000 0.0 
41968144519888 41968143333000 0.0 
41968210424097 41968209301000 0.0 
41968291056930 41968276126000 0.0 
41968362559513 41968346534000 0.0 
41968420664638 41968409383000 0.0 
41968480492888 41968476006000 0.0 
41968553884888 41968542677000 0.0 
41968629882555 41968612652000 0.0 
41968710465055 41968676130000 0.0 
41968766105805 41968742623000 0.0 
41968840684513 41968809588000 0.0 
41968904048971 41968878086000 0.0 
41968982491888 41968942654000 0.0 
41969010125847 41969009311000 0.0 
41969084527346 41969076145000 0.0 
41969144735388 41969144082000 0.0 
41969250358638 41969212845000 0.0 
41969277201138 41969276018000 0.0 
41969342998555 41969342739000 0.0 
41969409691054 41969409409000 0.0 
41969476874263 41969476555000 0.0 
41969542891513 41969542625000 0.0 
41969610378138 41969609774000 0.0 
41969676355471 41969676043000 0.0 
41969745313681 41969742729000 0.0 
41969809617472 41969809305000 0.0 
41969876362972 41969876025000 0.0 
41969943029514 41969942704000 0.0 
41970010410931 41970009476000 0.0 
41970076614556 41970076195000 0.0 
41970143162139 41970142809000 0.0 
41970210410764 41970210135000 0.0 
41970276520638 41970276106000 0.0 
41970342993347 41970342698000 0.0 
41970409602638 41970409344000 0.0 
41970476401889 41970476151000 0.0 
41970544431805 41970543127000 0.0 
41970609595305 41970609301000 0.0 
41970677663805 41970677388000 0.0 
41970743861889 41970742717000 0.0 
41970809712847 41970809362000 0.0 
41970876393555 41970876053000 0.0 
41970943028889 41970942690000 0.0 
41971010061889 41971009507000 0.0 
41971076510181 41971076152000 0.0 
41971143007139 41971142672000 0.0 
41971210070014 41971209383000 0.0 
41971276591889 41971276183000 0.0 
41971343115889 41971342700000 0.0 
41971409598139 41971409305000 0.0 
41971476324389 41971476027000 0.0 
41971543032556 41971542622000 0.0 
41971609630514 41971609333000 0.0 
41971676374806 41971676066000 0.0 
41971745295639 41971744957000 0.0 
41971809774723 41971809332000 0.0 
41971876255764 41971876005000 0.0 
41971943372431 41971942868000 0.0 
41972009675931 41972009311000 0.0 
41972076716306 41972076195000 0.0 
41972164244014 41972142685000 0.0 
41972213305139 41972209390000 0.0 
41972277459306 41972276032000 0.0 
41972343031889 41972342649000 0.0 
41972411389515 41972411033000 0.0 
41972496459640 41972476066000 0.0 
41972543128681 41972542746000 0.0 
41972612656556 41972612349000 0.0 
41972676314765 41972676025000 0.0 
41972742956098 41972742658000 0.0 
41972810207765 41972809313000 0.0 
41972876758265 41972876485000 0.0 
41972942998056 41972942662000 0.0 
41973009794890 41973009432000 0.0 
41973076396806 41973076065000 0.0 
41973142876598 41973142637000 0.0 
41973211673098 41973209405000 0.0 
41973278809015 41973278455000 0.0 
41973342889181 41973342662000 0.0 
41973409659265 41973409334000 0.0 
41973493146765 41973476064000 0.0 
41973543063098 41973542713000 0.0 
41973609672098 41973609356000 0.0 
41973676351598 41973676043000 0.0 
41973743018765 41973742700000 0.0 
41973812164140 41973811816000 0.0 
41973876565473 41973876228000 0.0 
41973943016307 41973942700000 0.0 
41974009708682 41974009376000 0.0 
41974076308224 41974076010000 0.0 
41974177082391 41974145162000 0.0 
41974209628307 41974209326000 0.0 
41974276608599 41974276092000 0.0 
41974349908891 41974342664000 0.0 
41974409574891 41974409314000 0.0 
41974476228099 41974475999000 0.0 
41974543351808 41974542894000 0.0 
41974609588557 41974609321000 0.0 
41974676598724 41974676109000 0.0 
41974742876724 41974742663000 0.0 
41974809662349 41974809341000 0.0 
41974876323600 41974876009000 0.0 
41974942963516 41974942676000 0.0 
41975009639433 41975009327000 0.0 
41975076423766 41975076042000 0.0 
41975150870058 41975143274000 0.0 
41975209632433 41975209334000 0.0 
41975276524183 41975276189000 0.0 
41975342949058 41975342649000 0.0 
41975409793766 41975409427000 0.0 
41975476307933 41975476024000 0.0 
41975542944641 41975542660000 0.0 
41975609731016 41975609402000 0.0 
41975676617975 41975676195000 0.0 
41975743059850 41975742712000 0.0 
41975809850433 41975809375000 0.0 
41975877687308 41975877374000 0.0 
41975943091183 41975942809000 0.0 
41976009689058 41976009395000 0.0 
41976076376475 41976076107000 0.0 
41976152093641 41976142723000 0.0 
41976210247558 41976209386000 0.0 
41976276472308 41976276096000 0.0 
41976343070058 41976342731000 0.0 
41976411069642 41976410734000 0.0 
41976476387683 41976476084000 0.0 
41976543161308 41976542819000 0.0 
41976609743391 41976609402000 0.0 
41976676466600 41976676151000 0.0 
41976743265766 41976742750000 0.0 
41976809763225 41976809389000 0.0 
41976876464975 41976876086000 0.0 
41976943129642 41976942824000 0.0 
41977038377100 41977009399000 0.0 
41977076478517 41977076088000 0.0 
41977143029558 41977142669000 0.0 
41977209735892 41977209447000 0.0 
41977276293683 41977276032000 0.0 
41977342951017 41977342670000 0.0 
41977409577933 41977409321000 0.0 
41977487637683 41977476069000 0.0 
41977542938975 41977542737000 0.0 
41977609653975 41977609372000 0.0 
41977676850350 41977676148000 0.0 
41977743008600 41977742722000 0.0 
41977809913517 41977809436000 0.0 
41977876448101 41977876108000 0.0 
41977943830768 41977943457000 0.0 
41978009845101 41978009494000 0.0 
41978076536810 41978076130000 0.0 
41978143101393 41978142718000 0.0 
41978209609726 41978209333000 0.0 
41978276374893 41978276082000 0.0 
41978343104143 41978342750000 0.0 
41978409707726 41978409372000 0.0 
41978488372851 41978476385000 0.0 
41978543178226 41978542851000 0.0 
41978627219685 41978609460000 0.0 
41978749532601 41978676167000 0.0 
41978764926893 41978742885000 0.0 
41978813026060 41978809448000 0.0 
41978884722268 41978876091000 0.0 
41978948626893 41978942712000 0.0 
41979014020310 41979009561000 0.0 
41979078598060 41979076375000 0.0 
41979145571102 41979142691000 0.0 
41979209695185 41979209380000 0.0 
41979276518977 41979276227000 0.0 
41979343071185 41979342799000 0.0 
41979409797560 41979409433000 0.0 
41979476537477 41979476163000 0.0 
41979562610560 41979542985000 0.0 
41979628015144 41979609401000 0.0 
41979694879768 41979676168000 0.0 
41979761756436 41979748886000 0.0 
41979810626061 41979810144000 0.0 
41979876444477 41979876113000 0.0 
41979943026727 41979942734000 0.0 
41980009643727 41980009361000 0.0 
41980076371019 41980076124000 0.0 
41980142981519 41980142692000 0.0 
41980209567394 41980209359000 0.0 
41980277047394 41980276058000 0.0 
41980343483644 41980342702000 0.0 
41980409618769 41980409359000 0.0 
41980476295269 41980476052000 0.0 
41980544884602 41980543480000 0.0 
41980609748810 41980609460000 0.0 
41980676410769 41980676119000 0.0 
41980743266894 41980742754000 0.0 
41980809916894 41980809531000 0.0 
41980876487352 41980876138000 0.0 
41980943101311 41980942751000 0.0 
41981009956519 41981009436000 0.0 
41981077211019 41981076846000 0.0 
41981143182894 41981142696000 0.0 
41981209639852 41981209368000 0.0 
41981276346894 41981276065000 0.0 
41981343222978 41981342866000 0.0 
41981409764394 41981409465000 0.0 
41981476386894 41981476119000 0.0 
41981544899894 41981544011000 0.0 
41981609694769 41981609376000 0.0 
41981677299645 41981676066000 0.0 
41981742907770 41981742670000 0.0 
41981809828977 41981809437000 0.0 
41981876397269 41981876121000 0.0 
41981943041394 41981942747000 0.0 
41982009762602 41982009428000 0.0 
41982078849144 41982078543000 0.0 
41982143793352 41982142780000 0.0 
41982210227186 41982209540000 0.0 
41982276598519 41982276216000 0.0 
41982343094936 41982342733000 0.0 
41982410882561 41982410438000 0.0 
41982476698353 41982476212000 0.0 
41982542965352 41982542718000 0.0 
41982613509769 41982613117000 0.0 
41982676951019 41982676415000 0.0 
41982742974019 41982742724000 0.0 
41982809683727 41982809428000 0.0 
41982876402186 41982876158000 0.0 
41982943448436 41982942903000 0.0 
41983009612478 41983009401000 0.0 
41983077618144 41983076314000 0.0 
41983143578686 41983142867000 0.0 
41983209673145 41983209387000 0.0 
41983276363187 41983276086000 0.0 
41983343034187 41983342761000 0.0 
41983409887437 41983409484000 0.0 
41983476509895 41983476164000 0.0 
41983543079186 41983542771000 0.0 
41983609703103 41983609433000 0.0 
41983676704311 41983676325000 0.0 
41983743014811 41983742767000 0.0 
41983809676520 41983809434000 0.0 
41983876399853 41983876126000 0.0 
41983943541187 41983943261000 0.0 
41984009977437 41984009557000 0.0 
41984076547646 41984076182000 0.0 
41984148010812 41984142825000 0.0 
41984210087313 41984209814000 0.0 
41984276376271 41984276130000 0.0 
41984343032479 41984342772000 0.0 
41984409664604 41984409430000 0.0 
41984478156562 41984477462000 0.0 
41984543048562 41984542769000 0.0 
41984610233520 41984609594000 0.0 
41984679148104 41984678727000 0.0 
41984743100771 41984742731000 0.0 
41984810246063 41984809591000 0.0 
41984876550938 41984876215000 0.0 
41984943011729 41984942737000 0.0 
41985010149771 41985009578000 0.0 
41985076612687 41985076247000 0.0 
41985147419687 41985142758000 0.0 
41985210105896 41985209513000 0.0 
41985276757979 41985276267000 0.0 
41985343020729 41985342732000 0.0 
41985409898979 41985409525000 0.0 
41985476632604 41985476321000 0.0 
41985543000187 41985542734000 0.0 
41985609869479 41985609514000 0.0 
41985676848104 41985676294000 0.0 
41985745372688 41985742884000 0.0 
41985809756771 41985809497000 0.0 
41985877118605 41985876380000 0.0 
41985943400688 41985942891000 0.0 
41986009772271 41986009495000 0.0 
41986076385439 41986076137000 0.0 
41986143832938 41986142920000 0.0 
41986209907355 41986209544000 0.0 
41986276363397 41986276112000 0.0 
41986343055355 41986342777000 0.0 
41986410055688 41986409548000 0.0 
41986476533938 41986476228000 0.0 
41986542985438 41986542738000 0.0 
41986609850646 41986609536000 0.0 
41986682376563 41986676480000 0.0 
41986743101521 41986742835000 0.0 
41986809955188 41986809607000 0.0 
41986876855105 41986876246000 0.0 
41986942989063 41986942750000 0.0 
41987009803646 41987009515000 0.0 
41987076563188 41987076244000 0.0 
41987143159521 41987142868000 0.0 
41987209694980 41987209449000 0.0 
41987277515439 41987276735000 0.0 
41987343390813 41987342926000 0.0 
41987409901355 41987409580000 0.0 
41987476559314 41987476251000 0.0 
41987543186438 41987542860000 0.0 
41987609661563 41987609413000 0.0 
41987677517313 41987676781000 0.0 
41987746636022 41987742920000 0.0 
41987809644688 41987809425000 0.0 
41987876351147 41987876125000 0.0 
41987943146938 41987942861000 0.0 
41988009666980 41988009455000 0.0 
41988076751314 41988076277000 0.0 
41988146337314 41988142875000 0.0 
41988212604980 41988209471000 0.0 
41988276717605 41988276344000 0.0 
41988347151855 41988343258000 0.0 
41988411483397 41988409459000 0.0 
41988478741314 41988476224000 0.0 
41988544572356 41988542786000 0.0 
41988609722148 41988609474000 0.0 
41988678217855 41988676204000 0.0 
41988743450897 41988742850000 0.0 
41988811345439 41988810166000 0.0 
41988880719274 41988876324000 0.0 
41988943414897 41988942912000 0.0 
41989010560856 41989009580000 0.0 
41989077027856 41989076145000 0.0 
41989144131231 41989142871000 0.0 
41989210630398 41989209435000 0.0 
41989277078481 41989276088000 0.0 
41989343613565 41989342956000 0.0 
41989410405898 41989409640000 0.0 
41989476605440 41989476225000 0.0 
41989543307273 41989542895000 0.0 
41989610069440 41989609578000 0.0 
41989677116440 41989676327000 0.0 
41989743075690 41989742792000 0.0 
41989810278274 41989809531000 0.0 
41989876887982 41989876257000 0.0 
41989943168524 41989942859000 0.0 
41990009687482 41990009450000 0.0 
41990077716524 41990077106000 0.0 
41990143484899 41990142895000 0.0 
41990209823106 41990209460000 0.0 
41990276431023 41990276121000 0.0 
41990343362898 41990342905000 0.0 
41990409849231 41990409467000 0.0 
41990476418606 41990476114000 0.0 
41990543315314 41990542862000 0.0 
41990610259107 41990609607000 0.0 
41990676893774 41990676300000 0.0 
41990743062607 41990742764000 0.0 
41990809937440 41990809528000 0.0 
41990876760690 41990876279000 0.0 
41990943212190 41990942884000 0.0 
41991009924065 41991009558000 0.0 
41991076805107 41991076315000 0.0 
41991143267398 41991142890000 0.0 
41991209723523 41991209438000 0.0 
41991276391357 41991276126000 0.0 
41991343390898 41991342902000 0.0 
41991409722648 41991409465000 0.0 
41991477773857 41991477056000 0.0 
41991543472774 41991542953000 0.0 
41991609781148 41991609435000 0.0 
41991676496149 41991676137000 0.0 
41991743573232 41991742905000 0.0 
41991810140440 41991809576000 0.0 
41991876859857 41991876356000 0.0 
41991943367607 41991942936000 0.0 
41992010202191 41992009641000 0.0 
41992076658191 41992076246000 0.0 
41992143051899 41992142756000 0.0 
41992209992441 41992209575000 0.0 
41992276752108 41992276258000 0.0 
41992343085275 41992342774000 0.0 
41992409998483 41992409595000 0.0 
41992476798734 41992476278000 0.0 
41992554661566 41992542914000 0.0 
41992609638899 41992609407000 0.0 
41992676404983 41992676113000 0.0 
41992743293899 41992742876000 0.0 
41992809770733 41992809511000 0.0 
41992877798400 41992877567000 0.0 
41992943210316 41992942840000 0.0 
41993009852400 41993009503000 0.0 
41993076522442 41993076184000 0.0 
41993143331275 41993142910000 0.0 
41993209861650 41993209470000 0.0 
41993276467192 41993276149000 0.0 
41993343102525 41993342788000 0.0 
41993410173774 41993409586000 0.0 
41993476788900 41993476257000 0.0 
41993543057941 41993542775000 0.0 
41993609962774 41993609562000 0.0 
41993676930066 41993676325000 0.0 
41993743089650 41993742768000 0.0 
41993809761650 41993809498000 0.0 
41993876514983 41993876203000 0.0 
41993943557692 41993942939000 0.0 
41994009795192 41994009458000 0.0 
41994076410692 41994076145000 0.0 
41994143482484 41994142910000 0.0 
41994209632234 41994209426000 0.0 
41994277539942 41994276379000 0.0 
41994343145401 41994342831000 0.0 
41994410291609 41994409667000 0.0 
41994476867276 41994476373000 0.0 
41994543256109 41994542890000 0.0 
41994610063443 41994609577000 0.0 
41994676886693 41994676301000 0.0 
41994743109109 41994742784000 0.0 
41994810111943 41994809549000 0.0 
41994876845359 41994876308000 0.0 
41994943347317 41994942883000 0.0 
41995010233818 41995009722000 0.0 
41995076707026 41995076308000 0.0 
41995143623276 41995142968000 0.0 
41995209681192 41995209423000 0.0 
41995276348109 41995276107000 0.0 
41995343438109 41995342938000 0.0 
41995409685567 41995409444000 0.0 
41995476394859 41995476146000 0.0 
41995543380317 41995543012000 0.0 
41995609758609 41995609454000 0.0 
41995677882776 41995676547000 0.0 
41995743134151 41995742816000 0.0 
41995810329067 41995809743000 0.0 
41995876763401 41995876301000 0.0 
41995943011776 41995942752000 0.0 
41996009739317 41996009432000 0.0 
41996083395067 41996079776000 0.0 
41996143009234 41996142746000 0.0 
41996209929693 41996209529000 0.0 
41996276616485 41996276241000 0.0 
41996343212318 41996342826000 0.0 
41996409821651 41996409510000 0.0 
41996476552694 41996476237000 0.0 
41996543182818 41996542838000 0.0 
41996609714276 41996609455000 0.0 
41996681099694 41996676279000 0.0 
41996743249235 41996742893000 0.0 
41996809806318 41996809529000 0.0 
41996876430027 41996876178000 0.0 
41996943256985 41996942915000 0.0 
41997009686818 41997009460000 0.0 
41997087139777 41997076561000 0.0 
41997143078444 41997142789000 0.0 
41997209987860 41997209586000 0.0 
41997276356652 41997276127000 0.0 
41997343053694 41997342768000 0.0 
41997409837235 41997409536000 0.0 
41997476452069 41997476149000 0.0 
41997543177569 41997542833000 0.0 
41997645349402 41997609589000 0.0 
41997722558027 41997676346000 0.0 
41997761819944 41997742808000 0.0 
41997840367402 41997809562000 0.0 
41997899328944 41997876270000 0.0 
41997952891110 41997943084000 0.0 
41998011342152 41998009624000 0.0 
41998077541235 41998077161000 0.0 
41998146615111 41998146265000 0.0 
41998246599652 41998209533000 0.0 
41998299697777 41998276224000 0.0 
41998344984360 41998343283000 0.0 
41998424946527 41998409477000 0.0 
41998479403027 41998476414000 0.0 
41998561160277 41998542876000 0.0 
41998632231444 41998609450000 0.0 
41998695073736 41998676733000 0.0 
41998768997194 41998743603000 0.0 
41998829032611 41998810141000 0.0 
41998887240486 41998881618000 0.0 
41998943218027 41998942906000 0.0 
41999011045028 41999010684000 0.0 
41999077735153 41999077259000 0.0 
41999143056319 41999142764000 0.0 
41999209705611 41999209432000 0.0 
41999278106195 41999277790000 0.0 
41999344044361 41999342793000 0.0 
41999409829819 41999409510000 0.0 
41999476823945 41999476231000 0.0 
41999543728778 41999543273000 0.0 
41999615541028 41999609777000 0.0 
41999676415695 41999676147000 0.0 
41999743040986 41999742801000 0.0 
41999820492820 41999811022000 0.0 
41999877546195 41999877341000 0.0 
41999943048361 41999942767000 0.0 
42000016955820 42000009454000 0.0 
42000076671487 42000076139000 0.0 
42000143026570 42000142771000 0.0 
42000209848945 42000209459000 0.0 
42000276422237 42000276123000 0.0 
42000343158320 42000342801000 0.0 
42000417488820 42000413515000 0.0 
42000476399112 42000476132000 0.0 
42000543041279 42000542789000 0.0 
42000610062654 42000609442000 0.0 
42000676431904 42000676149000 0.0 
42000744047737 42000743401000 0.0 
42000809769945 42000809485000 0.0 
42000876455321 42000876152000 0.0 
42000944637029 42000942943000 0.0 
42001034815987 42001009449000 0.0 
42001076428446 42001076159000 0.0 
42001143044820 42001142784000 0.0 
42001212133279 42001209685000 0.0 
42001276422029 42001276137000 0.0 
42001343047987 42001342797000 0.0 
42001409742987 42001409450000 0.0 
42001476418071 42001476135000 0.0 
42001553326404 42001543781000 0.0 
42001616374446 42001609690000 0.0 
42001676415321 42001676139000 0.0 
42001745396279 42001745106000 0.0 
42001809928820 42001809624000 0.0 
42001876635862 42001876220000 0.0 
42001943132654 42001942860000 0.0 
42002009877279 42002009523000 0.0 
42002077206821 42002076246000 0.0 
42002143132029 42002142857000 0.0 
42002210286529 42002209672000 0.0 
42002278262320 42002276357000 0.0 
42002343113945 42002342819000 0.0 
42002409922820 42002409611000 0.0 
42002477069529 42002476423000 0.0 
42002543167820 42002542947000 0.0 
42002612298237 42002611482000 0.0 
42002676511612 42002676168000 0.0 
42002743573237 42002743253000 0.0 
42002809728529 42002809454000 0.0 
42002876440237 42002876168000 0.0 
42002943057779 42002942785000 0.0 
42003009811279 42003009468000 0.0 
42003079307530 42003076158000 0.0 
42003143110571 42003142813000 0.0 
42003209724988 42003209447000 0.0 
42003276429322 42003276146000 0.0 
42003343053905 42003342784000 0.0 
42003409854238 42003409572000 0.0 
42003476428238 42003476156000 0.0 
42003543024363 42003542781000 0.0 
42003609711946 42003609453000 0.0 
42003676558613 42003676229000 0.0 
42003743175697 42003742879000 0.0 
42003810729530 42003810441000 0.0 
42003876931447 42003876351000 0.0 
42003943000905 42003942794000 0.0 
42004009825696 42004009502000 0.0 
42004078363988 42004078077000 0.0 
42004143059488 42004142783000 0.0 
42004209709905 42004209455000 0.0 
42004281027155 42004276180000 0.0 
42004343234905 42004342862000 0.0 
42004409829197 42004409502000 0.0 
42004476436114 42004476161000 0.0 
42004543315155 42004542932000 0.0 
42004609883197 42004609574000 0.0 
42004676539948 42004676256000 0.0 
42004743235031 42004742893000 0.0 
42004809897155 42004809541000 0.0 
42004877007072 42004876223000 0.0 
42004943213197 42004942891000 0.0 
42005010265656 42005009636000 0.0 
42005076664697 42005076300000 0.0 
42005143073489 42005142828000 0.0 
42005210902864 42005210346000 0.0 
42005276743573 42005276397000 0.0 
42005346026656 42005345437000 0.0 
42005410064448 42005409637000 0.0 
42005476978656 42005476432000 0.0 
42005543132531 42005542867000 0.0 
42005610297073 42005609944000 0.0 
42005676438198 42005676235000 0.0 
42005743717739 42005742820000 0.0 
42005809739739 42005809474000 0.0 
42005881382781 42005878468000 0.0 
42005943035031 42005942795000 0.0 
42006009867197 42006009463000 0.0 
42006077221198 42006076321000 0.0 
42006143883989 42006142896000 0.0 
42006209762947 42006209506000 0.0 
42006276572740 42006276266000 0.0 
42006343142739 42006342900000 0.0 
42006410293031 42006409990000 0.0 
42006480517073 42006480237000 0.0 
42006543350531 42006543016000 0.0 
42006610484281 42006610165000 0.0 
42006678713281 42006676184000 0.0 
42006743265864 42006742964000 0.0 
42006809701698 42006809481000 0.0 
42006877653490 42006876351000 0.0 
42006943102531 42006942818000 0.0 
42007009767406 42007009495000 0.0 
42007077064531 42007076742000 0.0 
42007143040615 42007142801000 0.0 
42007209960989 42007209605000 0.0 
42007276558115 42007276304000 0.0 
42007343208532 42007342893000 0.0 
42007424044698 42007410345000 0.0 
42007476624782 42007476276000 0.0 
42007543220490 42007542892000 0.0 
42007609766157 42007609531000 0.0 
42007676548990 42007676262000 0.0 
42007743152490 42007742894000 0.0 
42007809902990 42007809572000 0.0 
42007876523074 42007876254000 0.0 
42007944935532 42007943310000 0.0 
42008009859407 42008009596000 0.0 
42008076473449 42008076246000 0.0 
42008145393449 42008143001000 0.0 
42008209682615 42008209459000 0.0 
42008293151407 42008276920000 0.0 
42008343059324 42008342807000 0.0 
42008410267782 42008409495000 0.0 
42008478570740 42008478294000 0.0 
42008543236157 42008542884000 0.0 
42008609821490 42008609535000 0.0 
42008676839491 42008676511000 0.0 
42008743129865 42008742877000 0.0 
42008809893199 42008809582000 0.0 
42008876527991 42008876273000 0.0 
42008943127699 42008942870000 0.0 
42009012242991 42009011985000 0.0 
42009076512574 42009076256000 0.0 
42009143096699 42009142891000 0.0 
42009209787490 42009209509000 0.0 
42009281572991 42009276198000 0.0 
42009346699532 42009342866000 0.0 
42009409788115 42009409568000 0.0 
42009476692616 42009476421000 0.0 
42009543144324 42009542904000 0.0 
42009609977907 42009609600000 0.0 
42009676763450 42009676374000 0.0 
42009743233908 42009742899000 0.0 
42009810141283 42009809686000 0.0 
42009876795700 42009876332000 0.0 
42009943217533 42009942898000 0.0 
42010011143116 42010010734000 0.0 
42010076912866 42010076388000 0.0 
42010143159033 42010142876000 0.0 
42010210113283 42010209624000 0.0 
42010276484491 42010276195000 0.0 
42010343199366 42010342838000 0.0 
42010410677533 42010409649000 0.0 
42010476445867 42010476187000 0.0 
42010545103241 42010544759000 0.0 
42010609871491 42010609556000 0.0 
42010676529699 42010676256000 0.0 
42010743178199 42010742915000 0.0 
42010809835658 42010809572000 0.0 
42010876601075 42010876317000 0.0 
42010943167158 42010942918000 0.0 
42011012703617 42011009987000 0.0 
42011076868451 42011076366000 0.0 
42011143196367 42011142870000 0.0 
42011210142992 42011209647000 0.0 
42011276819367 42011276343000 0.0 
42011343367950 42011342945000 0.0 
42011409904158 42011409583000 0.0 
42011476676824 42011476288000 0.0 
42011544222658 42011543882000 0.0 
42011611063908 42011609674000 0.0 
42011676794618 42011676412000 0.0 
42011743114700 42011742820000 0.0 
42011826631201 42011809506000 0.0 
42011876472242 42011876201000 0.0 
42011943081992 42011942835000 0.0 
42012009935617 42012009624000 0.0 
42012076531034 42012076300000 0.0 
42012143261867 42012143021000 0.0 
42012210148826 42012209754000 0.0 
42012277150492 42012276411000 0.0 
42012344116951 42012343003000 0.0 
42012483987617 42012409609000 0.0 
42012512990826 42012477906000 0.0 
42012544607617 42012542852000 0.0 
42012625956451 42012611893000 0.0 
42012687188409 42012676306000 0.0 
42012751003701 42012742837000 0.0 
42012817486785 42012809503000 0.0 
42012876613451 42012876306000 0.0 
42012943538993 42012942836000 0.0 
42013009757284 42013009497000 0.0 
42013077507535 42013077214000 0.0 
42013143093367 42013142839000 0.0 
42013209829159 42013209572000 0.0 
42013276515617 42013276264000 0.0 
42013355565242 42013342944000 0.0 
42013433939825 42013409560000 0.0 
42013500931325 42013476202000 0.0 
42013568489535 42013542863000 0.0 
42013609721285 42013609507000 0.0 
42013677607702 42013676432000 0.0 
42013743244326 42013742934000 0.0 
42013809913618 42013809571000 0.0 
42013876451327 42013876192000 0.0 
42013943107535 42013942834000 0.0 
42014009987201 42014009618000 0.0 
42014076643660 42014076315000 0.0 
42014145572952 42014145273000 0.0 
42014209896410 42014209588000 0.0 
42014276629785 42014276292000 0.0 
42014343257368 42014342919000 0.0 
42014409757243 42014409500000 0.0 
42014476521035 42014476223000 0.0 
42014543070909 42014542833000 0.0 
42014609860034 42014609572000 0.0 
42014677370868 42014677013000 0.0 
42014743240368 42014742966000 0.0 
42014809988243 42014809689000 0.0 
42014876680285 42014876328000 0.0 
42014952727243 42014943067000 0.0 
42015009749035 42015009516000 0.0 
42015080408035 42015077965000 0.0 
42015143130410 42015142839000 0.0 
42015210333326 42015210046000 0.0 
42015276477826 42015276202000 0.0 
42015343352535 42015342943000 0.0 
42015409991452 42015409617000 0.0 
42015476655994 42015476326000 0.0 
42015543256286 42015542937000 0.0 
42015610097619 42015609632000 0.0 
42015677409827 42015677038000 0.0 
42015744245785 42015743027000 0.0 
42015810248327 42015809740000 0.0 
42015883847660 42015876485000 0.0 
42015943172952 42015942889000 0.0 
42016010113410 42016009713000 0.0 
42016076694994 42016076347000 0.0 
42016143273243 42016142951000 0.0 
42016212022244 42016211756000 0.0 
42016276573660 42016276349000 0.0 
42016345703535 42016343007000 0.0 
42016409883535 42016409648000 0.0 
42016477775744 42016476554000 0.0 
42016543238161 42016542923000 0.0 
42016610107286 42016609654000 0.0 
42016676581577 42016676292000 0.0 
42016743247577 42016742936000 0.0 
42016810172120 42016809737000 0.0 
42016877107203 42016876428000 0.0 
42016943222536 42016942891000 0.0 
42017010237286 42017009686000 0.0 
42017076940662 42017076428000 0.0 
42017143517828 42017143082000 0.0 
42017209810578 42017209539000 0.0 
42017278660078 42017276208000 0.0 
42017351107037 42017343548000 0.0 
42017409926828 42017409606000 0.0 
42017476549662 42017476266000 0.0 
42017543392870 42017543023000 0.0 
42017610002661 42017609635000 0.0 
42017676529245 42017676247000 0.0 
42017743336078 42017743024000 0.0 
42017809968078 42017809684000 0.0 
42017878576620 42017876799000 0.0 
42017943204870 42017942894000 0.0 
42018010121704 42018009681000 0.0 
42018077020495 42018076524000 0.0 
42018143222703 42018142925000 0.0 
42018210117495 42018209670000 0.0 
42018278534537 42018278030000 0.0 
42018349851662 42018343110000 0.0 
42018410123579 42018409711000 0.0 
42018476604745 42018476319000 0.0 
42018543851787 42018543160000 0.0 
42018610046746 42018609674000 0.0 
42018676715870 42018676386000 0.0 
42018743413245 42018743003000 0.0 
42018811443579 42018810833000 0.0 
42018876790121 42018876381000 0.0 
42018943273537 42018942993000 0.0 
42019010183787 42019009682000 0.0 
42019076713829 42019076367000 0.0 
42019143150245 42019142915000 0.0 
42019209856995 42019209615000 0.0 
42019277355496 42019276349000 0.0 
42019354853245 42019349503000 0.0 
42019410223829 42019409673000 0.0 
42019495091079 42019476480000 0.0 
42019543151287 42019542871000 0.0 
42019609873829 42019609613000 0.0 
42019676593579 42019676298000 0.0 
42019743352871 42019742985000 0.0 
42019810999830 42019809717000 0.0 
42019878382454 42019876304000 0.0 
42019943281788 42019942933000 0.0 
42020009897579 42020009601000 0.0 
42020076588580 42020076300000 0.0 
42020143824788 42020143283000 0.0 
42020209883038 42020209619000 0.0 
42020276561788 42020276277000 0.0 
42020343877371 42020343236000 0.0 
42020409737246 42020409535000 0.0 
42020476435913 42020476228000 0.0 
42020543575746 42020543062000 0.0 
42020609788496 42020609568000 0.0 
42020676905329 42020676288000 0.0 
42020743695372 42020743105000 0.0 
42020809961496 42020809619000 0.0 
42020877288746 42020876936000 0.0 
42020943224746 42020942951000 0.0 
42021010337914 42021009763000 0.0 
42021076836789 42021076430000 0.0 
42021143158122 42021142905000 0.0 
42021210186413 42021209730000 0.0 
42021276814913 42021276414000 0.0 
42021343213579 42021342914000 0.0 
42021410000663 42021409719000 0.0 
42021476989621 42021476422000 0.0 
42021543294621 42021542992000 0.0 
42021610130704 42021609684000 0.0 
42021677123830 42021676623000 0.0 
42021743386330 42021743072000 0.0 
42021809957705 42021809669000 0.0 
42021876847831 42021876413000 0.0 
42021943509580 42021943033000 0.0 
42022009825705 42022009609000 0.0 
42022077781705 42022076569000 0.0 
42022143592455 42022143074000 0.0 
42022209951789 42022209661000 0.0 
42022276571456 42022276288000 0.0 
42022343463164 42022343039000 0.0 
42022409949164 42022409595000 0.0 
42022476780622 42022476399000 0.0 
42022543338289 42022543013000 0.0 
42022610487789 42022609801000 0.0 
42022676867289 42022676454000 0.0 
42022743341581 42022743025000 0.0 
42022810164623 42022809691000 0.0 
42022877009122 42022876470000 0.0 
42022943479080 42022943094000 0.0 
42023010051455 42023009723000 0.0 
42023076588914 42023076338000 0.0 
42023143687664 42023143086000 0.0 
42023209848539 42023209580000 0.0 
42023276545664 42023276283000 0.0 
42023343364956 42023343036000 0.0 
42023409899956 42023409613000 0.0 
42023476685956 42023476408000 0.0 
42023543270331 42023543005000 0.0 
42023610568039 42023609929000 0.0 
42023676768081 42023676410000 0.0 
42023743268789 42023742979000 0.0 
42023810153873 42023809728000 0.0 
42023877285789 42023876550000 0.0 
42023943236747 42023942928000 0.0 
42024011267873 42024010552000 0.0 
42024076700747 42024076375000 0.0 
42024143142289 42024142892000 0.0 
42024209943914 42024209618000 0.0 
42024276587289 42024276336000 0.0 
42024343297998 42024342962000 0.0 
42024409924540 42024409633000 0.0 
42024476632290 42024476320000 0.0 
42024543294498 42024542975000 0.0 
42024610065540 42024609740000 0.0 
42024676512290 42024676302000 0.0 
42024743313789 42024743032000 0.0 
42024809843414 42024809602000 0.0 
42024876610831 42024876296000 0.0 
42024943404623 42024943025000 0.0 
42025010183956 42025009744000 0.0 
42025076629040 42025076379000 0.0 
42025143360165 42025143030000 0.0 
42025210114456 42025209703000 0.0 
42025276757873 42025276411000 0.0 
42025343509373 42025343089000 0.0 
42025411695956 42025411424000 0.0 
42025476508790 42025476274000 0.0 
42025543106540 42025542882000 0.0 
42025610114040 42025609696000 0.0 
42025676496831 42025676250000 0.0 
42025743232373 42025742970000 0.0 
42025809922623 42025809649000 0.0 
42025876698833 42025876403000 0.0 
42025943240916 42025942957000 0.0 
42026010545291 42026009653000 0.0 
42026076671332 42026076353000 0.0 
42026143191082 42026142961000 0.0 
42026209975915 42026209705000 0.0 
42026278479750 42026276736000 0.0 
42026343318957 42026343000000 0.0 
42026409923624 42026409645000 0.0 
42026476591833 42026476330000 0.0 
42026543440290 42026543065000 0.0 
42026609872707 42026609614000 0.0 
42026676570374 42026676323000 0.0 
42026743486874 42026743046000 0.0 
42026809883665 42026809614000 0.0 
42026877190707 42026876899000 0.0 
42026943654207 42026943077000 0.0 
42027009881166 42027009605000 0.0 
42027076861374 42027076579000 0.0 
42027143535208 42027143171000 0.0 
42027210172332 42027209717000 0.0 
42027276475207 42027276253000 0.0 
42027347647957 42027342907000 0.0 
42027412200999 42027409632000 0.0 
42027476931207 42027476659000 0.0 
42027556692207 42027542928000 0.0 
42027625628749 42027609726000 0.0 
42027690722541 42027676849000 0.0 
42027762811957 42027742932000 0.0 
42027814625874 42027809588000 0.0 
42027882480541 42027876400000 0.0 
42027959753166 42027942961000 0.0 
42028040108124 42028009573000 0.0 
42028079119749 42028076307000 0.0 
42028154882374 42028142916000 0.0 
42028223560333 42028209597000 0.0 
42028277929583 42028276255000 0.0 
42028367144749 42028343158000 0.0 
42028420578708 42028409671000 0.0 
42028497243374 42028476272000 0.0 
42028573464916 42028543692000 0.0 
42028621380708 42028609578000 0.0 
42028683661499 42028676662000 0.0 
42028743174458 42028742911000 0.0 
42028829458749 42028810118000 0.0 
42028876718208 42028876448000 0.0 
42028944018417 42028943430000 0.0 
42029013898958 42029009861000 0.0 
42029076554417 42029076277000 0.0 
42029143333958 42029143038000 0.0 
42029210143584 42029209750000 0.0 
42029276640625 42029276352000 0.0 
42029343180667 42029342914000 0.0 
42029409868125 42029409579000 0.0 
42029476556167 42029476292000 0.0 
42029543298375 42029542992000 0.0 
42029610056626 42029609669000 0.0 
42029676634084 42029676349000 0.0 
42029743411751 42029743094000 0.0 
42029810415792 42029809757000 0.0 
42029876894126 42029876444000 0.0 
42029943231625 42029942955000 0.0 
42030010150084 42030009725000 0.0 
42030076882710 42030076438000 0.0 
42030143274084 42030142973000 0.0 
42030210279793 42030209728000 0.0 
42030277511543 42030276587000 0.0 
42030343237251 42030342959000 0.0 
42030410116793 42030409744000 0.0 
42030478258501 42030476744000 0.0 
42030543656585 42030543084000 0.0 
42030609956668 42030609621000 0.0 
42030676723835 42030676388000 0.0 
42030743496834 42030743060000 0.0 
42030810042918 42030809649000 0.0 
42030876624334 42030876324000 0.0 
42030945828293 42030943300000 0.0 
42031010429168 42031009817000 0.0 
42031076743335 42031076447000 0.0 
42031143180293 42031142919000 0.0 
42031210117085 42031209679000 0.0 
42031278071210 42031277287000 0.0 
42031343280293 42031342994000 0.0 
42031410568043 42031409974000 0.0 
42031476664043 42031476397000 0.0 
42031545359126 42031544918000 0.0 
42031610126834 42031609659000 0.0 
42031678536876 42031676391000 0.0 
42031751238377 42031749858000 0.0 
42031817595710 42031810164000 0.0 
42031876614585 42031876316000 0.0 
42031944894335 42031942973000 0.0 
42032010208960 42032009889000 0.0 
42032078167501 42032077887000 0.0 
42032143262002 42032142964000 0.0 
42032210433210 42032209616000 0.0 
42032276961960 42032276345000 0.0 
42032343234293 42032342931000 0.0 
42032409938293 42032409631000 0.0 
42032476630668 42032476296000 0.0 
42032544248752 42032543909000 0.0 
42032609886043 42032609598000 0.0 
42032676692627 42032676403000 0.0 
42032743888418 42032743555000 0.0 
42032810350460 42032809674000 0.0 
42032878878085 42032878463000 0.0 
42032944825793 42032942979000 0.0 
42033026564627 42033009659000 0.0 
42033087512586 42033076334000 0.0 
42033175077544 42033142951000 0.0 
42033209935960 42033209625000 0.0 
42033283044336 42033278436000 0.0 
42033343553877 42033343076000 0.0 
42033409947669 42033409638000 0.0 
42033476558002 42033476289000 0.0 
42033543295960 42033542988000 0.0 
42033610497585 42033610203000 0.0 
42033677042210 42033676432000 0.0 
42033743214835 42033742940000 0.0 
42033809997544 42033809703000 0.0 
42033889287294 42033876501000 0.0 
42033943237586 42033942946000 0.0 
42034009941878 42034009620000 0.0 
42034076573044 42034076288000 0.0 
42034143522961 42034143002000 0.0 
42034209950836 42034209676000 0.0 
42034276739544 42034276403000 0.0 
42034343336753 42034343013000 0.0 
42034410202794 42034409717000 0.0 
42034477624669 42034477095000 0.0 
42034545162294 42034543338000 0.0 
42034609950877 42034609664000 0.0 
42034676722711 42034676418000 0.0 
42034743302461 42034743022000 0.0 
42034810243128 42034809667000 0.0 
42034891481419 42034881559000 0.0 
42034943835794 42034943326000 0.0 
42035010101545 42035009674000 0.0 
42035076691919 42035076379000 0.0 
42035143316086 42035143051000 0.0 
42035209916169 42035209630000 0.0 
42035276649420 42035276361000 0.0 
42035343436712 42035343100000 0.0 
42035410338420 42035409858000 0.0 
42035476953378 42035476488000 0.0 
42035543262128 42035542980000 0.0 
42035609940211 42035609632000 0.0 
42035676564629 42035676319000 0.0 
42035743178795 42035742940000 0.0 
42035809910337 42035809621000 0.0 
42035877647045 42035877276000 0.0 
42035943241462 42035943050000 0.0 
42036009867045 42036009612000 0.0 
42036076567587 42036076307000 0.0 
42036143365670 42036143031000 0.0 
42036212097420 42036211488000 0.0 
42036276768504 42036276407000 0.0 
42036343373296 42036343033000 0.0 
42036410137254 42036409774000 0.0 
42036476763546 42036476385000 0.0 
42036543904587 42036543190000 0.0 
42036610103588 42036609698000 0.0 
42036676887254 42036676544000 0.0 
42036743475337 42036743089000 0.0 
42036810060755 42036809684000 0.0 
42036876680670 42036876386000 0.0 
42036943464628 42036943087000 0.0 
42037010209087 42037009774000 0.0 
42037076981421 42037076477000 0.0 
42037143232921 42037142983000 0.0 
42037214046337 42037213523000 0.0 
42037288085004 42037280834000 0.0 
42037343210046 42037342952000 0.0 
42037419416004 42037409634000 0.0 
42037476687504 42037476421000 0.0 
42037543206296 42037542955000 0.0 
42037610072339 42037609702000 0.0 
42037676676213 42037676384000 0.0 
42037743415463 42037743044000 0.0 
42037810266004 42037809748000 0.0 
42037904324212 42037877734000 0.0 
42037946506129 42037943081000 0.0 
42038009948712 42038009690000 0.0 
42038076714088 42038076415000 0.0 
42038143413587 42038143080000 0.0 
42038210001212 42038209709000 0.0 
42038276700796 42038276404000 0.0 
42038372002630 42038343639000 0.0 
42038409862880 42038409626000 0.0 
42038477300880 42038476986000 0.0 
42038543387547 42038543079000 0.0 
42038609998421 42038609744000 0.0 
42038676617255 42038676396000 0.0 
42038743868088 42038743268000 0.0 
42038810075838 42038809703000 0.0 
42038876737255 42038876410000 0.0 
42038943729338 42038943130000 0.0 
42039010458214 42039009857000 0.0 
42039076962797 42039076537000 0.0 
42039143662630 42039143228000 0.0 
42039210208881 42039209784000 0.0 
42039295262839 42039276497000 0.0 
42039343237297 42039342971000 0.0 
42039409886422 42039409632000 0.0 
42039476617505 42039476324000 0.0 
42039543325672 42039543044000 0.0 
42039609969880 42039609706000 0.0 
42039676654255 42039676388000 0.0 
42039743402755 42039743050000 0.0 
42039810505797 42039810181000 0.0 
42039876716338 42039876420000 0.0 
42039943288921 42039942988000 0.0 
42040009944255 42040009638000 0.0 
42040076633130 42040076406000 0.0 
42040143264046 42040143005000 0.0 
42040210057630 42040209706000 0.0 
42040276770214 42040276418000 0.0 
42040343345048 42040343049000 0.0 
42040409928297 42040409646000 0.0 
42040491055298 42040476449000 0.0 
42040546197006 42040545924000 0.0 
42040609962964 42040609635000 0.0 
42040676657423 42040676382000 0.0 
42040743339506 42040743051000 0.0 
42040810147048 42040809763000 0.0 
42040876706090 42040876408000 0.0 
42040943325673 42040943064000 0.0 
42041010202548 42041009718000 0.0 
42041076665922 42041076404000 0.0 
42041143287464 42041143040000 0.0 
42041210160006 42041209771000 0.0 
42041277005173 42041276506000 0.0 
42041343325090 42041343054000 0.0 
42041421866048 42041409672000 0.0 
42041476555798 42041476332000 0.0 
42041543648215 42041542989000 0.0 
42041610054173 42041609713000 0.0 
42041676680756 42041676418000 0.0 
42041743489048 42041743090000 0.0 
42041810037882 42041809718000 0.0 
42041876676715 42041876401000 0.0 
42041974615506 42041943176000 0.0 
42042093453965 42042010239000 0.0 
42042110503757 42042076557000 0.0 
42042150431632 42042143011000 0.0 
42042217907465 42042209662000 0.0 
42042290507965 42042276369000 0.0 
42042364693006 42042343007000 0.0 
42042432203965 42042410213000 0.0 
42042477032340 42042476362000 0.0 
42042543240840 42042542993000 0.0 
42042612785757 42042612488000 0.0 
42042677055507 42042676679000 0.0 
42042743333424 42042743116000 0.0 
42042809950923 42042809729000 0.0 
42042906265840 42042876527000 0.0 
42042975258549 42042943004000 0.0 
42043039426007 42043009676000 0.0 
42043106446716 42043076372000 0.0 
42043143303881 42043143005000 0.0 
42043210075715 42043209772000 0.0 
42043276663132 42043276424000 0.0 
42043343352881 42043343061000 0.0 
42043410198883 42043409792000 0.0 
42043477076716 42043476606000 0.0 
42043543479424 42043543129000 0.0 
42043609883174 42043609653000 0.0 
42043676582591 42043676349000 0.0 
42043743210257 42043742976000 0.0 
42043811919716 42043809758000 0.0 
42043876727382 42043876455000 0.0 
42043943336007 42043943057000 0.0 
42044010056049 42044009732000 0.0 
42044076759591 42044076444000 0.0 
42044143327799 42044143060000 0.0 
42044210290924 42044209918000 0.0 
42044277264007 42044276586000 0.0 
42044343465424 42044343105000 0.0 
42044410203966 42044409809000 0.0 
42044477088466 42044476573000 0.0 
42044543600300 42044543167000 0.0 
42044610055133 42044609739000 0.0 
42044676791383 42044676528000 0.0 
42044743934591 42044743392000 0.0 
42044809965841 42044809696000 5.0 
42044876642091 42044876380000 5.0 
42044943515091 42044943164000 8.0 
42045010721717 42045009735000 0.0 
42045076673383 42045076398000 4.0 
42045143680966 42045143314000 8.0 
42045212186633 42045209834000 5.0 
42045276884383 42045276551000 0.0 
42045343564883 42045343142000 0.0 
42045410597592 42045409889000 10.0 
42045476975133 42045476636000 0.0 
42045543318799 42045543056000 5.0 
42045610206091 42045609816000 10.0 
42045677034300 42045676544000 5.0 
42045743255217 42045743034000 10.0 
42045810182717 42045809806000 8.0 
42045877091842 42045876588000 5.0 
42045943290342 42045943027000 4.0 
42046010345175 42046009958000 8.0 
42046076990383 42046076572000 4.0 
42046143326924 42046143045000 10.0 
42046212716424 42046212332000 5.0 
42046277357633 42046276784000 10.0 
42046343313967 42046343044000 10.0 
42046410242675 42046409807000 10.0 
42046477065425 42046476568000 10.0 
42046543318717 42046543048000 13.0 
42046610190343 42046609801000 5.0 
42046677239926 42046676874000 13.0 
42046745555676 42046744982000 13.0 
42046810375134 42046809921000 5.0 
42046876873051 42046876526000 13.0 
42046962397592 42046943210000 10.0 
42047009991925 42047009675000 7.0 
42047076741884 42047076393000 11.0 
42047143192884 42047143000000 10.0 
42047209995717 42047209746000 15.0 
42047276785134 42047276455000 15.0 
42047343502842 42047343129000 16.0 
42047409981092 42047409745000 8.0 
42047476702343 42047476441000 16.0 
42047543434842 42047543091000 16.0 
42047609982176 42047609740000 13.0 
42047676682593 42047676425000 13.0 
42047745922217 42047745249000 13.0 
42047809939384 42047809701000 15.0 
42047876634467 42047876407000 16.0 
42047943472259 42047943170000 18.0 
42048010040759 42048009713000 16.0 
42048076604092 42048076392000 16.0 
42048143520550 42048143215000 16.0 
