#SysTm EventTmStmp Ori:x Ori:y Ori:z
312936761433299 1379577444407343319 2.7763517 -0.10076894 0.09101449 
312936777212331 1379577444597956112 2.7621741 -0.082414605 0.09743322 
312936835292600 1379577444661524227 2.750852 -0.07147834 0.09844732 
312936895997620 1379577444723505428 2.7483442 -0.046904214 0.1011977 
312936960761851 1379577444788660457 2.7419107 -0.045057487 0.11289877 
312937025465039 1379577444852228572 2.7294059 -0.068023294 0.10397014 
312937090992279 1379577444915766170 2.7307906 -0.076275066 0.07969752 
312937149682955 1379577444979364803 2.7556798 -0.07201531 0.082174994 
312937214141982 1379577445042963436 2.7772937 -0.07243973 0.08669146 
312937279364018 1379577445106165340 2.7770941 -0.072116494 0.069960624 
312937341564536 1379577445170038631 2.7735286 -0.06291347 0.051717155 
312937468040960 1379577445303840390 2.7689984 -0.047178395 0.039251145 
312937532408424 1379577445367011777 2.7677767 -0.0565819 0.039735723 
312937596196003 1379577445430976621 2.7739618 -0.058890127 0.027235052 
312937657908195 1379577445494148007 2.791574 -0.042668357 0.02168303 
312937723282833 1379577445558143369 2.8090332 -0.037539028 0.01657779 
312937790122449 1379577445621284238 2.8275506 -0.05991432 0.004451991 
312937851804121 1379577445685371152 2.8418794 -0.06659536 0.0023713096 
312937913821518 1379577445748420468 2.839338 -0.06021371 0.0028621617 
312937977609095 1379577445812415830 2.836939 -0.07348026 0.0034061375 
312938041213551 1379577445875648251 2.8381913 -0.08753126 0.0124977715 
312938103566673 1379577445939552060 2.8379245 -0.09671951 0.026096689 
312938166224997 1379577446002784482 2.8339686 -0.10927047 0.0407352 
312938232026920 1379577446066657773 2.8274636 -0.121489584 0.059857197 
312938294929407 1379577446129859677 2.826957 -0.104038246 0.071065634 
312938357557210 1379577446193946591 2.824488 -0.08181403 0.085280634 
312938420429179 1379577446256995908 2.815615 -0.08349726 0.0893346 
312938486627865 1379577446320930234 2.80027 -0.096211195 0.0744451 
312938550568046 1379577446384193173 2.7839813 -0.10220209 0.07039997 
312938612097117 1379577446448096982 2.7709656 -0.11044311 0.062079363 
312938674969083 1379577446511329404 2.7565963 -0.120722204 0.047742374 
312938740282681 1379577446575233212 2.7464323 -0.12619525 0.041077405 
312938802941004 1379577446638404599 2.7482824 -0.13131917 0.036830403 
312938866118175 1379577446702522031 2.7580616 -0.13158254 0.030274337 
312938929264826 1379577446765540830 2.7671406 -0.124664865 0.039413832 
312938994700503 1379577446829836927 2.7753546 -0.124517195 0.065972924 
312939058030277 1379577446892977796 2.7934477 -0.14495397 0.05817866 
312939120383397 1379577446956881605 2.814102 -0.16377242 0.0357941 
312939185452831 1379577447020114027 2.821083 -0.16551404 0.03205319 
312939249423532 1379577447084017835 2.828379 -0.1847575 0.0221794 
312939312387060 1379577447147250257 2.8437808 -0.20390818 0.020744361 
312939375747353 1379577447211154066 2.8576488 -0.20182139 0.036067963 
312939437825790 1379577447274325452 2.8699389 -0.19480868 0.05092553 
312939503017305 1379577447338381849 2.8792973 -0.16638972 0.055787623 
312939566835405 1379577447401461683 2.8797224 -0.13820846 0.06956914 
312939630745064 1379577447465396009 2.872536 -0.13133325 0.07461339 
312939692274135 1379577447528658949 2.8629684 -0.13843946 0.05497682 
312939757465649 1379577447592562757 2.85578 -0.14357184 0.045556717 
312939822382481 1379577447655779247 2.8501987 -0.13457797 0.04485398 
312939883911553 1379577447719774608 2.84559 -0.12475871 0.043601174 
312939946569877 1379577447782823925 2.8449168 -0.122080564 0.044507537 
312940012280239 1379577447846941356 2.8473299 -0.12095624 0.04318196 
312940075945735 1379577447909990673 2.8491595 -0.10454687 0.045329366 
312940144067206 1379577447974047069 2.8539774 -0.098004654 0.058008663 
312940202666322 1379577448037126903 2.8667507 -0.10666832 0.058133446 
312940266270777 1379577448101091747 2.8776863 -0.1039118 0.051636927 
312940330210957 1379577448164324169 2.883986 -0.10215929 0.046838347 
312940393632290 1379577448228197460 2.8895812 -0.1027398 0.031177144 
312940459403695 1379577448291460399 2.8906608 -0.09263076 0.019364662 
312940519559348 1379577448355333690 2.886953 -0.08460915 0.017843982 
312940585208668 1379577448418535595 2.8847082 -0.0850737 0.019224996 
312940646920861 1379577448482591991 2.884649 -0.07347142 0.016706642 
312940710861042 1379577448545671825 2.8816056 -0.063009515 0.010512059 
312940773733008 1379577448609728222 2.8713875 -0.07237957 0.006339681 
312940847042942 1379577448672960644 2.8564804 -0.084018774 0.007954507 
312940945684785 1379577448737017040 2.8406265 -0.08731516 0.02291382 
312940971840747 1379577448800188427 2.8235579 -0.09045719 0.035102762 
312941029280087 1379577448863878612 2.808014 -0.09349372 0.024404867 
312941095539814 1379577448927049999 2.7972171 -0.102373675 0.010195022 
312941155603906 1379577448991991405 2.7915046 -0.10905971 0.0021107518 
312941223542256 1379577449054338817 2.7914917 -0.10527333 -0.011327205 
312941292274134 1379577449118730907 2.7900996 -0.08815935 -0.019404938 
312941365034703 1379577449181597118 2.7865355 -0.07798393 -0.0075324764 
312941431202869 1379577449245592479 2.793171 -0.088524766 -0.0025343024 
312941493891714 1379577449308940994 2.8129065 -0.094861455 -0.0035745916 
312941558320219 1379577449372936355 2.8362882 -0.092845514 0.020536277 
312941611334108 1379577449436077224 2.8539991 -0.09209676 0.037482824 
312941664256433 1379577449499797927 2.866284 -0.09168187 0.026180906 
312941726945277 1379577449562969314 2.874175 -0.09191154 0.014366176 
312941803490371 1379577449625072585 2.878114 -0.09782907 0.006596045 
312941868620845 1379577449690136062 2.875132 -0.08817306 -0.020107608 
312941933049352 1379577449754161941 2.8648179 -0.07461395 -0.05325761 
312942006847611 1379577449817424880 2.854688 -0.07565158 -0.05597306 
312942067796796 1379577449881511794 2.8477921 -0.08233329 -0.042630624 
312942126762155 1379577449944591628 2.8413956 -0.0828438 -0.03692372 
312942187009370 1379577450008617507 2.8279994 -0.083189085 -0.03714239 
312942254459394 1379577450072063552 2.8179035 -0.09154924 -0.038585555 
312942320505479 1379577450135737219 2.8180606 -0.09902584 -0.04690974 
312942384995026 1379577450198847570 2.8166072 -0.095491245 -0.05167867 
312942426746895 1379577450262720861 2.8152323 -0.083528414 -0.03193908 
312942557923455 1379577450383143225 2.8354976 -0.07184152 -0.0051255957 
312942632606806 1379577450446711340 2.8531737 -0.0690182 -0.0073475847 
312942680157546 1379577450510157385 2.8735764 -0.061925974 0.0027452651 
312942746264673 1379577450573817053 2.8936918 -0.056536287 0.025026033 
312942808159988 1379577450637354650 2.9028542 -0.05087889 0.047176868 
312942879364017 1379577450700983801 2.9038506 -0.046938833 0.06271336 
312942948156936 1379577450764704504 2.9019086 -0.047678117 0.07410295 
312943018048590 1379577450826807775 2.8956835 -0.03257829 0.08478975 
312943064286954 1379577450891688146 2.8893945 -0.015322963 0.09338863 
312943130485641 1379577450955256262 2.8870964 -0.021039689 0.09857373 
312943190458173 1379577451018702307 2.8874133 -0.037262674 0.09301196 
312943257175707 1379577451082941809 2.8861763 -0.05738722 0.078406654 
312943333110394 1379577451145869055 2.8805504 -0.07830788 0.067536116 
312943409258723 1379577451209864416 2.8800406 -0.093782045 0.05935146 
312943444387672 1379577451273035803 2.8879871 -0.10415379 0.049035423 
312943507686925 1379577451336573400 2.901879 -0.11515488 0.04014916 
312943576296721 1379577451400385656 2.920869 -0.11745088 0.036768343 
312943639962217 1379577451463648596 2.940596 -0.10069946 0.038402375 
312943698042485 1379577451527338781 2.9583778 -0.08906424 0.034618933 
312943766072394 1379577451590815344 2.9690707 -0.0893446 0.031392433 
312943827998231 1379577451652582922 2.9768004 -0.09007074 0.032800008 
312943899782145 1379577451718281248 2.9879844 -0.08737464 0.033083476 
312943951727820 1379577451781757810 2.9961493 -0.08464651 0.03850149 
312944015240714 1379577451845417478 2.9978545 -0.08457958 0.046860207 
312944082538135 1379577451909016111 2.9949818 -0.088919036 0.045655403 
312944144372410 1379577451972492674 2.9946012 -0.09056084 0.02766948 
312944211456188 1379577452035603025 2.9928746 -0.07472649 0.016167665 
312944270055304 1379577452099598387 2.981438 -0.055253934 0.02685204 
312944334300687 1379577452163197019 2.965163 -0.048626952 0.04997205 
312944397996703 1379577452226856687 2.9463964 -0.050417922 0.059631698 
312944463646025 1379577452290333250 2.9284117 -0.054359682 0.05428302 
312944524991973 1379577452353992918 2.916944 -0.057176195 0.054474127 
312944589908805 1379577452417469480 2.9100635 -0.06004469 0.055176638 
312944651132672 1379577452481050344 2.9036047 -0.06377302 0.05729589 
312944715652738 1379577452544740529 2.8987622 -0.06630629 0.06300277 
312944778188983 1379577452608156057 2.8984942 -0.06746779 0.06854316 
312944843533099 1379577452671846242 2.9010844 -0.05713812 0.06473187 
312944905245293 1379577452735292287 2.9042792 -0.051669057 0.05523756 
312944972206989 1379577452798860402 2.9085467 -0.054925248 0.05221699 
312945044875997 1379577452861421437 2.9093735 -0.060860384 0.05828604 
312945114340363 1379577452925996633 2.910039 -0.07278122 0.06276607 
312945181393620 1379577452989656301 2.9111125 -0.08881938 0.05934358 
312945256107492 1379577453053224416 2.9172583 -0.10069121 0.0470415 
312945312417580 1379577453116731496 2.9291172 -0.112593375 0.045407273 
312945363874927 1379577453180360646 2.9361212 -0.11899085 0.056423295 
312945415271235 1379577453243806691 2.9381685 -0.10684298 0.05879938 
312945477227591 1379577453307496877 2.936047 -0.09167572 0.061493717 
312945540709964 1379577453371064992 2.925496 -0.08875062 0.07161063 
312945606725531 1379577453434541555 2.9111726 -0.0939794 0.07170739 
312945671550801 1379577453498170705 2.90412 -0.09695398 0.056349482 
312945738207294 1379577453561708303 2.9018052 -0.09783831 0.039128006 
312945804283900 1379577453625306935 2.8974535 -0.10108416 0.03823348 
312945864409033 1379577453687288137 2.8958356 -0.10026432 0.03718667 
312945932316863 1379577453752443166 2.9092994 -0.08908343 0.016642991 
312945987680818 1379577453816072316 2.9386382 -0.05909289 0.003373473 
312946049667694 1379577453879548879 2.9698796 -0.029608674 0.009790801 
312946114248801 1379577453943116994 2.992984 -0.023108084 0.014524793 
312946178097420 1379577454006776662 3.011309 -0.03541663 0.0026735798 
312946304634884 1379577454140224071 3.0296779 -0.053602472 -4.7270025E-4 
312946367140607 1379577454204127880 3.0288055 -0.05421711 0.010487581 
312946433705539 1379577454267329784 3.0249484 -0.061658334 0.014051024 
312946503414069 1379577454331386181 3.0215132 -0.06911643 0.025135292 
312946560059881 1379577454394435497 3.017828 -0.07768962 0.044301856 
312946623877979 1379577454458705517 3.0146766 -0.089176066 0.04981538 
312946693281306 1379577454521632763 3.0068653 -0.08842426 0.054683316 
312946748553700 1379577454585597607 2.9941947 -0.0841534 0.07279525 
312946815759559 1379577454648799511 2.9875925 -0.08414872 0.08451775 
312946876098337 1379577454712672802 2.9806015 -0.09032846 0.08277289 
312946942297024 1379577454775905224 2.9758513 -0.09994777 0.070394196 
312947003124126 1379577454839931103 2.97741 -0.104001075 0.06093046 
312947068254601 1379577454902980419 2.9781663 -0.10864813 0.06570805 
312947130119395 1379577454967036816 2.9756942 -0.116312996 0.06393065 
312947195463513 1379577455030116650 2.9729962 -0.12397365 0.05273617 
312947257725072 1379577455094112011 2.9682763 -0.1315911 0.047670297 
312947321085365 1379577455157344433 2.9636278 -0.11156376 0.06291758 
312947387223012 1379577455221217724 2.9785702 -0.09921237 0.068282105 
312947450796948 1379577455284480663 2.9934175 -0.13801949 0.044512972 
312947512722783 1379577455348353954 2.9914072 -0.1689118 0.035073474 
312947576662963 1379577455411525341 2.9906697 -0.17238787 0.04729273 
312947641030428 1379577455475612255 2.9887142 -0.1879537 0.05925103 
312947705001129 1379577455538661571 2.9822948 -0.20625429 0.0712641 
312947767720494 1379577455602779003 2.9722629 -0.21955805 0.082997456 
312947829982054 1379577455665797802 2.9648488 -0.22508188 0.0912328 
312947895295651 1379577455729762646 2.9581926 -0.2074113 0.083038755 
312947958289698 1379577455792934032 2.9487355 -0.18062373 0.06421471 
312948020612300 1379577455856898876 2.9343283 -0.16117571 0.04896157 
312948084338837 1379577455920161816 2.9180117 -0.15492989 0.04436172 
312948147882252 1379577455984065624 2.9068387 -0.14860758 0.045740936 
312948212799084 1379577456047206493 2.8963501 -0.14817818 0.033191077 
312948276250937 1379577456111323925 2.8836184 -0.15938161 0.025406586 
312948340038517 1379577456174342724 2.879608 -0.17079592 0.046406925 
312948405230031 1379577456238429638 2.885304 -0.17445599 0.061885465 
312948467186387 1379577456301570507 2.8881564 -0.1643525 0.048087243 
312948529081703 1379577456365443798 2.8935316 -0.14798123 0.056798168 
312948592503036 1379577456428706737 2.9094107 -0.12903433 0.108159825 
312948657694552 1379577456492549511 2.9292476 -0.1291811 0.12641823 
312948721054844 1379577456555751415 2.9497838 -0.15102117 0.096252345 
312948785086586 1379577456619807812 2.964925 -0.15816328 0.07486398 
312948847958553 1379577456682857128 2.973198 -0.1572475 0.066410646 
312948912692262 1379577456746974560 2.9683456 -0.15952404 0.06286828 
312948975503189 1379577456810023876 2.9585035 -0.16511358 0.067874014 
312949037673187 1379577456873988720 2.955905 -0.17711878 0.06772679 
312949101094521 1379577456937251659 2.956506 -0.18271714 0.059449427 
312949165523027 1379577457001124950 2.9537594 -0.15862775 0.06435286 
312949227387821 1379577457064326855 2.945019 -0.1317829 0.07334451 
312949291114360 1379577457128261181 2.9312284 -0.12358613 0.06819787 
312949356397435 1379577457191402050 2.9175355 -0.11965087 0.06654545 
312949418567434 1379577457255488964 2.9110854 -0.12005749 0.067423776 
312949481988768 1379577457318925865 2.9110665 -0.119816594 0.06279297 
312949546081550 1379577457382982261 2.913657 -0.11963415 0.063368574 
312949608556752 1379577457446031578 2.9159286 -0.123081684 0.06784807 
312949673839829 1379577457510026939 2.9237025 -0.1302555 0.06068608 
312949748340057 1379577457573228843 2.9346647 -0.13319595 0.04862598 
312949803337769 1379577457637193687 2.9448345 -0.12534365 0.04325718 
312949866057134 1379577457700365074 2.9591272 -0.12968287 0.02851348 
312949927342041 1379577457764482506 2.9803443 -0.14805712 0.00647611 
312949995463511 1379577457827470787 2.9922419 -0.157195 0.009022156 
312950060929712 1379577457891557701 2.989884 -0.15344043 0.033574626 
312950120719121 1379577457954637535 2.988927 -0.14929551 0.052485593 
312950185086585 1379577458018571861 2.9923909 -0.14746797 0.06144959 
312950249637172 1379577458081804283 2.9941344 -0.1543089 0.064862765 
312950307747961 1379577458145708092 2.9895663 -0.1545835 0.06364464 
312950386276881 1379577458208940513 2.9808552 -0.1382583 0.060159687 
312950438710880 1379577458272874840 2.9671366 -0.13626443 0.06219818 
312950501643887 1379577458336015709 2.9497237 -0.1489762 0.060712773 
312950566774362 1379577458400072105 2.938787 -0.15364958 0.05352465 
312950629249563 1379577458463182457 2.9363854 -0.15509549 0.040204916 
312950689588342 1379577458527238853 2.9338942 -0.16232468 0.0300571 
312950755268182 1379577458590349205 2.9296646 -0.16927107 0.027555488 
312950820185013 1379577458654283531 2.924246 -0.17751075 0.028781045 
312950882110850 1379577458717485435 2.9233835 -0.18206562 0.035189983 
312950944128247 1379577458781389244 2.9239175 -0.16532086 0.042988054 
312951007366457 1379577458844591148 2.9245558 -0.13502418 0.046774782 
312951072313809 1379577458908525474 2.9270759 -0.123945706 0.049312677 
312951136528673 1379577458971782341 2.9326384 -0.13481222 0.051165394 
312951199797406 1379577459035838738 2.941407 -0.14567964 0.050100837 
312951263279779 1379577459098918572 2.9491553 -0.15806825 0.04424173 
312951327860887 1379577459162883415 2.9576788 -0.169466 0.036737747 
312951391221179 1379577459226054802 2.969256 -0.18421315 0.037410125 
312951455222400 1379577459290050163 2.987425 -0.19953263 0.032473378 
312951518430094 1379577459353282585 3.0013754 -0.21390663 0.02310724 
312951580722173 1379577459417155876 3.0012884 -0.21638356 0.023151949 
312951644326628 1379577459480327263 2.9941952 -0.20580256 0.03028389 
312951708114205 1379577459544383659 2.9853015 -0.20823751 0.029570255 
312951774709659 1379577459607463493 2.97225 -0.21177849 0.02805909 
312951838802440 1379577459671550407 2.955828 -0.21010102 0.039681245 
312951900697756 1379577459734569206 2.9427207 -0.20788574 0.054958113 
312951964454813 1379577459798747673 2.931082 -0.20634693 0.07070705 
312952028730718 1379577459861796989 2.9140775 -0.20200069 0.08103544 
312952089344177 1379577459925700798 2.902609 -0.20313022 0.074233875 
312952152704470 1379577459988963738 2.9051216 -0.20966731 0.060343973 
312952218384311 1379577460052837029 2.9168422 -0.20560676 0.04639996 
312952278387364 1379577460116008415 2.9344313 -0.18106538 0.051796153 
312952344128246 1379577460180064812 2.9514408 -0.17258759 0.07295374 
312952424427346 1379577460243144646 2.968224 -0.18272458 0.086789876 
312952484155714 1379577460307201042 2.9810042 -0.18721683 0.104615405 
312952545349060 1379577460370280876 2.9882925 -0.19024198 0.12822323 
312952620795421 1379577460434184685 2.997302 -0.18807094 0.13847053 
312952688123362 1379577460497478142 3.006406 -0.18691589 0.13761754 
312952736223469 1379577460561381950 3.0086467 -0.19182177 0.13290861 
312952802605279 1379577460624553337 3.0060577 -0.19539286 0.13047862 
312952863981747 1379577460688579216 3.003155 -0.17489308 0.13048051 
312952932011658 1379577460751689568 2.9957376 -0.14283589 0.13632298 
312953006542406 1379577460815745964 2.9864333 -0.1275499 0.13795215 
312953054825637 1379577460878825798 2.9799995 -0.12145704 0.12518531 
312953128440774 1379577460942790642 2.9772997 -0.103165634 0.12821102 
312953171413459 1379577461007121697 2.9817922 -0.086483285 0.13811131 
312953235262078 1379577461069926872 2.9915268 -0.08321742 0.12793514 
312953316568349 1379577461133159294 2.998926 -0.08712699 0.111991696 
312953376144116 1379577461197154655 3.0016103 -0.094425336 0.089610495 
312953437306943 1379577461260234489 2.9973786 -0.103410974 0.062114228 
312953516659910 1379577461324321404 2.9924486 -0.0999654 0.03605202 
312953553009674 1379577461387401238 2.992521 -0.085086584 0.03226344 
312953615759560 1379577461451427116 2.99748 -0.08781043 0.049121756 
312953678356843 1379577461514567986 3.0098913 -0.103827484 0.061606277 
312953742937952 1379577461578471794 3.0271738 -0.10563002 0.07513243 
312953808404150 1379577461641673698 3.0373518 -0.105911165 0.08412005 
312953871642361 1379577461705638542 3.0349727 -0.10870758 0.08464882 
312953932896748 1379577461768870964 3.0195653 -0.10864635 0.07729386 
312953998332426 1379577461832744255 2.9896011 -0.11559457 0.066423506 
312954062089485 1379577461895885124 2.9523468 -0.12608872 0.05997557 
312954124412085 1379577461959849968 2.9181974 -0.11642669 0.04885596 
312954187986022 1379577462023051872 2.8890655 -0.098376356 0.045040917 
312954252658690 1379577462087138786 2.8547735 -0.086569525 0.055104177 
312954315774819 1379577462150514484 2.8165457 -0.080669925 0.03801029 
312954378280543 1379577462214540363 2.775084 -0.07473125 0.019108541 
312954443594139 1379577462277742267 2.7281232 -0.073835805 0.016967116 
312954505611535 1379577462341646076 2.6712232 -0.07482754 0.0075327414 
312954568330900 1379577462404817462 2.606965 -0.075632036 -0.009485132 
312954632454202 1379577462468873859 2.542562 -0.07457171 -0.032610524 
312954696455424 1379577462531892658 2.4782073 -0.07771914 -0.05266621 
312954759815716 1379577462596010089 2.4161136 -0.059378978 -0.05491224 
312954824610468 1379577462659150958 2.361845 -0.030114053 -0.04269107 
312954888550647 1379577462722993732 2.2961786 -0.02054824 -0.01804891 
312954949743993 1379577462786195636 2.218697 -0.031543776 -0.017488597 
312955015515397 1379577462850160480 2.151159 -0.039510857 -0.017095683 
312955078936730 1379577462913423419 2.0904508 -0.041940145 0.011555713 
312955140191117 1379577462977418781 2.0156837 -0.045102753 0.026589796 
312955206633968 1379577463040468097 1.9356837 -0.043942757 0.014003071 
312955267461069 1379577463104524494 1.8597728 -0.031238966 -0.0047132797 
312955333140912 1379577463167604328 1.7908423 -0.020690847 -0.015296344 
312955396775887 1379577463231660724 1.7318938 -0.008185284 -0.017159583 
312955459800456 1379577463294771076 1.6793652 -0.0011896928 -0.0029594407 
312955524137401 1379577463358735919 1.6344495 0.0014255291 -0.0044638766 
312955588474345 1379577463422029376 1.5944519 -0.002769607 -0.028374942 
312955651315793 1379577463485841632 1.5571125 -0.018078186 -0.021060392 
312955714492963 1379577463549013019 1.5266961 -0.034266405 -0.0035248788 
312955778219501 1379577463612977863 1.4925745 -0.03936706 -0.005121528 
312955838497236 1379577463676149249 1.4608079 -0.040156536 -0.014037825 
312955922794506 1379577463740236163 1.433324 -0.041078977 -0.02365356 
312955985239187 1379577463803554033 1.4202728 -0.024927668 -0.032976605 
312956056717899 1379577463867457842 1.4160374 3.800178E-4 -0.027571106 
312956124412084 1379577463930690263 1.4051518 0.006786912 -0.0042178947 
312956157435128 1379577463994594072 1.3924001 -0.008026343 -0.006050932 
312956226502730 1379577464057795976 1.396502 -0.019843059 -0.01794071 
312956287726597 1379577464121852373 1.407798 -0.029871395 -0.0012847165 
312956349805034 1379577464184901689 1.42159 -0.038265523 0.019673586 
312956413073766 1379577464248988603 1.4449376 -0.048478637 0.015718278 
312956475884693 1379577464312068437 1.4712429 -0.053787958 0.007440828 
312956546997160 1379577464376124834 1.508039 -0.06022067 0.0073677693 
312956606237203 1379577464439174150 1.5481734 -0.055799827 0.008838253 
312956673931389 1379577464503138994 1.5800004 -0.034098595 0.0131039815 
312956739519668 1379577464566324061 1.6053952 -0.011645302 0.021537568 
312956795738195 1379577464630319422 1.619823 -0.007830627 0.040771574 
312956858793284 1379577464693521326 1.612729 -0.014659476 0.036197454 
312956921543169 1379577464757425135 1.589682 -0.014552514 0.010894985 
312956990336089 1379577464820627039 1.5570934 -0.032254655 0.016178502 
312957050644344 1379577464884683436 1.5239931 -0.052926127 0.030694209 
312957112112375 1379577464947732752 1.5008141 -0.07047255 0.034490485 
312957177670134 1379577465011697596 1.4915067 -0.08545897 0.030574195 
312957240481060 1379577465074960535 1.4955837 -0.08499842 0.025006685 
312957303963435 1379577465138833826 1.5062835 -0.07189366 0.023748968 
312957367903614 1379577465202005213 1.5165498 -0.06841655 0.033304363 
312957431874316 1379577465265970057 1.5266461 -0.078272186 0.04748904 
312957492915060 1379577465329110926 1.5404638 -0.09182638 0.04511188 
312957559022186 1379577465393167322 1.5528141 -0.10619507 0.04132771 
312957623237050 1379577465456277674 1.5596645 -0.112646356 0.040346935 
312957682873858 1379577465520334070 1.5601573 -0.11762148 0.050680593 
312957748797862 1379577465583413904 1.5589857 -0.12474006 0.058833957 
312957811975033 1379577465647378748 1.5586306 -0.12661412 0.058228392 
312957874541796 1379577465710611170 1.5539341 -0.11813798 0.051085617 
312957940221637 1379577465774514979 1.5473398 -0.09779168 0.045744035 
312958004985868 1379577465837777918 1.5361072 -0.092293024 0.046025813 
312958066728581 1379577465901651209 1.5219415 -0.10081887 0.038297605 
312958132591544 1379577465964822596 1.514225 -0.10153107 0.031082716 
312958192625116 1379577466028787440 1.5088141 -0.108000994 0.026249345 
312958257389346 1379577466091958826 1.5039134 -0.11829745 0.022717604 
312958320139233 1379577466156045740 1.495734 -0.13085261 0.02495755 
312958385483349 1379577466219398956 1.4896798 -0.14558013 0.023337616 
312958447714389 1379577466283272248 1.4909421 -0.15401572 0.008481475 
312958509914907 1379577466346443634 1.4996202 -0.13596673 0.00684457 
312958575991513 1379577466410438996 1.5108788 -0.12702751 0.013923421 
312958638680359 1379577466473671417 1.5224274 -0.14058056 0.0049787764 
312958703719272 1379577466537575226 1.5346178 -0.15046944 -0.008527427 
312958766194474 1379577466600716095 1.5488486 -0.15302838 -0.0030578433 
312958830317776 1379577466664803009 1.5616331 -0.1522109 0.0074328654 
312958893098183 1379577466727852326 1.5635495 -0.14608793 0.0134264305 
312958963600242 1379577466791847687 1.5595534 -0.13373488 0.019018542 
312959020581777 1379577466854988556 1.5546585 -0.1276869 0.01902827 
312959084644038 1379577466918953400 1.5486472 -0.12013188 0.018820656 
312959145837387 1379577466982155304 1.5432761 -0.10816876 0.0123333745 
312959209136638 1379577467046195829 1.5369474 -0.11009367 0.0065736882 
312959275274284 1379577467109275663 1.5251471 -0.12416029 0.009413545 
312959338573538 1379577467173362577 1.5118748 -0.13283405 0.010547348 
312959400621455 1379577467236411894 1.5033112 -0.13677059 0.0071627945 
312959464561634 1379577467300468290 1.4965385 -0.14361125 0.006277208 
312959527311519 1379577467363548124 1.491407 -0.15023336 0.0051537943 
312959589603599 1379577467427482450 1.4880345 -0.15761033 0.0027758433 
312959654734076 1379577467490745390 1.4886094 -0.16554444 0.013427585 
312959718643735 1379577467554557645 1.4983244 -0.16053043 0.034546804 
312959781485180 1379577467617881620 1.5174053 -0.14828275 0.066199124 
312959847805949 1379577467681785429 1.5379553 -0.1431461 0.09633207 
312959912631220 1379577467744956815 1.5557494 -0.14845423 0.10999316 
312959974129772 1379577467809013212 1.5659819 -0.1528957 0.12828487 
312960043899343 1379577467872093046 1.5675446 -0.16490446 0.1335709 
312960105184249 1379577467936088407 1.571611 -0.18133304 0.12047588 
312960163691802 1379577467999320829 1.5788181 -0.192542 0.121649824 
312960226807933 1379577468063194120 1.5899533 -0.19554922 0.12684298 
312960288825331 1379577468126365507 1.5939169 -0.20200714 0.12782153 
312960355878589 1379577468190299833 1.5839062 -0.20546892 0.12660637 
312960417895984 1379577468253501737 1.5684762 -0.19807765 0.11414443 
312960486200578 1379577468317588651 1.5578127 -0.20242347 0.103931114 
312960544860733 1379577468380637968 1.5556911 -0.20698956 0.11057136 
312960607458018 1379577468444663847 1.556933 -0.20862731 0.12504375 
312960671917043 1379577468507774198 1.558365 -0.20944193 0.13949622 
312960737291681 1379577468571739042 1.5646464 -0.20171848 0.13176636 
312960800651974 1379577468635001981 1.5805569 -0.18645377 0.107865416 
312960866881181 1379577468699146117 1.5990627 -0.16743942 0.07442691 
312960928318693 1379577468760974730 1.6126559 -0.1551243 0.035750944 
312960989695161 1379577468826251830 1.6244526 -0.14606774 0.01981347 
312961054550951 1379577468889423217 1.6359594 -0.1636448 0.0169782 
312961118338531 1379577468953479613 1.6491642 -0.1895364 0.01081862 
312961178768867 1379577469016559447 1.6601454 -0.19655633 0.014119474 
312961245425361 1379577469080615844 1.6641936 -0.20209958 0.026928997 
312961306496626 1379577469143695678 1.6585258 -0.20720494 0.03388664 
312961373061557 1379577469207660521 1.6481748 -0.20397103 0.04099284 
312961433308772 1379577469270892943 1.6374996 -0.19857661 0.057587054 
312961513516311 1379577469334796752 1.6223527 -0.19559781 0.0729278 
312961568391940 1379577469397998656 1.6094738 -0.18147801 0.06301262 
312961634041262 1379577469461963500 1.6052291 -0.15526266 0.032151468 
312961687268790 1379577469525147109 1.5988586 -0.1494549 0.015737712 
312961754383090 1379577469589234023 1.5814104 -0.16044457 0.009995888 
312961817468699 1379577469652283339 1.5682868 -0.1683044 -0.006885078 
312961881317319 1379577469716248183 1.5636675 -0.17986512 -0.02921669 
312961944189285 1379577469779450087 1.5607466 -0.19584653 -0.045402694 
312962007580098 1379577469843353896 1.5615402 -0.2078877 -0.0579841 
312962072130686 1379577469906616835 1.5613606 -0.20601214 -0.050441492 
312962135918264 1379577469969788222 1.5603514 -0.18976326 -0.021134783 
312962199064915 1379577470033692030 1.5638696 -0.17165431 0.0066543473 
312962261570637 1379577470097748427 1.5759163 -0.1548386 0.022326961 
312962328349213 1379577470160797743 1.5862117 -0.14930533 0.029117417 
312962389481518 1379577470224854140 1.594896 -0.15621358 0.028310882 
312962451010588 1379577470287903456 1.6062285 -0.15839246 0.022676451 
312962517392399 1379577470351898818 1.6177498 -0.15746349 0.03272239 
312962578860428 1379577470415161757 1.6271504 -0.1683129 0.047132157 
312962642648006 1379577470479035048 1.6351906 -0.17743559 0.047208842 
312962705245289 1379577470542236952 1.6392581 -0.18556145 0.041009903 
312962768849745 1379577470606171278 1.6345615 -0.19730215 0.030698083 
312962831965877 1379577470669342665 1.6264395 -0.19036885 0.017690063 
312962896699586 1379577470733399062 1.6171404 -0.17936774 0.012877442 
312962960670287 1379577470796478896 1.6060762 -0.17986323 0.008462005 
312963029341124 1379577470860535292 1.5899297 -0.18545641 7.4990804E-4 
312963086597342 1379577470923645644 1.5702115 -0.19864342 -0.0018948112 
312963154169447 1379577470987579970 1.564231 -0.20604366 0.015889812 
312963216461526 1379577471050842909 1.5626911 -0.20697564 0.04481915 
312963279760779 1379577471114897180 1.5512527 -0.2111915 0.07109819 
312963341869737 1379577471178068567 1.5387874 -0.22117549 0.08412184 
312963405931998 1379577471242124964 1.5337031 -0.21776633 0.07610627 
312963478845168 1379577471305204798 1.5367192 -0.20434989 0.05671083 
312963548187453 1379577471369230676 1.5422533 -0.20454758 0.0471246 
312963615057590 1379577471432402063 1.5469815 -0.20669073 0.04583844 
312963686902546 1379577471496305872 1.5527486 -0.19616215 0.04992499 
312963730729802 1379577471559538294 1.55613 -0.18726207 0.05699916 
312963786185318 1379577471623442102 1.559947 -0.18430752 0.05493132 
312963849148845 1379577471686644006 1.5656775 -0.18385954 0.051775545 
312963913058505 1379577471750578333 1.562708 -0.19350088 0.043124054 
312963977914296 1379577471813749719 1.5549109 -0.21080725 0.02597493 
312964044418188 1379577471877806116 1.5499444 -0.20404884 0.00887201 
312964109548662 1379577471940885950 1.5434726 -0.18039095 -0.006491335 
312964172481670 1379577472004926520 1.5385132 -0.1650582 -0.021772532 
312964241854477 1379577472068036872 1.5343382 -0.1477542 -0.025068996 
312964297462595 1379577472131971198 1.5375189 -0.107162215 -0.0050343494 
312964358778023 1379577472195234138 1.5412912 -0.07807557 0.012204163 
312964425251394 1379577472259137946 1.543419 -0.076007366 0.014449118 
312964487665555 1379577472322339850 1.5396656 -0.09260533 0.009404679 
312964550568042 1379577472386274177 1.535127 -0.10842961 0.0033763212 
312964614904988 1379577472449415046 1.5272545 -0.11507706 0.004044851 
312964677349669 1379577472513501960 1.5243925 -0.106642865 0.002587848 
312964740191116 1379577472576551276 1.5403223 -0.09101504 0.019232502 
312964805168989 1379577472640516120 1.5640957 -0.09236584 0.05011378 
312964868590322 1379577472703779059 1.5849915 -0.10627524 0.04861468 
312964932927268 1379577472767652350 1.6065292 -0.11842287 0.042165473 
312964994883623 1379577472830884772 1.6289542 -0.12935328 0.053925104 
312965058365998 1379577472894819098 1.6461912 -0.14259334 0.05864668 
312965124808848 1379577472957990485 1.6584183 -0.14959829 0.058940426 
312965186734683 1379577473022046882 1.6668692 -0.15401512 0.057677727 
312965250278100 1379577473085096198 1.6535808 -0.17639048 0.05613932 
312965312173414 1379577473149152595 1.6369056 -0.17372492 0.04554022 
312965395127786 1379577473212293464 1.6255251 -0.16342498 0.05126804 
312965461143351 1379577473276197272 1.614886 -0.15776494 0.064358234 
312965528959620 1379577473339399177 1.6103458 -0.14250703 0.06114488 
312965569826398 1379577473403364020 1.6051457 -0.1237955 0.056195077 
312965632759405 1379577473466565925 1.5908151 -0.11389523 0.04617538 
312965718124886 1379577473530469733 1.5726367 -0.113537654 0.033176344 
312965775594748 1379577473593883949 1.5612473 -0.114057645 0.028027473 
312965823450692 1379577473657940345 1.551374 -0.10320893 0.011543851 
312965885101844 1379577473721020179 1.5410446 -0.08981151 0.0014615707 
312965947821209 1379577473785076576 1.5374869 -0.09913771 0.017434847 
312966013623131 1379577473848247963 1.5420737 -0.114258826 0.019090405 
312966075793130 1379577473912243324 1.5589695 -0.12002857 0.033581566 
312966141137248 1379577473975384193 1.5786054 -0.1326824 0.06971776 
312966213623132 1379577474039257484 1.5907502 -0.14395198 0.08356276 
312966270940391 1379577474102459388 1.596594 -0.1502258 0.0838438 
312966332255819 1379577474166485267 1.5967605 -0.15989588 0.089163706 
312966395463510 1379577474229565101 1.5961581 -0.17325148 0.09346033 
312966458854324 1379577474293652015 1.6027322 -0.16895393 0.07009918 
312966520413915 1379577474356701332 1.609907 -0.16112767 0.045321207 
312966587009367 1379577474420680797 1.606792 -0.16406904 0.035732094 
312966649728732 1379577474483943737 1.6027664 -0.16040759 0.029981215 
312966713119545 1379577474547878063 1.6052357 -0.14306033 0.04887842 
312966774679137 1379577474611049449 1.607442 -0.11952744 0.07568862 
312966838466715 1379577474674922740 1.6100084 -0.10794963 0.090538144 
312966903566669 1379577474738094127 1.6129262 -0.11052413 0.08641943 
312966967873093 1379577474802181041 1.6149123 -0.10913141 0.07357377 
312967030409337 1379577474865230358 1.6156479 -0.08843677 0.054076783 
312967093006620 1379577474929317272 1.6323406 -0.047070082 0.044026915 
312967164821056 1379577474992366588 1.6571449 -0.02958708 0.057837903 
312967221863632 1379577475056361949 1.6678914 -0.04155608 0.051648196 
312967285773291 1379577475119594371 1.6795666 -0.054047845 0.035666026 
312967348889422 1379577475183498180 1.6956141 -0.069653526 0.040991396 
312967412188674 1379577475246730602 1.7065037 -0.07729038 0.044349905 
312967474785958 1379577475310725963 1.7127496 -0.07773725 0.03723842 
312967538909260 1379577475373805797 1.7138338 -0.0809955 0.030220414 
312967601598105 1379577475437831676 1.7035269 -0.085197486 0.027359713 
312967668376680 1379577475500911510 1.6928852 -0.073756985 0.01774352 
312967729966790 1379577475564937389 1.6790147 -0.08418481 0.005023099 
312967793510206 1379577475628108776 1.6620425 -0.10280195 0.004887734 
312967855649684 1379577475692012584 1.64638 -0.11144438 -0.007123295 
312967921054843 1379577475755275524 1.6395742 -0.10892128 -0.022364952 
312967984598258 1379577475819148815 1.6466392 -0.09254181 -0.021409472 
312968047103980 1379577475882320201 1.655636 -0.082625724 -0.009509276 
312968111471445 1379577475946285045 1.653626 -0.081765324 -0.001205755 
312968175320064 1379577476009456432 1.6378598 -0.09174065 -0.0039399387 
312968238741399 1379577476073783692 1.6110001 -0.10936632 -0.0023724192 
312968301949089 1379577476136802491 1.5872772 -0.10579141 9.988248E-4 
312968364821056 1379577476200767335 1.5731747 -0.0910371 -0.0035257682 
312968427631982 1379577476264030275 1.5720572 -0.08470398 -0.0066018268 
312968492854020 1379577476327903566 1.5806713 -0.07967354 0.0017906019 
312968556275353 1379577476391166505 1.5870821 -0.079187036 0.006227517 
312968618720034 1379577476455131349 1.5860032 -0.08380284 0.0017395241 
312968684979761 1379577476518211183 1.5861101 -0.08911812 0.010495371 
312968746844558 1379577476582328614 1.583267 -0.10648629 0.02321663 
312968828883318 1379577476645377931 1.589997 -0.09684267 0.032072075 
312968894044312 1379577476709556398 1.5929663 -0.091724336 0.04350974 
312968953131753 1379577476772819337 1.5893502 -0.10386381 0.050061904 
312969018170667 1379577476836784181 1.5934733 -0.10849204 0.031863738 
312969086688902 1379577476899998335 1.6050338 -0.11130213 0.006748737 
312969153253836 1379577476963993696 1.6174444 -0.11579818 -0.0043108515 
312969214264060 1379577477026951460 1.6257873 -0.118288085 -0.0068508387 
312969265049959 1379577477091404585 1.6276618 -0.11995266 -0.011180633 
312969324076359 1379577477153935103 1.6226841 -0.12236424 -0.016524728 
312969385147623 1379577477218235640 1.6171639 -0.12324885 -0.0182908 
312969445486401 1379577477281040816 1.6205915 -0.10628927 -0.023936694 
312969508449929 1379577477345005659 1.6247486 -0.10128418 -0.012744744 
312969571718660 1379577477408238081 1.6225704 -0.11322847 -0.012306162 
312969637886827 1379577477472141890 1.6254995 -0.1195526 -0.018976754 
312969701735447 1379577477535343794 1.6320868 -0.123292044 -0.0029362596 
312969776113594 1379577477599705366 1.6282206 -0.12537749 2.7383488E-5 
312969833827617 1379577477662693648 1.6174873 -0.12625208 -0.00987153 
312969898927573 1379577477727604536 1.6075534 -0.12647419 -0.010234635 
312969981179975 1379577477789890913 1.5968165 -0.12772147 -0.009496536 
312970016461526 1379577477853581099 1.5924169 -0.106752515 -0.025633618 
312970086627861 1379577477916721968 1.5930227 -0.08053358 -0.022191742 
312970146295189 1379577477981083540 1.5982167 -0.050318066 0.015927007 
312970216583608 1379577478043919234 1.6068873 -0.029560298 0.03235075 
312970280828992 1379577478107853560 1.6137304 -0.031044342 0.025859972 
312970357801371 1379577478171299605 1.6167977 -0.03919324 0.020502228 
312970421588949 1379577478235356001 1.61333 -0.05163428 0.012335358 
312970488184402 1379577478298527388 1.6029706 -0.061416853 -9.4584277E-4 
312970553742162 1379577478362522749 1.5871593 -0.07615952 -0.01551677 
312970611608788 1379577478425572066 1.5744953 -0.08435669 -0.022116387 
312970671123514 1379577478489689497 1.5687071 -0.08168963 -0.036352072 
312970766743841 1379577478552981247 1.5674399 -0.08940662 -0.028939845 
312970781149456 1379577478616610398 1.5654216 -0.103111185 -0.018532284 
312970847439705 1379577478679812302 1.5699636 -0.10836218 -0.017487042 
312970910647396 1379577478744051804 1.5833635 -0.10800474 0.007371747 
312970979898121 1379577478806887497 1.59504 -0.08519737 0.03356208 
312971051010589 1379577478871340622 1.5954182 -0.07082949 0.042176362 
312971118613213 1379577478935213913 1.598857 -0.06954046 0.03342368 
312971187558734 1379577478998507370 1.6083952 -0.06631194 0.028023828 
312971278539964 1379577479061343064 1.6103705 -0.070797935 0.03993673 
312971288581166 1379577479125155319 1.6053845 -0.07490583 0.029359931 
312971353925284 1379577479188845505 1.6026958 -0.06871004 0.004453293 
312971421772070 1379577479252535691 1.6071645 -0.059255946 0.01048941 
312971493281303 1379577479315523972 1.6072524 -0.057000883 0.02206704 
312971566743839 1379577479379533846 1.5998074 -0.05877277 0.022500956 
312971654154185 1379577479442857821 1.5942132 -0.060719967 0.019040605 
312971684949241 1379577479507127840 1.5896224 -0.06789102 0.013750635 
312971735094214 1379577479569719393 1.5945305 -0.058947675 -5.9010886E-4 
312971796867448 1379577479633684237 1.6145251 -0.042054538 0.0028816853 
312971865355163 1379577479696916659 1.6301812 -0.043725953 0.017295 
312971941411930 1379577479761186678 1.6361592 -0.050665185 0.012834391 
312972008648311 1379577479824327547 1.6443869 -0.052960597 0.017441124 
312972070787789 1379577479888322909 1.6489035 -0.05537138 0.025152352 
312972138115731 1379577479951402743 1.6465615 -0.05535718 0.020678604 
312972200835096 1379577480015581209 1.6430768 -0.05398157 0.021058828 
312972241579792 1379577480078264315 1.6371317 -0.06004053 0.024915474 
312972308114203 1379577480143327791 1.6268972 -0.06374037 0.02237816 
312972378433141 1379577480205644686 1.6206207 -0.055024892 0.017740939 
312972455832806 1379577480269365389 1.6155484 -0.04645948 0.030859336 
312972511746129 1379577480332841952 1.6080196 -0.038254373 0.041210495 
312972581241016 1379577480396776278 1.6038575 -0.029193362 0.0357133 
312972655283439 1379577480460069735 1.6018465 -0.028423734 0.036717486 
312972701521803 1379577480524004061 1.5992142 -0.032253403 0.039432786 
312972799858443 1379577480587083895 1.5931935 -0.03797174 0.037269693 
312972816064761 1379577480650865633 1.5838419 -0.045429986 0.03252019 
312972881073154 1379577480714098055 1.5759991 -0.032413416 0.04623564 
312972948431617 1379577480778001864 1.5813708 0.0014147875 0.072041795 
312973008282066 1379577480841417391 1.5923611 0.018376281 0.07766811 
312973087818156 1379577480905046541 1.5962442 0.011354232 0.07983221 
312973155634423 1379577480968553621 1.5961014 -0.003200391 0.072261706 
312973219422002 1379577481032731094 1.5921568 -0.011685273 0.066740565 
312973264927877 1379577481095841446 1.5796721 -0.01937549 0.065994285 
312973325510816 1379577481159623184 1.5677094 -0.02075418 0.05249091 
312973389542559 1379577481222916641 1.5616398 -0.018298466 0.041906007 
312973459495251 1379577481286759415 1.5543737 -0.019186635 0.036254786 
312973531950614 1379577481349900284 1.5419596 -0.0271262 0.027412437 
312973599919484 1379577481414048233 1.5299662 -0.0285298 0.03802343 
312973668559801 1379577481477219620 1.5204918 -0.020322276 0.056492306 
312973731096044 1379577481541550674 1.5077654 -0.0173018 0.051312715 
312973817194015 1379577481604538956 1.4974643 -0.014195953 0.046588413 
312973832820446 1379577481668107071 1.4856825 -0.014996147 0.05188865 
312973900758795 1379577481731217422 1.4680351 -0.021327976 0.05143849 
312973958961144 1379577481795243301 1.4465405 -0.027097339 0.04074436 
312974035903004 1379577481859008667 1.4276481 -0.036930803 0.028365364 
312974106527144 1379577481922485229 1.4114084 -0.053458698 0.027786693 
312974172268026 1379577481985900757 1.411807 -0.035661418 0.028573478 
312974234499065 1379577482049896118 1.4021658 -0.032941315 0.040058874 
312974277074985 1379577482112914917 1.3649498 -0.05356994 0.045267887 
312974340343717 1379577482176727173 1.3191233 -0.06499691 0.012836258 
312974407305414 1379577482239990112 1.2702994 -0.06659371 0.003586964 
312974468651362 1379577482304209424 1.2047541 -0.06274207 0.009283007 
312974544677609 1379577482367075635 1.1247293 -0.059876915 -3.096609E-5 
312974597111610 1379577482431070997 1.0313966 -0.05975618 -0.0037259047 
312974656412693 1379577482494211866 0.92128146 -0.062690824 -0.0063174427 
312974720383394 1379577482558146192 0.8037615 -0.051145177 -0.022810634 
312974784018369 1379577482621348096 0.68841124 -0.02527421 -0.03068439 
312974850217057 1379577482685312940 0.56936616 -0.012205295 -0.019843053 
312974913455270 1379577482748514844 0.45573184 -0.009028232 -0.033177696 
312974975899951 1379577482812479688 0.36653894 0.006003154 -0.05232679 
312975039382325 1379577482875712110 0.29637203 0.014114505 -0.047033302 
312975106221940 1379577482939707471 0.23061413 0.015819436 -0.040943254 
312975168452980 1379577483002756788 0.17591695 0.012145064 -0.043634415 
312975231630150 1379577483066858109 0.13438752 0.0037807403 -0.043638214 
312975294380036 1379577483130029496 0.10944276 -0.004693055 -0.029118948 
312975357648768 1379577483194116410 0.1090921 0.007003961 -0.019623248 
312975422351956 1379577483257257279 0.11650964 0.012129797 -0.0039910106 
312975487268790 1379577483321130570 0.10690933 -0.0109939175 0.03305608 
312975549621909 1379577483384393510 0.08962538 -0.04135105 0.037470844 
312975613256886 1379577483448297318 0.08992367 -0.05461054 0.027528074 
312975674938559 1379577483511478903 0.09884724 -0.062184058 0.03129775 
312975738787177 1379577483575413229 0.096922845 -0.07478282 0.03727003 
312975805962517 1379577483638584616 0.08852496 -0.084683366 0.03571474 
312975868346158 1379577483702549460 0.080303095 -0.08611153 0.03171916 
312975930729799 1379577483765751364 0.063517384 -0.092774495 0.030651508 
312975993143961 1379577483829685690 0.0458975 -0.083817616 0.023271414 
312976056290611 1379577483892826559 0.027933646 -0.07001768 0.015371782 
312976121817851 1379577483956821921 0.0026973425 -0.07489219 0.014860437 
312976186093755 1379577484019993307 -0.015555206 -0.0906847 0.016287971 
312976254276266 1379577484084080221 -0.030752733 -0.103429385 0.020423973 
312976314248798 1379577484147160055 -0.05013703 -0.107732154 0.020056227 
312976375259023 1379577484211185934 -0.07353199 -0.11328471 0.010057174 
312976454032104 1379577484274265768 -0.09116232 -0.12004102 -0.008704043 
312976517483958 1379577484338306290 -0.104482755 -0.12577507 -0.022239929 
312976581271536 1379577484401569230 -0.11011117 -0.1069669 -0.034704383 
312976645791602 1379577484465473039 -0.1051722 -0.08933858 -0.031350106 
312976714859206 1379577484528888566 -0.09582991 -0.092202544 -0.014019169 
312976785025541 1379577484592578751 -0.08085087 -0.09827888 -0.008095516 
312976825648157 1379577484655780656 -0.064429246 -0.09663711 -0.0032627287 
312976894746280 1379577484719837052 -0.043637697 -0.08548433 -0.010289476 
312976962257343 1379577484782927108 -0.02400551 -0.08146359 -0.021874351 
312977012127633 1379577484846983505 -0.009664988 -0.0865782 -0.017819745 
312977075335323 1379577484910124374 0.0034995186 -0.09310734 -0.007867627 
312977137566363 1379577484974028182 0.011398265 -0.10105341 0.010567842 
312977202269552 1379577485037199569 0.014198319 -0.08439748 0.022076342 
312977266423374 1379577485101133895 0.015025602 -0.059885032 0.035945185 
312977331889574 1379577485164427352 7.573979E-4 -0.05706725 0.054350276 
312977401567583 1379577485228422714 -0.025370404 -0.0654775 0.052651323 
312977459525770 1379577485291502548 -0.051520783 -0.06929505 0.04732246 
312977527708282 1379577485355589462 -0.0766487 -0.06648538 0.048995953 
312977584567735 1379577485418608261 -0.09537126 -0.06700517 0.04304915 
312977646768255 1379577485482725692 -0.10585143 -0.07500479 0.030966116 
312977710769475 1379577485545744491 -0.10835507 -0.08453758 0.029428264 
312977774618094 1379577485609785016 -0.11245846 -0.08738547 0.039849058 
312977836574451 1379577485673047955 -0.108637065 -0.06874913 0.05138811 
312977902132210 1379577485736921246 -0.09140096 -0.05946473 0.06789552 
312977966316553 1379577485800123151 -0.074213706 -0.06729134 0.0654342 
312978029615806 1379577485864057477 -0.050092854 -0.0622838 0.05670699 
312978092243609 1379577485927228863 -0.023431296 -0.05368806 0.068718344 
312978156336391 1379577485991315777 -0.009634107 -0.051714815 0.073252246 
312978219299919 1379577486054365094 -0.011398918 -0.05190041 0.06363182 
312978281836162 1379577486118329938 -0.012945821 -0.053697776 0.057109967 
312978345684783 1379577486181592877 -0.019164441 -0.0664845 0.055294815 
312978410906818 1379577486245466168 -0.027963264 -0.06293605 0.04385195 
312978474022947 1379577486308729108 -0.032579012 -0.05431959 0.03793737 
312978535918261 1379577486372632916 -0.039482024 -0.05227818 0.05094032 
312978599370116 1379577486435773785 -0.047861714 -0.04647846 0.045200005 
312978665019439 1379577486499860699 -0.06139005 -0.047049757 0.035985705 
312978727586201 1379577486562910016 -0.081509374 -0.05634543 0.038965274 
312978792655634 1379577486626996930 -0.10262172 -0.06699995 0.03266186 
312978852597646 1379577486688459332 -0.11857316 -0.0772757 0.02338748 
312978919193097 1379577486754011090 -0.12328021 -0.09311706 0.02515514 
312978982644954 1379577486817274029 -0.10614135 -0.08104439 0.027553719 
312979046585133 1379577486881147320 -0.086851254 -0.0662777 0.040537253 
312979107992121 1379577486944410260 -0.08523505 -0.0758754 0.05513927 
312979173549881 1379577487008283551 -0.08541364 -0.081479475 0.039537888 
312979236482888 1379577487071454938 -0.07127441 -0.074644 0.043259673 
312979299141214 1379577487135541852 -0.05947365 -0.067749664 0.0638108 
312979362806710 1379577487198591168 -0.06145998 -0.061160754 0.06866456 
312979428578112 1379577487262796374 -0.069295295 -0.05045326 0.06516178 
312979491053315 1379577487325937243 -0.084121354 -0.05003696 0.06469932 
312979553253834 1379577487389810534 -0.100961976 -0.056941614 0.06828922 
312979617957023 1379577487453073474 -0.106729165 -0.04862391 0.06618129 
312979682080326 1379577487516946765 -0.109482005 -0.05001725 0.074795 
312979745898423 1379577487580118152 -0.1178703 -0.062339354 0.074981384 
312979809350279 1379577487644296618 -0.12947541 -0.056011934 0.050957136 
312979879119849 1379577487707254382 -0.14256774 -0.05137594 0.041678976 
312979936589711 1379577487771341296 -0.1586121 -0.06176909 0.036265764 
312979997996700 1379577487834421130 -0.17209718 -0.06987532 0.024778597 
312980073778784 1379577487897470446 -0.17932917 -0.07993164 0.021109905 
312980135552017 1379577487961832019 -0.18021384 -0.09182683 0.019192284 
312980199125953 1379577488025918933 -0.17093673 -0.08445685 0.021909717 
312980264195387 1379577488088827913 -0.15892118 -0.07608329 0.032494336 
312980328593373 1379577488153067415 -0.1549916 -0.08696829 0.027997004 
312980402788398 1379577488216238802 -0.1504425 -0.0934782 0.011498816 
312980444082461 1379577488279959505 -0.14171636 -0.09080528 0.011077766 
312980506801828 1379577488343008821 -0.13097785 -0.09882435 0.02170121 
312980570589405 1379577488407034700 -0.11594468 -0.10543108 0.01981865 
312980642251240 1379577488470206087 -0.10540195 -0.104932286 0.00915124 
312980699934743 1379577488534109896 -0.10741423 -0.11145953 0.0068489355 
312980841976555 1379577488597525423 -0.11648413 -0.11414538 0.0015355364 
312980877624352 1379577488661703890 -0.12556963 -0.09845739 -0.012608405 
312980888672726 1379577488724417513 -0.13151124 -0.08203275 -0.015491833 
312980951941457 1379577488788351839 -0.13937105 -0.07734018 -0.019853046 
312981013745213 1379577488851523226 -0.14166324 -0.07222026 -0.037413247 
312981077593831 1379577488915518587 -0.13786046 -0.06734972 -0.077079125 
312981142510662 1379577488978659456 -0.13849457 -0.068865016 -0.11707328 
312981209167156 1379577489042654817 -0.14492214 -0.07420473 -0.12107023 
312981271215072 1379577489105643099 -0.15708013 -0.078426085 -0.1020422 
312981333324030 1379577489169821565 -0.16978107 -0.0810404 -0.079114124 
312981398790229 1379577489232962435 -0.17747827 -0.07065788 -0.04280301 
312981462455725 1379577489296927278 -0.1769689 -0.065411635 -0.033970293 
312981526334866 1379577489360068147 -0.16871677 -0.06755131 -0.040996302 
312981589359434 1379577489424063509 -0.16304722 -0.07047106 -0.025974942 
312981652536606 1379577489487265413 -0.15956616 -0.0786609 -0.010839072 
312981716476785 1379577489551260774 -0.15648296 -0.086932905 -0.001237472 
312981779348752 1379577489614371126 -0.15277281 -0.096110605 0.008761523 
312981841335628 1379577489678486386 -0.15191634 -0.10718333 0.023060009 
312981931645410 1379577489741749325 -0.1601185 -0.109553516 0.03321927 
312981997172649 1379577489805592099 -0.17170104 -0.10531274 0.03773215 
312982033797096 1379577489868794003 -0.18240598 -0.09687202 0.0429184 
312982119254139 1379577489932850399 -0.20142499 -0.097136654 0.04794316 
312982177548050 1379577489995930233 -0.22029492 -0.09774621 0.039753776 
312982236330287 1379577490059986630 -0.2296612 -0.089882 0.024692452 
312982293647547 1379577490123127499 -0.23700754 -0.092378035 0.01799283 
312982350781683 1379577490187061825 -0.24317975 -0.101081654 0.013623616 
312982416247883 1379577490250324765 -0.24589677 -0.10773965 0.0014635731 
312982478478921 1379577490314167538 -0.2404329 -0.10674546 -0.001848139 
312982542541182 1379577490377338925 -0.23003124 -0.08584893 0.01696781 
312982622474037 1379577490441303769 -0.2106183 -0.05186872 0.033863015 
312982683942067 1379577490504611876 -0.17998213 -0.020210028 0.03285402 
312982734239642 1379577490568637755 -0.1626377 -0.015623683 0.04416096 
312982800499370 1379577490631687072 -0.15956308 -0.030668562 0.06680156 
312982863157695 1379577490695651916 -0.1537746 -0.038338352 0.07217353 
312982925419254 1379577490758884337 -0.14991559 -0.043745555 0.06237841 
312982988596424 1379577490822818664 -0.15491377 -0.05648352 0.05071335 
312983050491740 1379577490885959533 -0.16848777 -0.072184294 0.051707845 
312983115408572 1379577490949924376 -0.18609385 -0.07202981 0.060462285 
312983177609091 1379577491013095763 -0.2049827 -0.06904333 0.060210306 
312983242983727 1379577491077152160 -0.21994326 -0.06665715 0.057381015 
312983318704772 1379577491140201476 -0.23386657 -0.06994901 0.050293263 
312983371291373 1379577491204318908 -0.2468584 -0.080367856 0.039237708 
312983435109472 1379577491267429259 -0.25478077 -0.0841616 0.03441571 
312983495783972 1379577491331333068 -0.2633003 -0.09329791 0.032844096 
312983558533857 1379577491394504455 -0.27352795 -0.10791497 0.029110627 
312983624152659 1379577491458469298 -0.28005013 -0.11699202 0.021100186 
312983686383697 1379577491521640685 -0.28198072 -0.1203458 0.015734965 
312983749530348 1379577491585605529 -0.27819854 -0.10675558 0.009300563 
312983820307091 1379577491648746398 -0.2693733 -0.092792414 0.008820853 
312983876464576 1379577491712741759 -0.26370075 -0.09187552 0.016562741 
312983938634575 1379577491775913146 -0.2570243 -0.10194111 0.018763777 
312984016339443 1379577491839877990 -0.24412122 -0.111618124 0.03334754 
312984068681881 1379577491903079894 -0.22887547 -0.12285226 0.057293486 
312984134666926 1379577491966983703 -0.2155968 -0.13284577 0.07011346 
312984196592762 1379577492030185607 -0.20871256 -0.14342295 0.07937576 
312984259525770 1379577492094150451 -0.2084849 -0.13875003 0.08216099 
312984322275656 1379577492157534210 -0.21355483 -0.124738045 0.062393054 
312984386948324 1379577492221468536 -0.22534649 -0.12197281 0.052630883 
312984449057282 1379577492284639923 -0.2404854 -0.12550926 0.049525827 
312984514218278 1379577492348574249 -0.24802713 -0.12755266 0.03903918 
312984573855085 1379577492411776153 -0.24777043 -0.13415389 0.04044898 
312984638893998 1379577492475832550 -0.2429051 -0.1390659 0.04077323 
312984705153726 1379577492538881866 -0.23775735 -0.14360611 0.04056625 
312984768697141 1379577492602877228 -0.23657365 -0.14796992 0.053374927 
312984831263906 1379577492666048614 -0.23740408 -0.14863124 0.057460614 
312984894105352 1379577492730013458 -0.2370459 -0.12442663 0.051946413 
312984958350735 1379577492793245880 -0.23006731 -0.10290026 0.038025822 
312985022138313 1379577492857180206 -0.21782604 -0.10283613 0.013313671 
312985086475258 1379577492920321075 -0.2081458 -0.11153704 0.006356567 
312985150079715 1379577492984269985 -0.20279373 -0.11286858 0.016781561 
312985211028898 1379577493047471890 -0.19703326 -0.11144718 0.013154787 
312985276373015 1379577493111558804 -0.17798144 -0.106794894 0.0013107964 
312985339702787 1379577493174669155 -0.16384736 -0.10919866 -0.012217095 
312985406725525 1379577493238572964 -0.1655071 -0.121752225 -0.023550067 
312985464561632 1379577493301805386 -0.16890724 -0.12672396 -0.03182578 
312985528929096 1379577493365709194 -0.16761841 -0.12579086 -0.04155536 
312985592319910 1379577493428850063 -0.16937007 -0.13711508 -0.049091015 
312985655741244 1379577493492906460 -0.1769073 -0.15580826 -0.04461037 
312985718582689 1379577493556016812 -0.18314959 -0.16222306 -0.033535376 
312985786215836 1379577493620073208 -0.18551165 -0.16773778 -0.0103289895 
312985849148843 1379577493683153042 -0.18741083 -0.17539419 0.020425456 
312985910769475 1379577493747117886 -0.18688533 -0.18179837 0.038411304 
312985974038207 1379577493810350308 -0.18401077 -0.18564479 0.038872484 
312986048233231 1379577493874284634 -0.18080075 -0.18192253 0.035455495 
312986103047821 1379577493937517056 -0.18239309 -0.1651305 0.043095574 
312986165797706 1379577494001390347 -0.18642573 -0.15741463 0.061040774 
312986230958701 1379577494064561733 -0.1806202 -0.15577257 0.059856135 
312986293067660 1379577494128648647 -0.16135757 -0.1518308 0.0479933 
312986355054535 1379577494191697964 -0.14167532 -0.15332289 0.042423505 
312986418353788 1379577494255754360 -0.12928376 -0.15678419 0.036787402 
312986481469917 1379577494318895230 -0.12298053 -0.15949555 0.042380963 
312986548980980 1379577494382799038 -0.12446315 -0.17266862 0.045449525 
312986610052247 1379577494446031460 -0.13114066 -0.18379375 0.038052637 
312986687818154 1379577494509935269 -0.13938199 -0.18467203 0.033483237 
312986735552017 1379577494573106655 -0.14697435 -0.18698664 0.02719342 
312986802483193 1379577494637405993 -0.15137361 -0.190686 0.0023731969 
312986863401856 1379577494700455310 -0.14732681 -0.19105174 -0.030296618 
312986926701110 1379577494764511706 -0.1394339 -0.19139914 -0.052511543 
312986997264210 1379577494827591540 -0.1364636 -0.19160992 -0.052530624 
312987056504253 1379577494891556384 -0.14273131 -0.17969249 -0.03499362 
312987126426426 1379577494954819323 -0.15692605 -0.15389022 -0.01221045 
312987186002192 1379577495018692614 -0.16804875 -0.13543878 -9.764759E-4 
312987246402010 1379577495081955554 -0.17035146 -0.120079435 -0.0076663326 
312987309151895 1379577495145828845 -0.17381181 -0.10825614 -0.018744975 
312987375899949 1379577495209000232 -0.18159652 -0.10394149 -0.026415834 
312987436727051 1379577495273087146 -0.1842665 -0.105971724 -0.032580253 
312987499568497 1379577495336136462 -0.18113703 -0.11653551 -0.032650646 
312987565828226 1379577495400223376 -0.17424197 -0.13297997 -0.027722558 
312987629157999 1379577495463287251 -0.16813655 -0.14816421 -0.021750152 
312987691480599 1379577495527282612 -0.16498812 -0.16008615 -0.015030114 
312987757923451 1379577495590515034 -0.16456582 -0.1719865 -0.015763784 
312987817499217 1379577495654327290 -0.16782491 -0.18612039 -0.030300211 
312987882049804 1379577495717590229 -0.17717698 -0.18243803 -0.032077897 
312987946508830 1379577495781524555 -0.19134417 -0.17081134 -0.020324262 
312988010265889 1379577495844695942 -0.20901777 -0.16618484 -0.012371561 
312988074145029 1379577495908782856 -0.22831035 -0.15584223 -0.0010465764 
312988136894913 1379577495971832172 -0.24085967 -0.13904412 -0.0010974734 
312988199370115 1379577496035797016 -0.2435461 -0.13176292 -0.0032674272 
312988262760928 1379577496099059956 -0.24575174 -0.13311225 0.004179664 
312988328898576 1379577496162963764 -0.2472711 -0.14179175 0.018686106 
312988390397127 1379577496226196186 -0.24413191 -0.15588461 0.031435564 
312988454032102 1379577496290069477 -0.23418997 -0.16321996 0.043327358 
312988516995630 1379577496353240864 -0.22500116 -0.14891213 0.063231826 
312988582522869 1379577496417327778 -0.21798463 -0.13653266 0.07927789 
312988646676693 1379577496480377094 -0.20513198 -0.13613254 0.08482722 
312988708236283 1379577496544464008 -0.18871538 -0.12774202 0.09491457 
312988770070558 1379577496607513325 -0.17100169 -0.10442417 0.12277408 
312988834285420 1379577496671447651 -0.15280475 -0.09605603 0.14551169 
312988898378203 1379577496734710590 -0.14002062 -0.09925182 0.14672379 
312988961158610 1379577496798614399 -0.13216162 -0.09889887 0.14809696 
312989027509899 1379577496862609760 -0.13431543 -0.10419595 0.14326327 
312989090778630 1379577496925750629 -0.1526444 -0.11074065 0.11659616 
312989154322046 1379577496988922016 -0.16627322 -0.10232091 0.09662327 
312989216797247 1379577497053039448 -0.16808613 -0.09584172 0.10718114 
312989281134192 1379577497116265781 -0.16919188 -0.10224901 0.10766741 
312989346691953 1379577497180352695 -0.16320142 -0.10840407 0.104143776 
312989406817086 1379577497243402011 -0.15339658 -0.11255707 0.11371465 
312989472130684 1379577497307366855 -0.14868261 -0.11659325 0.11199573 
312989534178600 1379577497370629794 -0.15334953 -0.11968921 0.09608149 
312989599370115 1379577497434503085 -0.1577976 -0.11914717 0.07918904 
312989662791449 1379577497497766025 -0.15268007 -0.101693116 0.062455688 
312989725846538 1379577497561791904 -0.14320974 -0.07743044 0.05809491 
312989791007533 1379577497624932773 -0.14273559 -0.07054432 0.06524139 
312989856107487 1379577497688928134 -0.14219789 -0.073883414 0.06266511 
312989917636557 1379577497751946933 -0.13364539 -0.07803645 0.07516283 
312989979196149 1379577497815911777 -0.12962951 -0.08897912 0.08966531 
312990050613820 1379577497879144199 -0.13121505 -0.094141744 0.08529119 
312990108663569 1379577497943061780 -0.12958357 -0.089466795 0.08288814 
312990171443974 1379577498006294202 -0.12786551 -0.08343719 0.08245752 
312990234773748 1379577498071418714 -0.13567385 -0.07758672 0.06925613 
312990298561326 1379577498133369397 -0.14501904 -0.06321232 0.054584466 
312990369490670 1379577498197456311 -0.14649428 -0.052930787 0.07248285 
312990427021572 1379577498260505628 -0.1408968 -0.05347721 0.077835605 
312990491053313 1379577498324592542 -0.13728227 -0.05880335 0.058517966 
312990551605732 1379577498387611341 -0.13824026 -0.06722779 0.06631995 
312990616553085 1379577498451606702 -0.14602837 -0.079440124 0.074796356 
312990680188061 1379577498514869642 -0.15981549 -0.0909376 0.06522284 
312990742724305 1379577498578742933 -0.1730688 -0.09848245 0.05378683 
312990806481362 1379577498642005872 -0.17981017 -0.09839943 0.04730464 
312990919101536 1379577498706245374 -0.18534732 -0.08720067 0.03329581 
312990934331202 1379577498769111585 -0.18313403 -0.0690273 0.027796118 
312991001048736 1379577498833015394 -0.17350806 -0.065716065 0.034329176 
312991060441381 1379577498896247815 -0.16766275 -0.07014239 0.030479291 
312991135857221 1379577498960151624 -0.15894422 -0.070064455 0.033002943 
312991202910478 1379577499023506116 -0.15323241 -0.07371297 0.050268333 
312991272039122 1379577499087623548 -0.15880619 -0.0766042 0.054596562 
312991337444280 1379577499150703382 -0.16922596 -0.07708187 0.05134072 
312991430897659 1379577499214820813 -0.18162644 -0.08200082 0.05873719 
312991467674708 1379577499277870130 -0.19898716 -0.089760214 0.07444119 
312991512722778 1379577499341560315 -0.214846 -0.07472382 0.07967115 
312991574068726 1379577499404945325 -0.22410567 -0.05664724 0.09906415 
312991635658838 1379577499468696546 -0.2283749 -0.054992866 0.11882216 
312991708266804 1379577499531898450 -0.22999868 -0.05840455 0.09843598 
312991778494180 1379577499596503131 -0.23081712 -0.06317708 0.09032314 
312991843472052 1379577499659491413 -0.23146646 -0.0718918 0.10045979 
312991918948933 1379577499723883503 -0.23705462 -0.07775824 0.09998267 
312991951300528 1379577499786444538 -0.24755202 -0.07341128 0.09151214 
312992014874463 1379577499850348346 -0.25848654 -0.066555396 0.08195527 
312992078967245 1379577499913794391 -0.26070672 -0.03702045 0.06082379 
312992151178447 1379577499977484577 -0.26022175 -0.020243088 0.061128166 
312992232637321 1379577500040869586 -0.27067026 -0.03106473 0.069423825 
312992293861188 1379577500105048053 -0.27969268 -0.03512595 0.057676796 
312992331248644 1379577500167792194 -0.28779262 -0.037313 0.06637302 
312992396318078 1379577500231757038 -0.30713218 -0.042450022 0.07463098 
312992459708890 1379577500294928424 -0.3323035 -0.044323295 0.06831518 
312992536650749 1379577500358893268 -0.35360786 -0.046089463 0.07053991 
312992614203015 1379577500422353992 -0.37763336 -0.05569833 0.07150382 
312992662913531 1379577500486654530 -0.40186602 -0.07641503 0.07068366 
312992728898575 1379577500549520741 -0.42088985 -0.07427703 0.053437017 
312992796745363 1379577500613729725 -0.4416111 -0.06556093 0.035587054 
312992859251086 1379577500676626453 -0.47425202 -0.06427002 0.0340745 
312992952307701 1379577500740835438 -0.52081054 -0.057245314 0.00829848 
312992972847911 1379577500803762684 -0.56981313 -0.053489543 -0.011798715 
312993031050262 1379577500867513905 -0.62170154 -0.05399786 -0.0031245765 
312993094624198 1379577500930715809 -0.68297637 -0.058662154 -0.004115936 
312993169246508 1379577500994955311 -0.7496181 -0.05857934 -0.021713516 
312993235353633 1379577501057821522 -0.80882174 -0.053258125 -0.036066707 
312993312020809 1379577501122122059 -0.86173135 -0.042172063 -0.03341144 
312993377425967 1379577501185110340 -0.902887 -0.009488896 -0.02806609 
312993456290609 1379577501249288807 -0.951059 0.0162881 -0.021782842 
312993476006769 1379577501312124500 -1.0206252 0.013123076 -0.0012791367 
312993541228805 1379577501375997791 -1.1042435 -0.0014463686 -0.01022273 
312993607549576 1379577501439260731 -1.1825979 -0.011737549 -0.016464489 
312993676281455 1379577501503378162 -1.2598721 -0.023957308 0.0056032185 
312993730699278 1379577501566457996 -1.3450264 -0.035129216 0.01652916 
312993793723846 1379577501630270252 -1.4288607 -0.03739904 0.0077809845 
312993857267260 1379577501693441639 -1.5005095 -0.03140881 0.0071222377 
312993922184093 1379577501757559071 -1.5679997 -0.030315306 0.018428288 
312993985269703 1379577501820577869 -1.6308601 -0.027727952 0.017629625 
312994049820290 1379577501884725819 -1.6788243 -0.016116723 0.01770142 
312994113394226 1379577501947836170 -1.719164 -0.01417007 0.04874112 
312994175381101 1379577502011738332 -1.7568605 -0.024912328 0.053744864 
312994240236894 1379577502075001272 -1.78587 -0.022199871 0.02567509 
312994302559493 1379577502138874563 -1.8054494 -0.022449646 0.02409264 
312994368422457 1379577502202045949 -1.8254249 -0.03336167 0.039026752 
312994430195692 1379577502266132863 -1.8516859 -0.04133517 0.036978282 
312994491816323 1379577502329182180 -1.8797119 -0.044967167 0.021897145 
312994563050872 1379577502393208059 -1.8969247 -0.03772719 -3.1742878E-4 
312994621558425 1379577502456318410 -1.8964316 -0.014123549 -0.013281145 
312994685010279 1379577502520222219 -1.8934479 -0.009363584 0.014003955 
312994748553695 1379577502583546194 -1.8986286 -0.03177425 0.029246518 
312994813378966 1379577502647480520 -1.896682 -0.044840034 0.01597692 
312994882477089 1379577502710621389 -1.8830446 -0.051491503 0.018784493 
312994937505319 1379577502774555715 -1.8765752 -0.061945498 0.029064078 
312995001872785 1379577502837727102 -1.8785176 -0.07464558 0.02401344 
312995066301292 1379577502901814016 -1.8811663 -0.0871478 0.022546515 
312995130546675 1379577502964863332 -1.8850943 -0.09569417 0.024542108 
312995205321587 1379577503028950246 -1.8911785 -0.09997653 0.018866293 
312995261692715 1379577503092030080 -1.8940673 -0.0951464 0.0112589765 
312995321573685 1379577503155964406 -1.8981036 -0.09347253 0.024358196 
312995388169138 1379577503219196828 -1.9132366 -0.10609724 0.03689549 
312995461662194 1379577503283100637 -1.932996 -0.11453922 0.016362585 
312995526273823 1379577503346272024 -1.9409407 -0.117142975 0.0023916832 
312995593845927 1379577503410328420 -1.9433085 -0.123665914 0.011743359 
312995663829141 1379577503473408254 -1.947775 -0.13243301 0.022163698 
312995729203779 1379577503537464651 -1.9558383 -0.13493547 0.02419149 
312995767476325 1379577503600544485 -1.9680582 -0.13591185 0.021873089 
312995830256731 1379577503664509328 -1.981853 -0.13353872 0.022895657 
312995891480598 1379577503727772268 -1.9910611 -0.11931893 0.016102096 
312995957831887 1379577503791676076 -1.990441 -0.0959286 0.009440866 
312996056046446 1379577503854877981 -1.9802495 -0.08706833 0.025297882 
312996094044309 1379577503918812307 -1.9684561 -0.09247075 0.026128503 
312996149835550 1379577503981953176 -1.9508034 -0.09702181 0.018964514 
312996212158150 1379577504046009572 -1.9275908 -0.10787906 0.04230265 
312996278112674 1379577504109089406 -1.912164 -0.1183482 0.057666093 
312996336986474 1379577504173176321 -1.9110188 -0.12574841 0.052159984 
312996399980521 1379577504236317190 -1.925037 -0.13724042 0.035753947 
312996466514933 1379577504300220998 -1.9458268 -0.14946325 0.022699062 
312996529814186 1379577504363453420 -1.9609109 -0.14096929 0.0070752758 
312996590885451 1379577504427296194 -1.9643872 -0.12730633 0.017245954 
312996655954885 1379577504490589651 -1.9654219 -0.122870386 0.046479236 
312996719681422 1379577504554462942 -1.9658257 -0.12094186 0.0453516 
312996781912462 1379577504615833791 -1.9653958 -0.12025161 0.041349374 
312996846707212 1379577504681782278 -1.96758 -0.12880932 0.048869036 
312996910250627 1379577504744770559 -1.9745269 -0.1403355 0.049696594 
312996974648612 1379577504808857473 -1.9840938 -0.14939588 0.039394844 
312997037551099 1379577504871998342 -1.9965848 -0.14936262 0.024077186 
312997099721100 1379577504935902151 -2.0131483 -0.15357779 0.008607964 
312997163111913 1379577504999165090 -2.0129874 -0.1437775 0.0033955711 
312997229249559 1379577505063007863 -2.0033014 -0.13925524 0.0054436126 
312997291511117 1379577505126179250 -1.9984773 -0.146366 -0.0041348976 
312997354291526 1379577505190266164 -1.9721588 -0.13667753 0.0015833186 
312997418842112 1379577505253703833 -1.9442135 -0.13195218 0.027467843 
312997481714078 1379577505317760230 -1.937311 -0.12667103 0.030727241 
312997546508829 1379577505380809546 -1.9426059 -0.11330081 0.02292087 
312997610143806 1379577505444774390 -1.9499522 -0.0962863 0.026962906 
312997671550796 1379577505508037329 -1.9528317 -0.072472356 0.019445796 
312997737047514 1379577505571910620 -1.9455584 -0.042779267 0.009279936 
312997802727355 1379577505635051489 -1.9377863 -0.022560552 0.009504599 
312997864103824 1379577505699077368 -1.9303665 -0.010390315 -0.0010043093 
312997928532330 1379577505762218238 -1.9213834 -0.0059223 -0.011335002 
312997991862103 1379577505825114966 -1.9183006 -0.0073424084 -0.0016730721 
312998054520426 1379577505889323950 -1.91597 -0.013133044 0.0103381425 
312998117056669 1379577505953349829 -1.9206274 -0.007318724 0.039395295 
312998180478003 1379577506016490698 -1.9394524 0.0043518604 0.083025984 
312998246829294 1379577506080455542 -1.9726831 0.0038557968 0.10630953 
312998309029812 1379577506143626929 -2.0081499 -0.0054673227 0.091443054 
312998371688137 1379577506207591773 -2.0227864 0.019036772 0.069477715 
312998435994561 1379577506270854712 -2.012891 0.030858515 0.073788516 
312998500789311 1379577506334850073 -2.0047386 0.015915932 0.0778729 
312998563508677 1379577506397899390 -1.9774148 0.01665944 0.066746816 
312998626411164 1379577506461986304 -1.9384878 0.021669243 0.07711589 
312998698011958 1379577506525035620 -1.9143244 0.016193641 0.08381721 
312998796012873 1379577506589000464 -1.9092653 0.001927634 0.07553836 
312998816034237 1379577506652263404 -1.9191028 -0.016811376 0.06262563 
312998879852336 1379577506716136695 -1.9384208 -0.033180643 0.05166173 
312998946600390 1379577506779338599 -1.9578379 -0.035732083 0.04920443 
312999007641135 1379577506843272925 -1.9750496 -0.033829477 0.043551486 
312999069689052 1379577506906504090 -1.9981203 -0.045901902 0.036683355 
312999161921618 1379577506971018250 -2.0200748 -0.05257851 0.015949534 
312999217316093 1379577507033518250 -2.0318165 -0.056358203 -0.01708598 
312999282355006 1379577507098001893 -2.0459137 -0.0635259 -0.022101626 
312999341045683 1379577507161142762 -2.057488 -0.06993694 -0.019822778 
312999416888808 1379577507225046571 -2.0639186 -0.0763818 -0.02645364 
312999471764438 1379577507288340028 -2.0648863 -0.0827888 -0.030807508 
312999516690426 1379577507351938660 -2.0624828 -0.08803803 -0.031833347 
312999580386442 1379577507415140565 -2.0561016 -0.08545569 -0.032765247 
312999642892166 1379577507479044373 -2.0437062 -0.07240326 -0.031276867 
312999717880722 1379577507542215760 -2.025048 -0.067923956 -0.037906945 
312999783346920 1379577507606302674 -2.0015411 -0.081796765 -0.052199982 
312999850949545 1379577507669413026 -1.982124 -0.08956184 -0.046622947 
312999918857374 1379577507733713563 -1.9766397 -0.08359132 -0.02052157 
312999980294883 1379577507796961191 -1.973041 -0.072874635 0.0014608501 
313000061723235 1379577507861017588 -1.9605876 -0.0598206 0.016801875 
313000087940235 1379577507923853281 -1.9469175 -0.05667052 0.01977683 
313000150812202 1379577507987726572 -1.9414208 -0.05347427 0.021599274 
313000221039579 1379577508050958994 -1.9449072 -0.042946465 0.03288724 
313000288855846 1379577508115686777 -1.9485123 -0.044249404 0.040572856 
313000358198132 1379577508178247812 -1.9527197 -0.061456095 0.033788633 
313000434682185 1379577508242772097 -1.9655896 -0.07060408 0.020392392 
313000495814490 1379577508305577273 -1.9785734 -0.0709571 0.0057866983 
313000535490975 1379577508369328493 -1.9839762 -0.07670968 -0.007838649 
313000597569411 1379577508432408327 -1.983315 -0.08400717 -0.01725581 
313000660899185 1379577508496396182 -1.9858941 -0.093431294 -0.02074872 
313000732316856 1379577508559598086 -1.9915866 -0.10268262 -0.03203265 
313000797081087 1379577508623562930 -1.9921595 -0.10933127 -0.048967194 
313000870482581 1379577508686947940 -1.9850988 -0.10042368 -0.0514044 
313000937993646 1379577508751248477 -1.9673152 -0.09407463 -0.029797383 
313000998088259 1379577508814084170 -1.9456096 -0.10334217 -0.018246925 
313001043685695 1379577508878272763 -1.9295263 -0.11286678 -0.022265207 
313001110036984 1379577508940955868 -1.9188113 -0.12008762 -0.018121472 
313001168544537 1379577509004920712 -1.907205 -0.1267834 0.003158489 
313001234621145 1379577509068092099 -1.8977243 -0.13077605 0.027372785 
313001315652733 1379577509132392636 -1.8919842 -0.1298758 0.028853549 
313001379867595 1379577509195564023 -1.8921506 -0.13096234 0.018015476 
313001448416354 1379577509259589901 -1.894132 -0.13572645 0.0041950857 
313001508663569 1379577509322669735 -1.8961918 -0.12985617 -0.0069114566 
313001551178447 1379577509386420956 -1.9019685 -0.12081249 0.0019840312 
313001613348445 1379577509449470273 -1.9145077 -0.12461339 0.017084884 
313001675884687 1379577509513465634 -1.9348054 -0.1296159 0.015928298 
313001740801520 1379577509576728573 -1.9487025 -0.12218957 0.0020871595 
313001807641134 1379577509640601864 -1.9525161 -0.1178095 -0.0026612713 
313001869719572 1379577509703970902 -1.9603486 -0.11127605 -0.0011523187 
313001932713621 1379577509767844193 -1.9732798 -0.100941636 -0.0041557313 
313001994700496 1379577509831046097 -1.9839832 -0.09775504 -0.009643775 
313002060685542 1379577509895071976 -1.9913394 -0.09974833 -0.007083728 
313002122000970 1379577509958243363 -1.9975586 -0.08711461 0.01857586 
313002187986015 1379577510022238724 -1.9980191 -0.06486967 0.055763114 
313002249759249 1379577510085318558 -1.993081 -0.06286701 0.07089546 
313002313089020 1379577510149263123 -1.9813029 -0.0796527 0.061357047 
313002376174631 1379577510212526063 -1.9585023 -0.08386738 0.05856377 
313002439840127 1379577510276429871 -1.9357852 -0.07204325 0.06221917 
313002503322502 1379577510339662293 -1.926684 -0.06200007 0.06943011 
313002567995171 1379577510403535584 -1.9207314 -0.044403158 0.09256982 
313002631691188 1379577510466737488 -1.9275697 -0.04064749 0.11431196 
313002694257952 1379577510530793885 -1.9469199 -0.042007584 0.10234214 
313002758930620 1379577510593843201 -1.9617401 -0.018448811 0.072283804 
313002823572769 1379577510657930115 -1.9732453 -0.0033836486 0.067636855 
313002886322655 1379577510720979432 -1.9808472 -6.394833E-5 0.07100071 
313002949560866 1379577510784974793 -1.98638 -0.005301541 0.057253998 
313003011913987 1379577510848207215 -1.9900489 -0.019383173 0.04616525 
313003077380185 1379577510912080506 -1.9884692 -0.028542228 0.034080327 
313003139000817 1379577510975388562 -1.9862802 -0.03733049 0.026773792 
313003202910478 1379577511039383923 -1.9925901 -0.053043857 0.038263705 
313003267064299 1379577511102494275 -2.006644 -0.07751936 0.05663077 
313003330149909 1379577511166428601 -2.0161006 -0.08756469 0.07465683 
313003392472509 1379577511229630505 -2.0142114 -0.08709832 0.0861512 
313003456199046 1379577511293564831 -2.0130858 -0.09910364 0.08688614 
313003519437259 1379577511356766736 -2.0150702 -0.11340791 0.08015017 
313003582705990 1379577511420701062 -2.016691 -0.11901785 0.08281383 
313003647195537 1379577511483933484 -2.0176196 -0.12703817 0.09058412 
313003711501962 1379577511547837292 -2.0193558 -0.13693036 0.08970103 
313003774801213 1379577511611008679 -2.018653 -0.13907112 0.0930569 
313003839046598 1379577511675126111 -2.0191796 -0.1394568 0.103326984 
313003902315329 1379577511738144910 -2.0288355 -0.13219306 0.1120014 
313003966804876 1379577511802231824 -2.039251 -0.11819408 0.10826893 
313004030531414 1379577511865281140 -2.050934 -0.10248634 0.10824394 
313004095448245 1379577511929245984 -2.0574875 -0.09546276 0.11624452 
313004159357906 1379577511992508923 -2.0483742 -0.08408165 0.11398936 
313004225495552 1379577512056412732 -2.0352151 -0.0661575 0.1103162 
313004285559645 1379577512119645154 -2.0286694 -0.061810445 0.105993204 
313004349774508 1379577512183609997 -2.024945 -0.06165695 0.09122362 
313004412310751 1379577512246689831 -2.0247726 -0.06837846 0.07859796 
313004473992424 1379577512310776746 -2.0247738 -0.07711146 0.07623164 
313004542113894 1379577512373856579 -2.0199633 -0.079508394 0.08104493 
313004602452671 1379577512437760388 -2.011107 -0.07767581 0.08684332 
313004668071471 1379577512501053845 -2.0014243 -0.08249666 0.092183635 
313004728044002 1379577512564927136 -1.9897614 -0.08853908 0.08573466 
313004790549726 1379577512628371915 -1.9790777 -0.09246325 0.08456947 
313004857267259 1379577512692306242 -1.971293 -0.10494221 0.09107993 
313004918613208 1379577512755447111 -1.965103 -0.11449807 0.09442323 
313004981790379 1379577512819534025 -1.9587666 -0.122633554 0.10204071 
313005050125494 1379577512882583341 -1.9529754 -0.12379471 0.10655323 
313005112478613 1379577512946792326 -1.9571451 -0.12152026 0.10110405 
313005175136938 1379577513009750089 -1.9635639 -0.10511134 0.082347594 
313005237612139 1379577513073684415 -1.9703876 -0.100844674 0.07520343 
313005299721098 1379577513136947355 -1.9789892 -0.09817286 0.06176882 
313005363020350 1379577513200851163 -1.9738628 -0.08037864 0.037303407 
313005439565444 1379577513264114103 -1.9672203 -0.066783614 0.03427693 
313005493586503 1379577513328017912 -1.9662527 -0.06583639 0.031099891 
313005556153266 1379577513391158781 -1.9658948 -0.07069196 0.032421734 
313005620398650 1379577513455260392 -1.9647096 -0.07207585 0.036133133 
313005683270617 1379577513518340226 -1.9644121 -0.071345076 0.027107226 
313005746386747 1379577513582335587 -1.9643396 -0.062366657 0.016205944 
313005811242538 1379577513645476456 -1.9581223 -0.057071965 0.015853632 
313005873259934 1379577513709532853 -1.9517567 -0.06013718 0.021942938 
313005937902084 1379577513772673722 -1.9522815 -0.06617086 0.021248687 
313005999888959 1379577513836547013 -1.9504342 -0.070338 0.021356044 
313006063890181 1379577513899809952 -1.9440045 -0.074966155 0.026754046 
313006130241470 1379577513963927384 -1.9432633 -0.0821251 0.035959955 
313006191099092 1379577514026854630 -1.9454918 -0.092812315 0.04150092 
313006253787937 1379577514090911026 -1.9415821 -0.10279601 0.038092226 
313006316476782 1379577514153990860 -1.9359579 -0.10275905 0.03547039 
313006382919633 1379577514217955704 -1.9348469 -0.09182977 0.03368235 
313006449637167 1379577514281218644 -1.9359401 -0.083413795 0.021733614 
313006509731780 1379577514345122452 -1.9402058 -0.086067624 0.0028053988 
313006571993339 1379577514408324357 -1.9480472 -0.09318552 -0.0077930996 
313006634346459 1379577514472197648 -1.9530659 -0.09899545 -0.018663948 
313006698927568 1379577514535399552 -1.9586657 -0.11196066 -0.031441435 
313006766377591 1379577514599791642 -1.9670821 -0.12283581 -0.03416906 
313006830165169 1379577514662566300 -1.9788774 -0.12511234 -0.02639326 
313006892548809 1379577514726714249 -1.99492 -0.12838137 -0.013873357 
313006954291523 1379577514790068741 -2.0035715 -0.12576687 -0.006744174 
313007018811592 1379577514853606339 -1.9975984 -0.11423555 0.00281547 
313007080401703 1379577514916869278 -1.9887847 -0.11075911 0.024785755 
313007147424439 1379577514980773087 -1.9829015 -0.11858602 0.04259393 
313007207824255 1379577515044005509 -1.9753661 -0.1270365 0.048746895 
313007271520273 1379577515107997015 -1.9694202 -0.1260953 0.05481666 
313007333171426 1379577515171168401 -1.9638572 -0.120450415 0.05706717 
313007398393461 1379577515235224798 -1.9584748 -0.1209025 0.052572932 
313007462272600 1379577515298304632 -1.9558058 -0.12241044 0.0543916 
313007525785494 1379577515362238958 -1.960994 -0.123364896 0.06664376 
313007589328910 1379577515425471380 -1.9775574 -0.11626175 0.07443683 
313007651834634 1379577515489405706 -1.997462 -0.09757191 0.064938866 
313007725602373 1379577515552638128 -2.022726 -0.08741382 0.0565917 
313007780478003 1379577515616511419 -2.0417728 -0.08969251 0.050531935 
313007843716214 1379577515679713323 -2.0495195 -0.09306862 0.033196595 
313007907198589 1379577515743769720 -2.0586329 -0.09810777 0.015166112 
313007972512185 1379577515806849554 -2.068826 -0.102557756 0.0044699637 
313008036330284 1379577515870905950 -2.0779426 -0.11076909 0.0038398376 
313008099324332 1379577515933985784 -2.0796096 -0.11696338 0.008462926 
313008164180124 1379577515999079778 -2.0694313 -0.104736485 0.008489898 
313008228333946 1379577516061122015 -2.0496328 -0.09334637 0.0022957756 
313008289771456 1379577516125056341 -2.0324829 -0.0944737 -0.013495992 
313008351727812 1379577516188319280 -2.0226443 -0.10215228 -0.027439412 
313008415637471 1379577516252223089 -2.01585 -0.10893017 -0.02716218 
313008480798466 1379577516315424993 -2.0133526 -0.11483685 -0.011927016 
313008545867900 1379577516379450872 -2.0183108 -0.11990384 0.011952063 
313008612707516 1379577516442530706 -2.020878 -0.12274313 0.026808944 
313008670543622 1379577516506617620 -2.0181706 -0.12710463 0.03758915 
313008735185769 1379577516569666936 -2.0182536 -0.12795015 0.051084865 
313008797386289 1379577516633631780 -2.026207 -0.113761514 0.05529142 
313008860624500 1379577516696894720 -2.0370033 -0.09902271 0.048871942 
313008926060179 1379577516760768011 -2.0540645 -0.09549289 0.0503529 
313008991221174 1379577516823939397 -2.0715237 -0.10174638 0.058137894 
313009052139836 1379577516888026311 -2.0782905 -0.097026214 0.058235347 
313009114737120 1379577516951075628 -2.078 -0.093188025 0.05355341 
313009181118930 1379577517015162542 -2.0762947 -0.09788461 0.051238608 
313009243502572 1379577517078211858 -2.074971 -0.097685605 0.048427984 
313009307076507 1379577517142207220 -2.073474 -0.09640284 0.036945567 
313009370894607 1379577517205500677 -2.0699675 -0.09531182 0.027602142 
313009434438021 1379577517269343450 -2.0682435 -0.081285484 0.033141952 
313009496913222 1379577517332575872 -2.0677662 -0.07083668 0.04408311 
313009559907272 1379577517396479681 -2.0637355 -0.072089925 0.04772691 
313009623633809 1379577517459620550 -2.0550842 -0.07366762 0.0449849 
313009689008447 1379577517523707464 -2.047193 -0.07109989 0.04702317 
313009753864237 1379577517586817815 -2.042161 -0.07196843 0.061615344 
313009813287402 1379577517650843694 -2.0389555 -0.08111601 0.08151601 
313009907259629 1379577517713893011 -2.0384371 -0.09201 0.09399872 
313009941503487 1379577517777827337 -2.0419142 -0.105391935 0.09089872 
313010011608783 1379577517841120794 -2.046615 -0.10531722 0.08293668 
313010086872020 1379577517904963567 -2.0557249 -0.08704693 0.07470368 
313010136803349 1379577517968165472 -2.069665 -0.079177596 0.070815355 
313010196287556 1379577518032252386 -2.084572 -0.083823964 0.067237526 
313010259037440 1379577518095301702 -2.0961843 -0.08539781 0.05317239 
313010324106874 1379577518159358098 -2.0983825 -0.084171236 0.04764052 
313010388047055 1379577518222468450 -2.094563 -0.08415617 0.054204922 
313010455222393 1379577518286757433 -2.0887194 -0.08188918 0.05402474 
313010536376064 1379577518350020373 -2.0811026 -0.078243226 0.055532884 
313010580050717 1379577518413954699 -2.0778801 -0.07917206 0.070314474 
313010643227889 1379577518477156603 -2.08389 -0.0737537 0.066915624 
313010707320670 1379577518541029894 -2.0824797 -0.06518489 0.0387966 
313010769612750 1379577518604201281 -2.0675642 -0.06834992 0.013690795 
313010831752227 1379577518668288195 -2.0502741 -0.07760171 0.0297545 
313010896333335 1379577518731368029 -2.0362916 -0.08730829 0.06562856 
313010960853403 1379577518795424425 -2.0274823 -0.09145888 0.0866106 
313011024030574 1379577518858473742 -2.0224512 -0.091571935 0.096530385 
313011086170052 1379577518922408068 -2.0193598 -0.08848637 0.09401757 
313011151514170 1379577518985609972 -2.0165179 -0.0861673 0.080286294 
313011214447177 1379577519049605334 -2.0174155 -0.08576137 0.082089484 
313011278021112 1379577519112837755 -2.0237021 -0.07577176 0.07772978 
313011340435274 1379577519176741564 -2.0293388 -0.06910984 0.07296052 
313011403704006 1379577519239912951 -2.0358613 -0.07836777 0.07656704 
313011468254593 1379577519303969347 -2.0469108 -0.092426956 0.07271553 
313011532866221 1379577519367049181 -2.05561 -0.09807867 0.0682209 
313011596226514 1379577519431105578 -2.0588946 -0.100995146 0.054260008 
313011659403686 1379577519494154894 -2.0597024 -0.10888047 0.04027242 
313011721726285 1379577519558150255 -2.0604439 -0.11835511 0.032831065 
313011784720334 1379577519621352160 -2.0577624 -0.12573734 0.026540058 
313011873107332 1379577519685255968 -2.053593 -0.13055275 0.035790637 
313011940740477 1379577519748427355 -2.0559804 -0.12716335 0.0509173 
313011978311056 1379577519812483752 -2.061989 -0.12568852 0.066138946 
313012047592301 1379577519875563586 -2.063581 -0.12994507 0.07010783 
313012103841347 1379577519939679720 -2.0574865 -0.13806775 0.05929282 
313012165980825 1379577520002759554 -2.0508063 -0.14177807 0.05994634 
313012229280077 1379577520066724398 -2.0481646 -0.13910459 0.07002713 
313012295051480 1379577520129987337 -2.048909 -0.13595851 0.075211436 
313012373122592 1379577520193891146 -2.049 -0.13128799 0.08185171 
313012428639149 1379577520257123568 -2.0425313 -0.12664942 0.09014215 
313012496241774 1379577520320996859 -2.036918 -0.1267626 0.0909122 
313012588443820 1379577520384229281 -2.0370245 -0.124100246 0.08076324 
313012614111453 1379577520448133089 -2.0402524 -0.10881436 0.08519871 
313012674358667 1379577520511304476 -2.0506387 -0.095423646 0.09531371 
313012743639912 1379577520575269320 -2.0701685 -0.09948645 0.09456624 
313012810052243 1379577520638440706 -2.089281 -0.10466514 0.0983906 
313012872222241 1379577520702375033 -2.1022305 -0.09793272 0.10246437 
313012931492805 1379577520765576937 -2.1090806 -0.09541044 0.097539306 
313013021711025 1379577520829541781 -2.1095521 -0.100682445 0.08944146 
313013067064298 1379577520892713167 -2.1054199 -0.105190925 0.081533864 
313013153864237 1379577520956800081 -2.0987508 -0.1117106 0.07838075 
313013185452823 1379577521019879915 -2.0926044 -0.10736524 0.08103694 
313013248050107 1379577521083936312 -2.0846417 -0.09721727 0.08743776 
313013312905898 1379577521146985628 -2.0797598 -0.09854358 0.08967505 
313013374801212 1379577521211072542 -2.0783918 -0.104290776 0.0812492 
313013438344629 1379577521274121859 -2.0740921 -0.10272238 0.08387231 
313013511990286 1379577521338086702 -2.0722606 -0.09702955 0.09727808 
313013577120761 1379577521401349642 -2.0766973 -0.09773263 0.104488246 
313013633095124 1379577521465222933 -2.087334 -0.09968113 0.106143825 
313013694959918 1379577521528394320 -2.1053758 -0.10248869 0.10917504 
313013757068877 1379577521592481234 -2.1315007 -0.103638716 0.10827784 
313013821039577 1379577521655530550 -2.160623 -0.092079274 0.09559726 
313013883362177 1379577521719647982 -2.1846635 -0.07531866 0.09260176 
313013946936113 1379577521782666781 -2.2084548 -0.07226719 0.0934182 
313014013562085 1379577521846631624 -2.2441769 -0.07741456 0.08582233 
313014075426881 1379577521909894564 -2.2833831 -0.07945033 0.08456459 
313014143243147 1379577521973798372 -2.321467 -0.07644858 0.08306574 
313014202544231 1379577522037000277 -2.3602722 -0.07419966 0.07647673 
313014267308461 1379577522100904085 -2.3998253 -0.07607662 0.059856202 
313014330302509 1379577522164075472 -2.4344044 -0.0790556 0.041887563 
313014391953662 1379577522228070833 -2.4650042 -0.0881384 0.042603776 
313014455374995 1379577522291211702 -2.4990218 -0.09121491 0.044071335 
313014520688592 1379577522355298617 -2.5329878 -0.07208228 0.039398868 
313014581851419 1379577522418408968 -2.5746014 -0.066674426 0.06107597 
313014644509742 1379577522482312777 -2.6419985 -0.08485488 0.07613512 
313014707808996 1379577522543561556 -2.724883 -0.097549684 0.047956783 
313014775014855 1379577522609479525 -2.8212297 -0.09299126 0.03813997 
313014838436189 1379577522672620394 -2.9160166 -0.08173927 0.059375145 
313014900911391 1379577522736707308 -3.0203915 -0.06848468 0.065874636 
313014965248336 1379577522799756624 -3.1285136 -0.060932014 0.062733166 
313015030439851 1379577522863965609 3.0443797 -0.059669722 0.07119583 
313015092274126 1379577522926892855 2.9472754 -0.053280532 0.06876448 
313015157251998 1379577522990857699 2.8692486 -0.04340775 0.059574727 
313015218109621 1379577523054120638 2.8185697 -0.030694654 0.07023483 
313015281775119 1379577523117993929 2.783416 -0.033292223 0.08443297 
313015347424439 1379577523181645245 2.7531328 -0.0487868 0.07838855 
313015410845771 1379577523245518537 2.727373 -0.054914184 0.042866856 
313015473961903 1379577523308689923 2.7117429 -0.050936077 0.03176142 
313015536009819 1379577523372746320 2.7048545 -0.05261374 0.053228363 
313015608770387 1379577523435826154 2.6917238 -0.05129492 0.05551059 
313015675793124 1379577523499882550 2.6709323 -0.05285947 0.03995917 
313015742968463 1379577523562962384 2.6497085 -0.065519735 0.036757305 
313015814203014 1379577523626927228 2.6349528 -0.06866038 0.02409275 
313015882385525 1379577523690068097 2.641185 -0.049767464 0.008597559 
313015920474949 1379577523752812238 2.6587534 -0.045188293 0.021623507 
313015991465335 1379577523817295880 2.6703613 -0.06433911 0.03315936 
313016043868814 1379577523881291242 2.6843264 -0.078537226 0.017837917 
313016106984946 1379577523944340558 2.703804 -0.08293441 0.031591102 
313016174282366 1379577524008457990 2.7234433 -0.0832576 0.06159015 
313016234956866 1379577524071537824 2.7353988 -0.08053702 0.06519874 
313016308877209 1379577524135502667 2.7410357 -0.07558376 0.07153148 
313016364698970 1379577524198735089 2.7326818 -0.07853125 0.07700886 
313016432667838 1379577524262638898 2.7115602 -0.09102667 0.0815909 
313016498897046 1379577524325871320 2.6974044 -0.10672319 0.09783454 
313016555756499 1379577524389775128 2.6997645 -0.11433267 0.12103024 
313016618079101 1379577524452915997 2.7037718 -0.13144787 0.15966214 
313016682782291 1379577524517002912 2.6900115 -0.15971465 0.19586356 
313016743700953 1379577524580052228 2.6550214 -0.15518819 0.1804887 
313016808312580 1379577524644169660 2.621859 -0.121305615 0.16395593 
313016872954729 1379577524707188458 2.5953891 -0.10813791 0.15861256 
313016934880566 1379577524771153302 2.5648983 -0.105696395 0.1454362 
313016997172645 1379577524834445478 2.545853 -0.10422212 0.12803012 
313017060868662 1379577524898288251 2.5446148 -0.09431251 0.11432785 
313017124289997 1379577524961032392 2.5520682 -0.08649835 0.10958289 
313017189450991 1379577525025577070 2.55713 -0.08515851 0.10720829 
313017251559948 1379577525088656904 2.5595667 -0.09273562 0.095706716 
313017315378048 1379577525152713300 2.583286 -0.0697701 0.101636715 
313017379623431 1379577525215793134 2.6212726 -0.0518773 0.108419485 
313017443563611 1379577525279849531 2.643134 -0.07758315 0.10623277 
313017506923903 1379577525343020917 2.6568472 -0.11288929 0.11040274 
313017573153111 1379577525406924726 2.6687057 -0.13889103 0.10542088 
313017635414671 1379577525470157148 2.6847353 -0.15145084 0.10395392 
313017696180734 1379577525534030439 2.6965935 -0.16070402 0.11636916 
