#SysTm EventTmStmp La:x La:y La:z
312936759663117 1379577444407343319 0.122965336 0.2173608 -0.17824173 
312936775991516 1379577444597956112 -0.18252301 0.61398715 0.43299294 
312936834102305 1379577444661524227 0.5183461 0.0565027 1.1886139 
312936894868367 1379577444723505428 -0.49422675 -1.1280531 1.3146973 
312936959235831 1379577444788660457 -0.14976788 -0.36342886 -1.2044067 
312937024122143 1379577444852228572 0.3084402 -0.36000985 -1.0133734 
312937089038975 1379577444915766170 0.81847924 -0.1856122 0.49854088 
312937148523181 1379577444979364803 0.15525407 -0.28622246 -1.059372 
312937212951687 1379577445042963436 -0.19795221 0.018425763 -1.1230335 
312937278204243 1379577445106165340 -0.0035134554 0.7812535 -1.0767183 
312937339458630 1379577445170038631 -0.5399367 0.44475526 0.4949684 
312937467186390 1379577445303840390 -0.4190464 1.1214805 0.8861933 
312937531309691 1379577445367011777 -0.34253198 0.7236922 0.66054916 
312937595097269 1379577445430976621 0.68305564 -0.7724557 3.1792831 
312937656839982 1379577445494148007 0.17671852 -0.6139235 -0.11780548 
312937722336701 1379577445558143369 0.59277177 -0.09809762 -1.9407024 
312937784903466 1379577445621284238 0.5020193 -0.681275 -1.6036253 
312937850522265 1379577445685371152 0.499783 -0.07165122 1.2390642 
312937912753305 1379577445748420468 0.30333334 0.7382445 -1.3892345 
312937976479841 1379577445812415830 0.6203276 0.938711 -1.0270252 
312938039779094 1379577445875648251 0.61381483 0.9739021 -0.3420906 
312938102437419 1379577445939552060 0.43423387 1.0247246 0.47793865 
312938165126263 1379577446002784482 0.6343078 0.67901444 1.4596767 
312938230958707 1379577446066657773 0.028471828 0.6426885 -0.3248663 
312938293830674 1379577446129859677 -0.48457617 -1.6029631 3.5269613 
312938356519518 1379577446193946591 -0.62162066 -0.10794222 -1.6357584 
312938419269405 1379577446256995908 -0.6492472 -0.4384963 -0.69795513 
312938485559652 1379577446320930234 -0.2870403 -0.26133043 -0.81016636 
312938549194629 1379577446384193173 -0.2633252 0.2732975 -1.622819 
312938610998383 1379577446448096982 0.39059162 1.0148528 -0.96221733 
312938673870349 1379577446511329404 -0.08974823 0.73239493 -0.827508 
312938739153427 1379577446575233212 0.05884543 0.9465951 0.78196526 
312938801872791 1379577446638404599 -0.28551987 0.96083677 1.4871645 
312938865080483 1379577446702522031 -0.3644246 -0.3487953 3.1473408 
312938928135572 1379577446765540830 0.10132998 -1.1879721 1.23281 
312938993540729 1379577446829836927 0.54950815 -0.5956645 -2.3701792 
312939056962064 1379577446892977796 1.1119124 -0.9469007 -0.7944536 
312939119254143 1379577446956881605 0.60633814 -0.17231727 -0.50200844 
312939184293057 1379577447020114027 0.85137105 0.12531257 -1.7413664 
312939248355319 1379577447084017835 0.6868796 0.67467797 -1.4984932 
312939311349367 1379577447147250257 0.4997931 0.52630806 -0.51907253 
312939374648620 1379577447211154066 -0.19895953 0.19556952 0.6439829 
312939436696536 1379577447274325452 -0.3931987 -6.428957E-4 0.44168568 
312939501888051 1379577447338381849 -0.30995834 -1.1435888 4.3099413 
312939565767192 1379577447401461683 -1.2449354 -0.55451167 -0.011460304 
312939629463208 1379577447465396009 -0.22760719 -0.4881333 -0.39336967 
312939691205922 1379577447528658949 0.29255736 0.38994753 -1.8149681 
312939756427956 1379577447592562757 -0.31627038 0.6196773 -1.8441591 
312939820062933 1379577447655779247 -0.22009107 0.5545529 -0.09247112 
312939882782299 1379577447719774608 -0.22282723 0.7581805 0.30630207 
312939945379582 1379577447782823925 -0.12935603 0.6171354 1.3494968 
312940011212026 1379577447846941356 -0.32840687 -0.5134157 1.9120512 
312940074847002 1379577447909990673 0.58322954 -1.1572518 2.4746284 
312940142541187 1379577447974047069 1.0373422 -0.5510042 -2.1120691 
312940201506548 1379577448037126903 1.2385247 -0.6075052 -0.40548515 
312940265172044 1379577448101091747 0.4603908 -0.16019511 -0.19494438 
312940329051183 1379577448164324169 0.7021954 0.28440893 -2.3816366 
312940392319914 1379577448228197460 0.5388665 0.7328266 -1.4040909 
312940457938717 1379577448291460399 0.45704973 0.87480825 0.6581249 
312940517880727 1379577448355333690 0.39779073 0.42964554 1.2022362 
312940584079414 1379577448418535595 -0.056198597 0.26015782 1.0597868 
312940645761087 1379577448482591991 0.17097707 -0.9014707 4.135103 
312940709701268 1379577448545671825 -0.5335142 -0.6648364 -0.8118391 
312940772573234 1379577448609728222 -1.107627 -0.60067546 -1.261693 
312940844540271 1379577448672960644 -0.60899 -0.36406606 -1.188961 
312940927830367 1379577448737017040 -0.8136736 0.27941012 -1.6359453 
312940971016697 1379577448800188427 -0.3897523 0.75414073 -0.9159813 
312941028486557 1379577448863878612 0.011749521 0.79910475 -0.28001785 
312941094624203 1379577448927049999 0.33074802 0.6368438 -0.29642105 
312941154810377 1379577448991991405 0.43045136 0.4339242 1.264122 
312941219696689 1379577449054338817 0.18408361 0.053536654 1.1938591 
312941290351350 1379577449118730907 0.5599581 -0.41931295 4.042363 
312941357648773 1379577449181597118 0.19645429 -0.5484671 -2.126068 
312941428456035 1379577449245592479 0.9592571 -0.38630104 -1.4392262 
312941491022799 1379577449308940994 0.28627336 -0.6142276 0.04026699 
312941555603906 1379577449372936355 0.15723449 0.34087735 -1.2967968 
312941604436504 1379577449436077224 0.44348046 0.783908 -1.3779154 
312941663493424 1379577449499797927 0.7616898 0.5380398 -0.6824112 
312941726182268 1379577449562969314 0.22109507 0.3214501 0.6625328 
312941799858446 1379577449625072585 -0.6737502 0.440476 0.040477753 
312941866087654 1379577449690136062 0.15760404 -1.2024927 4.2684574 
312941931065528 1379577449754161941 -0.34265727 -0.5559046 0.44333744 
312942000468854 1379577449817424880 -1.4298695 -0.2776789 -1.5733633 
312942065233085 1379577449881511794 -0.59906876 -0.3741277 -1.5887041 
312942120352877 1379577449944591628 -0.23157433 0.3113209 -0.73739815 
312942180722173 1379577450008617507 -0.16062507 0.8564755 -0.6322298 
312942251712560 1379577450072063552 -0.22852877 0.8968344 0.81928825 
312942317819686 1379577450135737219 -0.48447376 0.89263946 1.0501451 
312942376388281 1379577450198847570 -0.41971278 -0.59444374 3.1203508 
312942425892324 1379577450262720861 0.38865668 -0.6290542 1.3321934 
312942557160446 1379577450383143225 1.4006674 -0.57281166 -0.20658398 
312942630897666 1379577450446711340 0.6592953 -0.36455977 -0.08398056 
312942679394537 1379577450510157385 0.7550156 0.68815565 -2.0911903 
312942745501663 1379577450573817053 0.3135801 1.2199544 -1.7923193 
312942807427499 1379577450637354650 0.63741124 0.6917032 -0.069485664 
312942877166550 1379577450700983801 0.29692024 0.54884964 0.95405006 
312942939824874 1379577450764704504 0.08387965 0.44696248 0.6546383 
312943015576440 1379577450826807775 -0.3679725 -0.78780085 2.2942019 
312943063554465 1379577450891688146 0.16257435 -0.15605678 0.6233921 
312943129417428 1379577450955256262 -0.26183236 0.29890734 -1.0010958 
312943189328919 1379577451018702307 -0.09493995 -0.031625032 -0.95670795 
312943256443218 1379577451082941809 -0.022400439 0.30283266 -1.2965164 
312943329722633 1379577451145869055 -0.061784327 0.7153461 -1.7861099 
312943406633971 1379577451209864416 0.01898247 0.9490998 -1.1427221 
312943443624662 1379577451273035803 0.26298344 0.78447807 0.12955475 
312943506923916 1379577451336573400 0.08528888 0.49959219 1.2762766 
312943575167467 1379577451400385656 0.08613339 0.19778037 0.7683468 
312943637856311 1379577451463648596 0.21547139 -0.63858443 2.7865086 
312943697279476 1379577451527338781 0.52911985 -0.15801346 -1.3544855 
312943765309385 1379577451590815344 0.4164402 -0.47573906 0.055113792 
312943827204701 1379577451652582922 0.16919333 -0.26797694 -0.90248966 
312943898439249 1379577451718281248 0.31877196 0.48479748 -1.2196598 
312943950995331 1379577451781757810 0.2809306 0.8158298 -1.3557291 
312944014477704 1379577451845417478 0.55326325 0.8676895 -0.7316961 
312944080371188 1379577451909016111 0.5639309 0.597741 0.19545746 
312944143273677 1379577451972492674 0.49132064 0.35051793 0.45314693 
312944208587273 1379577452035603025 0.500074 -1.015915 3.7191238 
312944268926050 1379577452099598387 -0.3064779 -0.53350335 1.4378843 
312944333110392 1379577452163197019 -0.9260775 -0.2780611 -0.99842644 
312944396928490 1379577452226856687 -0.38969082 -0.4443274 -0.35955906 
312944460807631 1379577452290333250 0.22184306 0.10480237 -1.3805275 
312944523862719 1379577452353992918 0.119799614 0.6252753 -1.638443 
312944588840592 1379577452417469480 0.02324009 0.79569477 -1.16294 
312944650125500 1379577452481050344 -0.04029405 0.81418663 -0.16576767 
312944714554005 1379577452544740529 0.12727398 0.817065 0.5470886 
312944777151290 1379577452608156057 -0.1715185 0.655391 1.3943834 
312944842373325 1379577452671846242 0.17981535 -0.96563107 2.531784 
312944904054998 1379577452735292287 0.5091363 -0.036163986 0.27000046 
312944971474500 1379577452798860402 1.1210247 -0.19157404 -1.0848751 
312945044112987 1379577452861421437 0.27051055 -0.10176712 0.32957268 
312945113607874 1379577452925996633 0.44368446 0.19578111 -0.89882374 
312945180294887 1379577452989656301 0.4924547 0.7747875 -2.119193 
312945255344483 1379577453053224416 0.94811267 0.6333872 -0.087864876 
312945311227286 1379577453116731496 0.8745906 0.23921716 -0.08419514 
312945363111918 1379577453180360646 0.41055655 0.23279905 0.78077126 
312945414355624 1379577453243806691 0.11108136 -0.785113 1.8724947 
312945476311980 1379577453307496877 -0.14844793 -0.56158227 2.1500015 
312945539824874 1379577453371064992 -0.8707411 -0.13866442 -1.1354847 
312945605993042 1379577453434541555 -0.6737707 -0.5960182 -0.26492023 
312945670818312 1379577453498170705 -0.23579055 0.13186508 -1.1043949 
312945737078041 1379577453561708303 -0.32465982 0.65183425 -1.8505774 
312945803124125 1379577453625306935 -0.5383829 1.0561361 -1.4381409 
312945863096657 1379577453687288137 -0.45268586 1.1766468 -0.48454475 
312945931126568 1379577453752443166 -0.16868179 0.72621197 1.3093157 
312945986582084 1379577453816072316 -0.18041897 -0.20343351 0.9842138 
312946048599481 1379577453879548879 0.506241 -1.8818552 3.163844 
312946113150068 1379577453943116994 0.42226738 -0.506474 -0.46577072 
312946176937646 1379577454006776662 1.1248854 -0.55359256 -1.151968 
312946303871875 1379577454140224071 0.48289758 -0.0491215 -0.9936447 
312946366286037 1379577454204127880 0.5151629 0.6442562 -1.6767054 
312946432454204 1379577454267329784 0.82555866 0.98470795 -0.5265169 
312946499812665 1379577454331386181 0.60017586 0.79438347 -0.53537846 
312946559235831 1379577454394435497 0.64884126 0.36472034 1.1209221 
312946622779246 1379577454458705517 0.6843339 0.36578816 0.5626917 
312946692518296 1379577454521632763 -0.08306509 -1.1389682 2.9071856 
312946747882252 1379577454585597607 -0.11811668 -0.18642467 -0.27839565 
312946814325102 1379577454648799511 -0.32426983 -0.43907994 -0.4455576 
312946875365848 1379577454712672802 -0.016241312 -0.38162184 -0.40284348 
312946940282679 1379577454775905224 0.33068323 0.022625804 -1.1113777 
312947002177994 1379577454839931103 -0.044178545 0.46729898 -1.9670324 
312947067430551 1379577454902980419 -0.30070323 0.5598924 -0.78652954 
312947129264824 1379577454967036816 -0.21799153 0.80355513 0.11577511 
312947194425820 1379577455030116650 0.13429952 0.7678673 0.47321987 
312947256595818 1379577455094112011 -0.010209441 0.96594024 0.8000107 
312947319925591 1379577455157344433 0.2027331 -2.9570704 1.9136248 
312947386154799 1379577455221217724 0.55268425 -1.1221168 1.6655827 
312947449484571 1379577455284480663 1.0018771 -0.54257774 -1.490902 
312947511563009 1379577455348353954 0.38053292 -0.8457798 -0.42607975 
312947575564229 1379577455411525341 0.038089335 -0.2823546 -2.053895 
312947639901174 1379577455475612255 1.1930567 0.1085763 -1.744916 
312947703963436 1379577455538661571 0.85693955 -0.026299834 -0.4698515 
312947766591240 1379577455602779003 0.70249987 -0.06951904 1.1822128 
312947828913841 1379577455665797802 -0.17807424 -0.70155644 0.24415207 
312947894196917 1379577455729762646 -0.07390213 -1.5720344 2.0747566 
312947957221485 1379577455792934032 -0.3002966 -0.6815994 -0.31128502 
312948019452526 1379577455856898876 -0.65287757 -0.792199 0.34447384 
312948083209583 1379577455920161816 -0.23296684 -0.8630315 -0.7288742 
312948146844559 1379577455984065624 0.19497713 -0.3090043 -1.0023766 
312948211669830 1379577456047206493 -0.050353885 0.33324397 -1.2703848 
312948275152204 1379577456111323925 -0.25462154 0.41571748 -0.3295412 
312948338909263 1379577456174342724 -0.5064873 0.123881936 -0.27464962 
312948403704013 1379577456238429638 0.049482346 0.16611731 1.4233723 
312948466057134 1379577456301570507 0.030661523 0.43148744 1.5402851 
312948528013490 1379577456365443798 -1.0190564 -1.231083 3.3014326 
312948591434823 1379577456428706737 0.7864096 -1.0288758 0.033449173 
312948656656859 1379577456492549511 1.6553562 -1.0279734 -0.51123524 
312948719925590 1379577456555751415 0.9529974 -1.2024997 -0.4117422 
312948784018373 1379577456619807812 0.59174097 -0.5476494 -1.5654545 
312948846829299 1379577456682857128 0.49368465 0.16027665 -1.6093416 
312948911563008 1379577456746974560 0.73108405 0.20919192 -0.088484764 
312948974373935 1379577456810023876 0.79290605 -0.013341665 0.52773094 
312949036635494 1379577456873988720 0.48816413 0.54953027 1.0014782 
312949099965267 1379577456937251659 -0.16313404 -0.82090485 0.3788376 
312949164760018 1379577457001124950 -0.54975456 -1.3250817 2.8192778 
312949226472210 1379577457064326855 -0.7171484 -0.48335207 -0.99647427 
312949290198748 1379577457128261181 -0.51033866 -0.6370268 -0.2493496 
312949355664946 1379577457191402050 -0.123024106 -0.44096518 -0.39345932 
312949417560262 1379577457255488964 0.16146708 0.03669679 -1.6993427 
312949480798473 1379577457318925865 -0.12834865 0.46467543 -0.37140274 
312949545379581 1379577457382982261 -0.27185768 0.6073309 -0.27573776 
312949607641141 1379577457446031578 -0.20466393 0.71077156 0.53545475 
312949673076819 1379577457510026939 0.031149685 0.4048668 0.9637575 
312949746325712 1379577457573228843 0.25111622 -1.031853 2.474288 
312949802239036 1379577457637193687 0.19631201 -1.3571712 1.5002375 
312949864927881 1379577457700365074 1.3217716 -0.32620215 -0.99657536 
312949926456950 1379577457764482506 0.344965 -0.62357724 -0.6004467 
312949994700502 1379577457827470787 0.48796523 0.050577164 -1.8504944 
312950059647857 1379577457891557701 0.69243115 0.50492334 -0.6485863 
312950119467786 1379577457954637535 0.72030973 0.5611719 -0.43058205 
312950183774209 1379577458018571861 0.7484833 0.13549101 1.6902323 
312950248568959 1379577458081804283 0.40885395 0.39034414 0.6444082 
312950307015472 1379577458145708092 -0.30567306 -1.3095312 2.410738 
312950385178148 1379577458208940513 -0.20602506 -1.0909635 0.79956627 
312950437642667 1379577458272874840 -0.9116769 -0.24756372 -1.4513483 
312950500331511 1379577458336015709 -0.31886888 -0.94066465 -0.8363638 
312950565889271 1379577458400072105 -0.13752991 -0.5853077 -0.3834257 
312950628120310 1379577458463182457 -0.11277595 0.20634878 -1.4295359 
312950688825332 1379577458527238853 -0.3643285 0.3201698 -1.3371973 
312950754108408 1379577458590349205 -0.52143145 0.31651235 0.45828438 
312950819055760 1379577458654283531 -0.46847463 0.6056895 -0.05859852 
312950880615352 1379577458717485435 -0.20018148 0.34268248 0.754302 
312950943426278 1379577458781389244 -0.13022572 -1.3815659 2.2163572 
312951006511887 1379577458844591148 0.22611797 -1.0043131 1.631321 
312951071215076 1379577458908525474 0.8382106 0.29196298 -0.9897394 
312951135460460 1379577458971782341 1.0264887 -0.8035424 -0.08805561 
312951199003876 1379577459035838738 0.52881086 -0.44302833 0.17673492 
312951262486250 1379577459098918572 0.6653597 0.031436324 -1.6581192 
312951326823195 1379577459162883415 0.9323036 0.60630727 0.091340065 
312951390061405 1379577459226054802 0.61527145 0.56425214 -1.5888214 
312951454123667 1379577459290050163 0.6850087 0.537447 1.208252 
312951517300840 1379577459353282585 0.33027184 0.27067947 0.39804935 
312951579592919 1379577459417155876 -0.10983415 -0.8943596 2.6411295 
312951643319456 1379577459480327263 -0.33623356 -1.163062 0.647933 
312951707076513 1379577459544383659 -0.6927415 -0.30084467 -1.3308344 
312951773549885 1379577459607463493 -0.42769143 -1.0802407 0.10066223 
312951837093299 1379577459671550407 -0.44121867 -0.31528735 -0.31179142 
312951899354860 1379577459734569206 -0.33102465 0.080112815 -1.5683985 
312951963417121 1379577459798747673 -0.09588194 0.43288386 -1.5364599 
312952027662505 1379577459861796989 -1.0153122 0.53181994 -0.07826519 
312952088214923 1379577459925700798 0.10422087 0.565078 -0.3697405 
312952151605736 1379577459988963738 -0.25796247 0.30646038 0.30841923 
312952217285578 1379577460052837029 0.21000081 -0.17436802 1.7942877 
312952277654875 1379577460116008415 -0.25121236 -1.3142632 3.0512629 
312952343426277 1379577460180064812 1.0190742 -0.014926791 -1.3534403 
312952423694857 1379577460243144646 0.82438135 -0.9526005 0.038010597 
312952483087501 1379577460307201042 0.11943054 -0.5656787 0.07393551 
312952544647091 1379577460370280876 0.42875302 0.057620525 -2.0702438 
312952620093453 1379577460434184685 0.7100984 0.35771465 0.39746952 
312952687329832 1379577460497478142 0.8056985 0.71174634 -0.09345913 
312952735063695 1379577460561381950 0.73886204 0.4447776 0.953248 
312952801872790 1379577460624553337 0.24187613 0.296934 0.16737461 
312952863157697 1379577460688579216 -0.109404564 -1.0737303 2.7882128 
312952931126567 1379577460751689568 -0.2725687 -0.5105946 -1.0200768 
312953005474193 1379577460815745964 -0.095813274 -0.4241264 -0.7408438 
312953054001587 1379577460878825798 0.48531163 -0.58320725 -0.3193369 
312953127586204 1379577460942790642 0.051641107 -0.19072849 -0.78397274 
312953170711490 1379577461007121697 0.09876728 0.70302105 -1.14925 
312953234438028 1379577461069926872 0.14438832 0.8739836 -0.19320393 
312953315866380 1379577461133159294 -0.42164195 0.9866974 0.2944765 
312953375472668 1379577461197154655 -0.062747896 0.4754607 0.81797886 
312953436452373 1379577461260234489 -0.31008887 0.8677145 0.7608433 
312953515530656 1379577461324321404 0.75589395 -0.46663737 2.9518871 
312953551880420 1379577461387401238 0.34574568 -0.5478667 -0.0012989044 
312953614966030 1379577461451427116 0.29901075 -0.30688947 -1.0814896 
312953677532793 1379577461514567986 0.9387206 -0.53282213 -0.29899788 
312953742052861 1379577461578471794 -0.2847448 -0.3522607 -1.2565813 
312953807244376 1379577461641673698 0.32004374 0.68161476 -1.08601 
312953870604669 1379577461705638542 0.1577034 -0.021493912 -0.9646263 
312953931736974 1379577461768870964 0.44114137 0.37125933 0.25478935 
312953997203173 1379577461832744255 0.14140564 0.47659743 0.13088608 
312954060563467 1379577461895885124 0.11151129 0.30550456 0.42949104 
312954123343872 1379577461959849968 -0.20225331 -1.1097493 3.1250076 
312954186948329 1379577462023051872 -1.034963 -0.33516145 -0.44513035 
312954251529436 1379577462087138786 -1.1168306 -0.35530645 -1.2184772 
312954314737126 1379577462150514484 -0.5708938 -0.6301865 0.69966507 
312954377181809 1379577462214540363 -1.387693 -0.38406855 -1.0270987 
312954442434365 1379577462277742267 -1.0803516 0.07040495 -1.2124119 
312954504451761 1379577462341646076 -0.9538317 0.16236866 -1.0062437 
312954567201646 1379577462404817462 -0.23110026 0.50370955 -0.2662754 
312954631416510 1379577462468873859 -0.7269388 -0.29670745 0.8722925 
312954695417732 1379577462531892658 -0.7622577 0.54716045 0.33191013 
312954758747503 1379577462596010089 -0.63232416 -1.2791228 3.2631521 
312954823511735 1379577462659150958 -0.73793375 -0.538303 0.188797 
312954887451914 1379577462722993732 -0.9854323 -0.6195466 -0.9718523 
312954948645260 1379577462786195636 1.0536567 0.08558032 1.1588354 
312955014477704 1379577462850160480 -0.94162744 -0.7113668 -0.9151726 
312955078265281 1379577462913423419 -0.5300135 -0.001455903 -1.7806387 
312955139306026 1379577462977418781 0.11222941 0.012250751 -1.570571 
312955205321592 1379577463040468097 0.50944495 -0.036630422 -0.6514025 
312955266575978 1379577463104524494 0.17761047 -1.1757336 1.8865547 
312955332011658 1379577463167604328 0.60910696 -0.17304023 1.0600891 
312955395677154 1379577463231660724 -0.83054817 -0.26959175 1.2502108 
312955458701723 1379577463294771076 -1.0456356 0.71502876 -1.5370712 
312955523099709 1379577463358735919 -1.5114182 -1.0662543 1.0404072 
312955586887286 1379577463422029376 -0.3502566 0.41161177 -0.08909607 
312955650186539 1379577463485841632 -1.4229488 0.23271143 -2.4374914 
312955713424750 1379577463549013019 -1.0235113 0.44373664 -1.4013968 
312955777120767 1379577463612977863 -0.30102262 0.5525248 0.3889761 
312955837795268 1379577463676149249 -0.30159777 -0.022377372 0.89372444 
312955921329528 1379577463740236163 -0.120286 0.018653452 1.4133635 
312955984384616 1379577463803554033 -0.5188112 -1.3807099 3.0922298 
312956055771767 1379577463867457842 -0.22701284 -0.28612745 0.18218803 
312956123710115 1379577463930690263 0.0072437786 -0.51892793 -1.6488438 
312956156733160 1379577463994594072 1.2176102 -0.2799914 0.4565115 
312956225739721 1379577464057795976 -0.2490387 -0.62479806 -0.11026001 
312956286627864 1379577464121852373 0.52381873 0.6175332 -1.673809 
312956348736821 1379577464184901689 0.29827082 0.13218462 -0.9316759 
312956411913992 1379577464248988603 0.45266402 0.1561144 -0.18969822 
312956474633358 1379577464312068437 0.5940184 0.45185775 0.36676884 
312956545898426 1379577464376124834 -0.035130695 -0.031733155 0.015350342 
312956603368288 1379577464439174150 -0.20130205 -0.9037216 2.653533 
312956672741094 1379577464503138994 -0.3211176 -1.8705536 1.534915 
312956738420935 1379577464566324061 -0.70156974 -0.70841336 0.009930611 
312956794669982 1379577464630319422 -0.6139655 -0.45418346 -1.8919735 
312956857664030 1379577464693521326 0.117255956 -0.49203193 -0.29397774 
312956920352875 1379577464757425135 -0.35280377 -0.40512878 -0.54289246 
312956989206835 1379577464820627039 -0.4901722 0.4214138 -1.7930584 
312957049423529 1379577464884683436 -0.068038344 0.609652 -0.246171 
312957109853867 1379577464947732752 -0.18863377 0.68848443 0.21212196 
312957176388278 1379577465011697596 -0.10220456 0.2046814 1.2370625 
312957239321286 1379577465074960535 0.27173948 -0.72213894 1.0374079 
312957303261466 1379577465138833826 -0.10083872 -1.4126976 2.4776878 
312957366743840 1379577465202005213 0.65452284 -0.39749175 -1.1575136 
312957430684021 1379577465265970057 1.1258447 -0.7266211 -0.6375294 
312957492121530 1379577465329110926 0.23650935 -0.73456204 -0.45080376 
312957557923453 1379577465393167322 0.6002452 0.20690107 -1.5450697 
312957620764900 1379577465456277674 0.714591 0.38170087 -1.0748129 
312957682110848 1379577465520334070 0.28999323 0.32804418 -1.0294409 
312957747668608 1379577465583413904 0.6746897 0.30832314 1.0243721 
312957810784739 1379577465647378748 -0.3528843 -0.9552325 1.6824579 
312957873809307 1379577465710611170 -0.5861361 -0.92476594 1.5300493 
312957938909261 1379577465774514979 -0.8881428 -0.38087702 -0.26636314 
312958003673492 1379577465837777918 -0.6893296 -0.84426564 -0.49669838 
312958065874010 1379577465901651209 -0.15153766 -0.13979203 -0.11554241 
312958130790843 1379577465964822596 -0.49951535 0.006287396 -1.4160519 
312958191678985 1379577466028787440 -0.41951117 0.6462438 -1.1666288 
312958256199052 1379577466091958826 -0.34306082 0.5380852 -0.1757021 
312958318918418 1379577466156045740 -0.16962792 0.5082736 -0.11981678 
312958384445657 1379577466219398956 -0.27295083 0.4865389 1.4132385 
312958446524094 1379577466283272248 0.41280976 -0.46641695 -0.02204609 
312958508846694 1379577466346443634 -0.38291278 -1.0587617 3.9518223 
312958574953821 1379577466410438996 0.6408849 -0.39397264 -2.072339 
312958637642666 1379577466473671417 0.7413221 -1.120234 -0.069042206 
312958702590018 1379577466537575226 -0.044317544 -0.71915877 -0.23689461 
312958765065220 1379577466600716095 -0.026186027 -0.073661685 -1.4736948 
312958829127481 1379577466664803009 0.21445796 0.14815092 -1.4369144 
312958891968929 1379577466727852326 0.015763685 0.35786605 -0.47346973 
312958962287866 1379577466791847687 0.054138407 0.3663453 0.38135624 
312959019055759 1379577466854988556 0.21932876 0.43732512 1.7231741 
312959083575825 1379577466918953400 -0.27327377 -1.1921483 2.0909662 
312959144769174 1379577466982155304 -0.35205412 -1.000255 1.6549664 
312959208312588 1379577467046195829 -0.74376243 -0.1751014 -1.0094204 
312959274175551 1379577467109275663 -0.69636905 -0.46695352 -0.9344244 
312959337505325 1379577467173362577 -0.4239547 -0.11774886 -1.132865 
312959399186997 1379577467236411894 -0.44244313 0.37897122 -1.354394 
312959463462901 1379577467300468290 -0.3369215 0.6499512 -1.5668535 
312959526517989 1379577467363548124 -0.4333365 0.40690327 0.36868572 
312959588901630 1379577467427482450 -0.20011935 0.5968617 0.73015213 
312959653635342 1379577467490745390 -0.16847225 0.6788727 1.0838823 
312959717545001 1379577467554557645 -0.17379743 -1.2500352 3.0277424 
312959780416967 1379577467617881620 0.64618844 -0.8026763 -0.49174786 
312959846737736 1379577467681785429 0.97452796 -0.55961585 -0.8727026 
312959911929251 1379577467744956815 0.38184106 -0.88662493 0.12994766 
312959973244681 1379577467809013212 0.25923467 -0.51374674 -0.31364918 
312960041823957 1379577467872093046 0.8283607 0.45540857 -1.7053661 
312960101338683 1379577467936088407 1.09104 0.5353303 -0.16883183 
312960162745671 1379577467999320829 0.6501031 0.5333493 -0.8601999 
312960225953362 1379577468063194120 0.47063994 0.45918596 1.2676153 
312960288031802 1379577468126365507 0.07820845 0.40462053 0.3221302 
312960355024018 1379577468190299833 -0.33653927 -0.7410486 2.376731 
312960416980373 1379577468253501737 -0.43478155 -0.5994401 2.180626 
312960484827161 1379577468317588651 -0.1405971 -0.62247145 -1.2071991 
312960544036683 1379577468380637968 -0.6380534 -0.152987 -0.6191435 
312960606542406 1379577468444663847 0.062013507 0.3213427 -2.18641 
312960671031952 1379577468507774198 -0.22164786 0.35638785 -0.64445686 
312960736192947 1379577468571739042 -0.19463599 0.4667163 -1.0425682 
312960799400639 1379577468635001981 -0.0528301 0.48049724 1.1395493 
312960865416203 1379577468699146117 -0.043433547 0.62765956 0.80940914 
312960926945276 1379577468760974730 0.36993507 -0.6545348 2.1091404 
312960988657468 1379577468826251830 -0.0919797 -0.8866719 1.831274 
312961053421698 1379577468889423217 0.826747 0.05660212 -2.1879606 
312961117453440 1379577468953479613 0.29575592 -0.980235 0.077557564 
312961178066899 1379577469016559447 -0.15642749 -0.47598612 -1.0833921 
312961244631832 1379577469080615844 0.11060396 0.44442773 -1.9848537 
312961305642055 1379577469143695678 0.29431823 0.6572645 -1.3632822 
312961371871262 1379577469207660521 0.13081217 0.7349055 -0.027030945 
312961432515243 1379577469270892943 0.16361052 0.74578726 0.35301208 
312961512661740 1379577469334796752 -0.008147299 0.641595 1.1217012 
312961567323727 1379577469397998656 0.31500673 -0.7989018 2.115034 
312961632789926 1379577469461963500 0.055757403 -0.7507132 1.4685593 
312961686475261 1379577469525147109 -0.62137175 0.06680548 -0.7192087 
312961753162275 1379577469589234023 0.045619264 -0.5912154 0.10689831 
312961816400486 1379577469652283339 -0.011701077 -0.17999077 -0.97173405 
312961879516617 1379577469716248183 -0.3002324 0.37838686 -1.6861887 
312961943029511 1379577469779450087 -0.13868895 0.54393005 -1.5178814 
312962006878129 1379577469843353896 -0.5180191 0.5483836 -0.20420933 
312962071062473 1379577469906616835 -0.5365639 0.5556679 0.12544918 
312962134789010 1379577469969788222 -0.30279273 0.72065306 1.5696688 
312962197905141 1379577470033692030 0.09308815 -0.48743093 2.1120691 
312962260380343 1379577470097748427 -0.088886425 -0.6475769 0.9278822 
312962327311520 1379577470160797743 0.8722538 -0.03832376 -1.1417894 
312962388352264 1379577470224854140 0.41052687 -0.79261804 -0.24083042 
312962449789773 1379577470287903456 0.5192146 -0.0538584 -0.4400034 
312962516263145 1379577470351898818 0.3352133 0.34493577 -0.9775839 
312962577700654 1379577470415161757 0.37938946 0.67577314 -2.5131102 
312962641793436 1379577470479035048 0.68454146 0.5445926 0.3989315 
312962704482280 1379577470542236952 0.13307688 0.656042 0.67509747 
312962767964655 1379577470606171278 0.20922184 0.3528999 1.4209614 
312962831080786 1379577470669342665 -0.4488733 -1.6666523 2.8072042 
312962895967097 1379577470733399062 -0.35923207 -0.036910295 -0.87402725 
312962959724156 1379577470796478896 -1.0836191 -0.38750172 -0.7054539 
312963028456033 1379577470860535292 -0.62293345 -0.7429112 0.36467552 
312963085681731 1379577470923645644 0.4052386 0.50897527 -1.9930229 
312963153040194 1379577470987579970 -0.69512784 1.1155591 -0.6912241 
312963215393313 1379577471050842909 -0.53015333 1.007068 -0.58350086 
312963278662045 1379577471114897180 -0.80799913 0.87807155 1.0962887 
312963340771003 1379577471178068567 0.027970135 0.5582807 0.21635246 
312963404955346 1379577471242124964 0.088718474 -1.4030185 2.7172842 
312963476983425 1379577471305204798 0.5249272 -0.92181766 -0.8706541 
312963547516005 1379577471369230676 1.2913792 -0.5644475 -0.33955002 
312963614325101 1379577471432402063 0.5927403 -0.53649545 -0.5865011 
312963686170057 1379577471496305872 0.058012724 -0.30940187 -0.74094677 
312963729966793 1379577471559538294 0.9257547 0.9112623 -1.201683 
312963785452829 1379577471623442102 1.4099488 0.9189086 -0.047314644 
312963848294275 1379577471686644006 0.38656116 0.43291497 0.22299099 
312963912142894 1379577471750578333 0.46291858 0.25619447 1.0301485 
312963976724002 1379577471813749719 0.06495832 0.5666101 0.47946358 
312964043594138 1379577471877806116 0.010278337 -0.99453497 1.7818861 
312964108846694 1379577471940885950 -0.182776 -0.17369854 -0.5287247 
312964171718661 1379577472004926520 -0.559852 -0.27176845 -1.0576315 
312964240694703 1379577472068036872 -0.15600722 -0.20588744 -0.7652674 
312964296272300 1379577472131971198 -0.5547805 -0.299474 0.091217995 
312964357648769 1379577472195234138 0.11701098 0.94571346 -1.2343178 
312964424183181 1379577472259137946 -0.15282553 0.9149856 0.33521748 
312964486566821 1379577472322339850 0.20889668 1.3588269 -0.8737869 
312964549316707 1379577472386274177 -0.67023 0.5819336 1.0237617 
312964613836775 1379577472449415046 0.16701356 1.384179 0.9505615 
312964676250936 1379577472513501960 0.8328016 -0.36154735 3.7741594 
312964739092383 1379577472576551276 -0.022820443 -0.6114362 -0.13651752 
312964803704011 1379577472640516120 0.064489126 -0.7023051 -0.9648371 
312964867491589 1379577472703779059 0.96375436 -0.21683013 0.45495224 
312964931736973 1379577472767652350 0.18521696 0.28215802 -1.560298 
312964993784890 1379577472830884772 -0.09757829 0.6232079 -1.4793291 
312965057328305 1379577472894819098 0.47870642 0.5609069 -1.055315 
312965122519821 1379577472957990485 0.5545689 0.48711562 -0.16786766 
312965185666470 1379577473022046882 -0.6682941 -0.4294926 1.0112934 
312965249087805 1379577473085096198 0.0732851 0.80241585 -1.0443144 
312965311166242 1379577473149152595 -0.3059121 -1.2766076 5.195511 
312965394151134 1379577473212293464 -1.0785775 -0.008648753 -1.4221125 
312965460410862 1379577473276197272 -0.27332783 -0.33881903 0.4623356 
312965528288172 1379577473339399177 -0.31481737 -0.4743551 -0.91994095 
312965569124429 1379577473403364020 -0.29606473 0.044285655 -1.4059601 
312965632087957 1379577473466565925 -0.26107737 0.5974548 -1.3620834 
312965717392397 1379577473530469733 -0.117669255 0.641881 0.7002754 
312965774831738 1379577473593883949 -1.3493075 0.40898037 1.636816 
312965821588949 1379577473657940345 1.0609009 -0.82241654 4.376752 
312965884247274 1379577473721020179 0.79696417 -0.2872584 0.30149937 
312965946905597 1379577473785076576 0.9776407 -0.18732285 -1.4716396 
312966012463357 1379577473848247963 1.5032783 -0.3441887 1.0669489 
312966074724917 1379577473912243324 0.21987617 -0.02300191 -1.4684868 
312966139794351 1379577473975384193 0.3200974 0.43713808 -2.1104927 
312966212280235 1379577474039257484 0.9057128 0.5885657 -0.6496248 
312966269139689 1379577474102459388 0.6638178 0.6624001 0.039767265 
312966329417424 1379577474166485267 0.20577514 0.80706966 1.4301758 
312966394425817 1379577474229565101 -0.09676999 -0.057908297 -0.10039234 
312966457725071 1379577474293652015 -0.20480871 -0.73085976 2.5331802 
312966519132059 1379577474356701332 -0.9583194 -0.6057652 -1.8701763 
312966585452828 1379577474420680797 -0.42572948 -0.652804 -1.0575647 
312966648599478 1379577474483943737 0.106079966 -0.73936737 -1.5342598 
312966712020812 1379577474547878063 -0.13865167 -0.13550329 -0.94119835 
312966773610924 1379577474611049449 -0.44346523 0.8780614 0.06553078 
312966837398502 1379577474674922740 -0.6493355 0.98725235 -1.2154303 
312966902193252 1379577474738094127 -0.19453621 0.60112166 0.23510742 
312966966835400 1379577474802181041 -0.7520115 0.2163173 0.7386751 
312967029280083 1379577474865230358 1.3007878 -0.88017595 2.7808275 
312967091907886 1379577474929317272 -0.41893604 -1.0810881 1.3474407 
312967162593069 1379577474992366588 -0.040154696 -0.296403 -1.281436 
312967220703858 1379577475056361949 1.6802646 -0.16110495 0.4542675 
312967284674558 1379577475119594371 0.42827117 -0.25041497 -1.3492079 
312967347790689 1379577475183498180 0.45626253 0.5438656 -2.2453012 
312967411089940 1379577475246730602 0.6269777 0.4154064 -0.77727795 
312967473656704 1379577475310725963 0.46448097 0.57998335 0.04589367 
312967537810527 1379577475373805797 -0.04323718 0.46664184 0.5385504 
312967600438331 1379577475437831676 0.09506923 0.9991712 0.9012432 
312967667064304 1379577475500911510 -0.031753823 -1.0300305 4.607851 
312967728868057 1379577475564937389 -0.43008232 0.4472884 -1.9529839 
312967792380952 1379577475628108776 -0.93383265 -0.16016555 -0.88639164 
312967854581471 1379577475692012584 0.5163467 -0.21403897 -1.5360479 
312967919559344 1379577475755275524 -0.32176945 0.04127431 -1.0619268 
312967982400791 1379577475819148815 -0.7866083 0.114628434 0.012022018 
312968046035767 1379577475882320201 -0.9346793 0.12693655 -1.3199482 
312968110403232 1379577475946285045 -1.1761267 0.79737884 1.0722399 
312968174160290 1379577476009456432 -0.5253971 0.26128906 1.5544434 
312968237703706 1379577476073783692 0.27533337 -0.293548 0.034989357 
312968300880876 1379577476136802491 0.73156977 -0.75030804 -1.6287966 
312968363752843 1379577476200767335 1.4567753 -0.017890275 0.645401 
312968426563769 1379577476264030275 0.58209765 0.2669465 -0.6464138 
312968491724766 1379577476327903566 0.15480474 0.6413945 -1.3421669 
312968555207140 1379577476391166505 0.5188218 0.72980726 -0.30283165 
312968617621300 1379577476455131349 1.1778625 1.030353 0.0419693 
312968683850507 1379577476518211183 -0.22075716 0.18019229 0.8451557 
312968745776345 1379577476582328614 0.48555416 1.1600866 -0.50397396 
312968826044923 1379577476645377931 -0.30183238 -2.0479324 5.0065126 
312968891022795 1379577476709556398 -0.081885755 0.19957632 -2.2127419 
312968950323879 1379577476772819337 -0.36168316 -0.22644114 -0.9126358 
312969014508222 1379577476836784181 -0.11863679 -0.0019944906 -0.5640917 
312969080584827 1379577476899998335 -0.3569413 0.085458875 -0.62431526 
312969150598564 1379577476963993696 -0.6880617 0.41549015 -1.3106213 
312969211425665 1379577477026951460 -0.6290612 0.28696847 -0.05622959 
312969264225908 1379577477091404585 -0.7111932 0.6221515 0.86790276 
312969322123055 1379577477153935103 -0.4475559 0.7116749 1.4639349 
312969384384614 1379577477218235640 -0.032295063 0.16060078 -0.5411501 
312969444723392 1379577477281040816 0.12100501 -0.7967284 2.9852514 
312969507656399 1379577477345005659 -0.24012879 -0.43999028 -2.155095 
312969570894610 1379577477408238081 1.2028923 -0.3342011 1.1798038 
312969636238727 1379577477472141890 0.052602902 -0.17802775 -1.6547928 
312969699446419 1379577477535343794 -0.120273545 0.34229946 -1.6015568 
312969773702484 1379577477599705366 0.65913653 0.55257547 -0.729516 
312969831111304 1379577477662693648 0.99045724 0.3624221 0.27556324 
312969896028137 1379577477727604536 0.14900109 0.10682988 0.41562462 
312969978555223 1379577477789890913 0.74641603 0.121010065 -0.0022764206 
312970015667996 1379577477853581099 -0.024778515 -1.0103033 3.5721493 
312970085620689 1379577477916721968 -0.8113631 0.4054861 -1.4704924 
312970145593221 1379577477981083540 -0.7567712 -0.73104715 -0.31365108 
312970215057589 1379577478043919234 -0.5714026 -0.3906666 -0.08294296 
312970279028290 1379577478107853560 -0.5027498 0.4442582 -1.0888958 
312970355115578 1379577478171299605 -0.8085581 0.44256818 -1.1073608 
312970418872636 1379577478235356001 -0.5899628 0.654215 -0.66038895 
312970481866685 1379577478298527388 -0.6499338 0.3748771 1.4727144 
312970550995328 1379577478362522749 -0.23000844 0.8112114 0.63353825 
312970608831434 1379577478425572066 0.42839238 -0.4849344 1.0760841 
312970668346160 1379577478489689497 0.54650563 -0.2062012 1.7013597 
312970765950311 1379577478552981247 0.2863638 -0.73854643 -1.6016016 
312970780416967 1379577478616610398 1.4890864 -0.15906447 0.48013973 
312970846340972 1379577478679812302 0.39431345 0.15291548 -1.9730597 
312970909579182 1379577478744051804 0.80705905 0.6870184 -0.5202303 
312970978097419 1379577478806887497 0.3562569 0.019418538 2.1476784 
312971048202715 1379577478871340622 0.70968246 0.83926696 0.77102757 
312971116110542 1379577478935213913 0.08182499 -1.490069 3.0389404 
312971181393619 1379577478998507370 -0.8200384 -0.7988994 -1.0131464 
312971277746434 1379577479061343064 -1.1800956 0.07547063 -2.7265902 
312971287787637 1379577479125155319 -0.46242905 -0.2787369 0.14650726 
312971353131754 1379577479188845505 -0.65118694 -0.1596874 0.33705807 
312971421039582 1379577479252535691 -1.2438483 -0.16912103 -0.9759636 
312971491419560 1379577479315523972 -0.5131774 0.36533248 -0.72622013 
312971560548204 1379577479379533846 -0.21275492 0.27944767 -0.24199867 
312971630500897 1379577479442857821 -0.31841886 0.15823567 0.9414301 
312971684003109 1379577479507127840 0.012330577 0.49483544 -0.1416626 
312971734300684 1379577479569719393 0.8149815 -1.0097258 3.7314816 
312971796073918 1379577479633684237 -0.2913967 -0.8317123 -1.3031149 
312971859769935 1379577479696916659 0.6080875 -0.2678918 -0.48913956 
312971937596884 1379577479761186678 0.58246535 -0.10902515 -0.1848545 
312972002269553 1379577479824327547 -0.11975922 0.21721512 -1.9731493 
312972067979915 1379577479888322909 0.38519064 0.61742646 -0.8926163 
312972135582541 1379577479951402743 0.6670498 0.61484146 0.2713642 
312972188657467 1379577480015581209 0.3641262 0.4389152 1.0048409 
312972240816783 1379577480078264315 0.1504098 0.3072701 0.27802467 
312972307381714 1379577480143327791 0.739954 -0.14267051 2.6054144 
312972376754521 1379577480205644686 -0.47982007 -0.60764796 0.047245026 
312972453085973 1379577480269365389 -0.9809947 -0.31600937 -1.0798178 
312972508877214 1379577480332841952 -0.08666095 -0.51918167 -0.30740833 
312972578494182 1379577480396776278 -0.32718277 -0.11894083 -0.4750967 
312972652384004 1379577480460069735 -0.25415894 0.3487279 -1.308095 
312972698744449 1379577480524004061 -0.41021788 0.14516538 -0.26881218 
312972799095434 1379577480587083895 -0.30611438 0.38244385 0.14759636 
312972815332272 1379577480650865633 -0.1984565 0.1552262 0.26683807 
312972880340665 1379577480714098055 -0.39530516 0.35443833 1.0138912 
312972947638087 1379577480778001864 -0.6204813 -0.99966943 1.6879683 
312973007519057 1379577480841417391 0.14049172 -0.16754547 0.3592224 
312973080371185 1379577480905046541 0.5291958 -0.52432793 -0.78905296 
312973152887590 1379577480968553621 0.28181225 -0.4745647 -0.03469181 
312973216858291 1379577481032731094 0.07073116 0.14898895 -1.8609781 
312973262516768 1379577481095841446 0.7994536 0.81758654 -1.3116064 
312973324747807 1379577481159623184 0.538951 0.23547047 -0.27606392 
312973388840590 1379577481222916641 0.22957942 0.38778484 -0.0726614 
312973457602988 1379577481286759415 -0.086339444 0.24562128 0.66913414 
312973529203781 1379577481349900284 0.571942 0.4174717 0.06235504 
312973597386294 1379577481414048233 -0.5847564 -0.1568836 -1.6686563 
312973661173871 1379577481477219620 -0.6698752 -0.6310872 -0.14801025 
312973728257649 1379577481541550674 0.24023288 -0.17688331 -0.45546818 
312973816431006 1379577481604538956 -0.70177484 -0.22301948 -0.38398075 
312973832087957 1379577481668107071 -0.42988333 0.3303274 -1.5161438 
312973899385377 1379577481731217422 -0.40134537 0.1697602 -0.4050722 
312973958228655 1379577481795243301 -0.006721139 0.31386855 0.91214466 
312974033400333 1379577481859008667 -0.7268747 0.19668272 1.6479235 
312974100331509 1379577481922485229 -0.05254969 0.564813 -1.1946669 
312974169673794 1379577481985900757 -1.3357912 -2.4393756 4.5347795 
312974231813272 1379577482049896118 -0.8191536 -0.21691361 -3.651186 
312974276342496 1379577482112914917 0.50147927 -1.0224977 1.078886 
312974339367065 1379577482176727173 -0.27311605 -0.90045947 -0.046219826 
312974406237201 1379577482239990112 -1.116897 -0.5968707 -0.8099394 
312974467857832 1379577482304209424 -0.4445939 0.104542136 -1.0832272 
312974543853559 1379577482367075635 -0.5911174 -0.41865814 -0.25225735 
312974595951836 1379577482431070997 -0.9692364 -0.34800005 -1.2826014 
312974655710724 1379577482494211866 -0.40723166 -0.68647975 -0.12618923 
312974719376221 1379577482558146192 -0.620963 -2.125923 2.5464516 
312974782828075 1379577482621348096 -0.5714408 -0.8098803 1.0208578 
312974849087803 1379577482685312940 -0.97331005 -0.3501278 -1.4567947 
312974912356536 1379577482748514844 0.22839054 0.031352326 0.9678097 
312974974740176 1379577482812479688 -1.0934023 -0.43316007 -0.37107658 
312975038314112 1379577482875712110 -0.7313768 0.52640617 -1.5762548 
312975105153727 1379577482939707471 -0.60984826 0.36660022 -0.027704239 
312975167384767 1379577483002756788 -0.2231654 0.41955367 0.5448389 
312975230531417 1379577483066858109 -0.06909534 0.19533724 1.9233313 
312975293281302 1379577483130029496 -0.13655412 0.24087076 0.5847988 
312975356611075 1379577483194116410 -0.31895414 -1.2927887 3.7299433 
312975421283743 1379577483257257279 -0.5605409 -0.03756742 -1.3951569 
312975486139536 1379577483321130570 0.0063275695 -0.09630944 -1.5289259 
312975548553696 1379577483384393510 1.236084 0.23417225 -0.536355 
312975612066591 1379577483448297318 -0.2764077 -0.5519509 -0.031115532 
312975673900866 1379577483511478903 0.027095497 0.3329175 -0.79954815 
312975737657923 1379577483575413229 0.24895498 0.21671224 -0.94790936 
312975804619621 1379577483638584616 0.42529836 0.31112957 -0.12088966 
312975867247424 1379577483702549460 -0.39163736 -0.38243306 1.4752913 
312975929570025 1379577483765751364 0.16085011 -0.35121787 -0.004925728 
312975992075748 1379577483829685690 -0.67634654 -1.6810443 2.6168919 
312976055222398 1379577483892826559 -0.8779099 0.06323236 -1.0739822 
312976120749638 1379577483956821921 -0.44725686 0.05761677 0.10402584 
312976185056063 1379577484019993307 -0.55802083 0.11897707 -1.6739502 
312976248904681 1379577484084080221 -0.7750975 0.48805487 -1.6901913 
312976313302666 1379577484147160055 -0.56010014 0.062199354 -0.94631577 
312976372786873 1379577484211185934 -0.16508652 0.58973444 0.5553694 
312976453330135 1379577484274265768 -0.5015268 0.005646467 1.2076416 
312976516720948 1379577484338306290 -0.04899612 -0.16056645 0.27794552 
312976580569568 1379577484401569230 0.02145937 -1.2209599 3.4575157 
312976644784430 1379577484465473039 0.14037213 -0.31349105 -2.0439453 
312976714187758 1379577484528888566 0.49047667 -0.7296736 0.37029266 
312976784201491 1379577484592578751 0.19170082 -0.64095485 0.22308826 
312976824763067 1379577484655780656 0.70611185 0.45197016 -1.7879152 
312976894013792 1379577484719837052 0.7208126 0.38033295 -0.5824852 
312976961524854 1379577484782927108 0.2920202 0.4161445 -0.49924374 
312977011364624 1379577484846983505 -0.04991597 0.482435 0.025213242 
312977074267110 1379577484910124374 -0.2164795 -0.0046564937 1.0174875 
312977136528670 1379577484974028182 -0.6429095 -0.22419226 0.22220707 
312977201170819 1379577485037199569 -0.31620595 -1.503599 3.728572 
312977265355161 1379577485101133895 -1.1796943 -0.3404684 -1.4251213 
312977330485637 1379577485164427352 -0.9686799 -0.31641108 -0.3270197 
312977400529890 1379577485228422714 -0.4553349 -0.2920078 -0.7266035 
312977458152354 1379577485291502548 -0.17763647 0.15801597 -1.6981163 
312977526517988 1379577485355589462 -0.29301828 0.5119923 -0.64980793 
312977583346920 1379577485418608261 -0.091202736 0.36269677 -0.66132736 
312977645669522 1379577485482725692 0.2217919 0.73348784 0.7138777 
312977709518140 1379577485545744491 -0.24361187 0.36876202 1.0081053 
312977773549881 1379577485609785016 0.773878 0.14399892 1.2043686 
312977835475717 1379577485673047955 0.29512197 -1.0097213 2.047801 
312977901002957 1379577485736921246 0.05133283 -0.6458471 -1.9273052 
312977965278860 1379577485800123151 1.2817152 -0.4988131 0.090312004 
312978028547593 1379577485864057477 0.43029875 -0.4195804 -0.8079281 
312978091205917 1379577485927228863 0.14351982 0.26647335 -1.8903723 
312978155237658 1379577485991315777 0.4723094 0.7328357 -1.0007582 
312978218201185 1379577486054365094 1.2598202 0.9074706 0.8759985 
312978280737429 1379577486118329938 -0.1994738 -0.3777637 1.434514 
312978344586050 1379577486181592877 0.18853253 0.36321044 -0.00182724 
312978409380799 1379577486245466168 -0.20720634 -1.3182751 4.969122 
312978472893693 1379577486308729108 -0.66354024 -0.3222921 -0.4034376 
312978534880569 1379577486372632916 -1.2678266 -0.40963638 -1.0418234 
312978598271382 1379577486435773785 -1.0275176 -0.59206104 0.6710453 
312978662730411 1379577486499860699 -0.65062714 0.25154683 -1.7862511 
312978726456947 1379577486562910016 -0.22333062 0.764412 -1.5768175 
312978791617942 1379577486626996930 0.3358432 0.8293336 0.053461075 
312978851437872 1379577486688459332 0.24632922 0.73010486 0.055869102 
312978918063844 1379577486754011090 0.46517366 0.52586466 -0.39796352 
312978981546220 1379577486817274029 -0.30947798 -1.757899 5.298785 
312979045455879 1379577486881147320 -0.032068312 -0.5186509 -1.9576788 
312979106862868 1379577486944410260 0.8495191 -0.5519511 -0.84273434 
312979172329066 1379577487008283551 0.7914254 -0.41947567 0.15583229 
312979235445196 1379577487071454938 -0.51657647 -0.21353859 -1.8430777 
312979298042480 1379577487135541852 -0.081086576 0.8071553 -1.4869299 
312979361707976 1379577487198591168 0.04482627 0.98183924 -0.53052235 
312979427479379 1379577487262796374 -0.106367886 0.91166866 1.5660515 
312979489893540 1379577487325937243 0.20987058 1.0750375 1.2094908 
312979552216141 1379577487389810534 0.43669713 -0.11081231 2.2283678 
312979616827769 1379577487453073474 -0.089235604 -1.5670719 1.8145943 
312979680951072 1379577487516946765 -0.24961662 -0.18918645 -2.4069242 
312979744830210 1379577487580118152 -0.458928 -0.4651559 -1.4764271 
312979808221025 1379577487644296618 -0.3576192 -0.6098499 2.0273962 
312979876250934 1379577487707254382 -0.3534672 0.24230886 -1.255929 
312979935490978 1379577487771341296 0.028257996 0.7518582 -1.6491566 
312979996867446 1379577487834421130 -0.44077507 0.4849772 0.3474064 
312980071459236 1379577487897470446 -0.2024435 0.5657672 0.3292179 
312980133201948 1379577487961832019 0.12299411 0.3905325 0.41962814 
312980196348599 1379577488025918933 -0.18197414 -1.7367406 4.260599 
312980259922535 1379577488088827913 0.5275098 -0.40678763 -1.2780571 
312980326243304 1379577488153067415 1.1983438 -0.22908741 -0.7607813 
312980399461677 1379577488216238802 0.2169995 -0.8114347 0.21370125 
312980443044769 1379577488279959505 0.26848796 -0.100300014 -1.6647978 
312980506038818 1379577488343008821 0.4808308 0.50704575 -1.9872465 
312980569704314 1379577488407034700 0.50770533 0.78451586 -0.34948254 
312980636666012 1379577488470206087 0.20183378 0.7092414 0.6112852 
312980698195082 1379577488534109896 -0.08806011 0.5734091 0.62836456 
312980837184857 1379577488597525423 -0.35220566 -1.1921843 2.4767532 
312980876891863 1379577488661703890 -0.265669 -0.5236235 0.59211445 
312980887818156 1379577488724417513 -0.8484132 -0.23986793 -0.22926712 
312980951117407 1379577488788351839 -0.49890184 -0.38445574 -0.8395996 
312981013012724 1379577488851523226 -0.3201595 -0.22460485 -1.9767275 
312981076739260 1379577488915518587 -0.054721236 0.76796967 -1.2402716 
312981141595051 1379577488978659456 -0.32912123 0.7086133 -0.33696747 
312981208068423 1379577489042654817 -0.78629386 0.94778436 0.67417336 
312981270146859 1379577489105643099 -0.84883595 0.63868093 1.1349554 
312981332225297 1379577489169821565 -0.5619828 -0.5547553 1.8395395 
312981397142129 1379577489232962435 0.068563044 -0.9141343 2.8932238 
312981461265431 1379577489296927278 1.2568525 -0.681748 -0.17801666 
312981525205612 1379577489360068147 -0.15631509 -0.36901045 -0.22807598 
312981588260700 1379577489424063509 0.16619107 0.55273753 -1.9439354 
312981651407352 1379577489487265413 0.15533347 0.54742074 -1.7219429 
312981715378051 1379577489551260774 0.32200253 0.720382 -0.39837837 
312981778219498 1379577489614371126 -0.027769051 0.45744747 0.23502922 
312981840542099 1379577489678486386 -0.5585407 0.099150896 0.6411991 
312981930943442 1379577489741749325 -0.420431 -0.9995893 4.7000017 
312981996409639 1379577489805592099 -0.612818 -0.537987 -1.0804358 
312982033003566 1379577489868794003 -0.9080102 -0.14682591 -0.950593 
312982118491130 1379577489932850399 -1.0881963 -0.462668 -0.46360683 
312982176846081 1379577489995930233 -0.15226746 0.23609203 -1.2256689 
312982235597798 1379577490059986630 -0.27493143 0.5581011 -1.635088 
312982292884537 1379577490123127499 -0.5316311 0.8272883 -0.9565239 
312982349560868 1379577490187061825 -0.29638124 0.80290526 0.48269463 
312982415057588 1379577490250324765 -0.30649623 0.36866844 1.4859524 
312982477410708 1379577490314167538 -0.5611165 0.15033925 0.78726673 
312982541503489 1379577490377338925 -0.4438491 -0.8367363 3.7395773 
312982621314263 1379577490441303769 0.3955984 -0.1255554 -1.9596205 
312982682660212 1379577490504611876 0.7675209 -1.1368984 -0.8743372 
312982733140909 1379577490568637755 0.7598025 -0.75526655 -0.12924194 
312982799095433 1379577490631687072 -0.029505849 0.2620496 -1.9016972 
312982861753758 1379577490695651916 0.3155272 0.61472416 -1.3003178 
312982923282828 1379577490758884337 0.5835578 0.9136561 -0.18080616 
312982987436650 1379577490822818664 0.045370728 0.13487083 0.8191538 
312983049087803 1379577490885959533 -0.06741309 0.6341243 0.5839777 
312983114279318 1379577490949924376 -1.0922294 -1.1809831 2.6144028 
312983176754520 1379577491013095763 -0.44295663 -0.47174603 0.45329952 
312983241946035 1379577491077152160 -0.74807215 -0.31000918 -0.30096054 
312983317636559 1379577491140201476 -0.62107897 -0.33460027 -0.25325394 
312983370131599 1379577491204318908 -0.29694283 0.38279587 -1.4595041 
312983431508068 1379577491267429259 -0.20922333 0.69379044 -1.5576162 
312983495112524 1379577491331333068 -0.48390117 0.53439754 -1.4485245 
312983557129920 1379577491394504455 -0.18437731 0.7973635 0.33260632 
312983623328609 1379577491458469298 -0.23037013 0.61265063 0.78893185 
312983685651208 1379577491521640685 -0.36065242 0.24565268 0.059082985 
312983748706298 1379577491585605529 -0.47881484 -1.7287035 4.400076 
312983819544082 1379577491648746398 0.62328684 -0.085905075 -1.1635828 
312983875762607 1379577491712741759 0.860315 -0.26414227 -0.41942978 
312983937780005 1379577491775913146 0.30417043 -0.42437613 -0.24388981 
312984015332271 1379577491839877990 0.67522424 0.44195688 -1.419652 
312984067613668 1379577491903079894 0.3439024 0.6143497 -0.05974579 
312984132072695 1379577491966983703 0.3470776 0.24869633 0.5184355 
312984195921314 1379577492030185607 0.11193305 0.45866668 0.29276657 
312984258396516 1379577492094150451 -0.7002131 -1.2913995 2.703579 
312984321115882 1379577492157534210 -0.27435184 -0.2665007 0.57021046 
312984385880111 1379577492221468536 -0.85397935 -0.55848265 -0.46616554 
312984448080630 1379577492284639923 -0.26632977 -0.50970864 -0.7933216 
312984513089024 1379577492348574249 -0.018753082 0.0011423826 -2.1652002 
312984573061555 1379577492411776153 -0.07794759 0.7157316 -1.3389397 
312984637978387 1379577492475832550 -0.29325026 0.5459112 -0.50129414 
312984703078340 1379577492538881866 -0.06734398 0.928527 -0.57529926 
312984767659449 1379577492602877228 -0.73173875 0.40153742 0.9093704 
312984830043091 1379577492666048614 -0.2618938 0.68998194 0.76562214 
312984892976098 1379577492730013458 -0.6283713 -1.67144 4.7905607 
312984957313043 1379577492793245880 0.74389493 -0.538533 -1.1572027 
312985021039579 1379577492857180206 0.4971155 -0.76665795 0.19465828 
312985085376525 1379577492920321075 -0.13152336 0.014201999 -1.1882849 
312985148980982 1379577492984269985 0.45938754 0.43107426 -2.105156 
312985209930164 1379577493047471890 0.7951718 0.78466225 -1.86376 
312985275335323 1379577493111558804 -0.50794774 -0.76991963 0.5311966 
312985338543013 1379577493174669155 0.5431012 0.44106483 0.99556446 
312985405107945 1379577493238572964 0.0525126 0.5648426 0.8879738 
312985463768102 1379577493301805386 -0.32652307 -1.1072196 2.5923843 
312985528105046 1379577493365709194 -0.646338 -0.0766629 0.37158585 
312985591526380 1379577493428850063 -1.1450219 -0.23477578 -1.0134115 
312985654856153 1379577493492906460 -1.1155287 -0.41315424 -0.3075428 
312985717667078 1379577493556016812 -0.34947973 0.16850829 -0.9781332 
312985784995021 1379577493620073208 -0.68617797 0.6960416 -2.0889215 
312985848050109 1379577493683153042 -0.50536466 0.8036288 -1.1181278 
312985909609700 1379577493747117886 -0.5450158 0.5683805 -0.33716393 
312985972969994 1379577493810350308 -0.34638938 0.38888383 0.5389061 
312986046981896 1379577493874284634 -0.5884809 0.24476886 1.1674976 
312986101888047 1379577493937517056 -0.15986991 -0.95433974 2.4643612 
312986165065217 1379577494001390347 0.61006874 -0.46284258 -0.7568855 
312986229829447 1379577494064561733 0.93061507 -1.2996731 0.046592712 
312986291938406 1379577494128648647 0.7502962 -0.037590265 0.23526001 
312986354261005 1379577494191697964 0.47036135 0.22342181 -2.757309 
312986417529737 1379577494255754360 0.6316621 0.91720665 -0.04576397 
312986480706907 1379577494318895230 0.25393543 0.40068996 -0.35578537 
312986548309532 1379577494382799038 0.2039524 0.45136285 0.12556553 
312986609319758 1379577494446031460 0.37320372 0.23001695 0.203619 
312986686810982 1379577494509935269 -0.26707417 -0.31612504 1.2384882 
312986734789008 1379577494573106655 -0.7966864 -0.75415766 -0.66166687 
312986801323419 1379577494637405993 -0.21233311 -0.81469536 -0.07988548 
312986862608327 1379577494700455310 -0.38230318 -0.26113594 -1.4483299 
312986925938100 1379577494764511706 -0.55115545 0.19105196 -1.418436 
312986996409639 1379577494827591540 -0.70362973 0.14238453 -1.1246672 
312987055161356 1379577494891556384 -0.9201677 0.7942668 0.52277184 
312987125144570 1379577494954819323 -0.7501543 0.5261818 0.76256466 
312987183377440 1379577495018692614 -0.06817269 1.1715441 1.0408087 
312987245303277 1379577495081955554 -0.1316629 -1.135093 2.465869 
312987308419406 1379577495145828845 0.21333459 -0.47471046 0.13039398 
312987374984338 1379577495209000232 0.6154386 -0.48997092 -0.56201744 
312987435658838 1379577495273087146 0.23687977 -0.7967564 0.22541714 
312987498530805 1379577495336136462 0.49706388 -0.046509266 -1.51686 
312987564576891 1379577495400223376 0.29492238 0.3835832 -1.8455858 
312987628028745 1379577495463287251 0.6172852 0.40193963 -1.3523388 
312987690351345 1379577495527282612 0.5397957 0.5507312 0.15961361 
312987756885758 1379577495590515034 0.5150306 0.33750367 0.66113377 
312987816705687 1379577495654327290 0.3223271 0.452008 0.85476017 
312987881164713 1379577495717590229 -0.30864036 -1.0605764 3.4330416 
312987945226974 1379577495781524555 -0.66532564 -0.10603821 -0.43980503 
312988009197675 1379577495844695942 -0.97105956 -0.07293594 -0.850605 
312988073076816 1379577495908782856 -0.730578 -0.50623477 -0.17535973 
312988135796180 1379577495971832172 0.058041576 0.08973813 -1.7810402 
312988198271381 1379577496035797016 -0.3232794 0.51931596 -1.5138712 
312988261662195 1379577496099059956 -0.065341204 0.43549144 -0.22560596 
312988327799843 1379577496162963764 -0.40806505 0.7806766 -0.34705544 
312988389237353 1379577496226196186 0.20581943 0.69591177 0.4594736 
312988452841808 1379577496290069477 -0.24126709 -0.2612636 2.3375235 
312988515713774 1379577496353240864 0.1658439 -1.5819199 2.394827 
312988581485177 1379577496417327778 1.301292 -0.2956264 -0.93561935 
312988645577960 1379577496480377094 1.0800636 -0.8186238 0.48123455 
312988707534315 1379577496544464008 0.9671344 -0.04006338 -0.47409534 
312988769124426 1379577496607513325 0.2898414 0.20965087 -1.6597977 
312988833034085 1379577496671447651 0.8092202 1.1153439 -1.3883038 
312988897645714 1379577496734710590 0.8625785 0.7962402 0.2592392 
312988960304039 1379577496798614399 0.09616709 0.43933338 0.38441944 
312989026319605 1379577496862609760 -0.41098535 0.28852737 1.5452385 
312989089649377 1379577496925750629 0.8947698 -0.315336 2.9307852 
312989153192792 1379577496988922016 -0.047388315 -1.157723 0.83117676 
312989215667993 1379577497053039448 -0.8597939 -0.075428724 -1.5629654 
312989279974418 1379577497116265781 0.05139494 -0.35790497 -0.37530422 
312989345562699 1379577497180352695 -0.38026 0.11916757 -1.5180674 
312989406084597 1379577497243402011 -0.5154238 0.10310626 -1.6295948 
312989469658534 1379577497307366855 -0.4330566 0.41270506 -0.41011524 
312989533049346 1379577497370629794 -0.022995472 0.67521286 0.6396494 
312989598301901 1379577497434503085 -0.22075343 0.14110518 0.97747326 
312989661692716 1379577497497766025 -0.06905115 -1.2219868 3.115158 
312989724534162 1379577497561791904 0.02730459 -0.61458474 0.42122746 
312989789847759 1379577497624932773 0.77910304 -0.50848836 0.1910553 
312989854764591 1379577497688928134 0.59733593 -0.5344283 0.45753956 
312989916476783 1379577497751946933 0.106427014 0.032612443 -2.4477482 
312989978127936 1379577497815911777 0.74770397 0.6718765 -1.9495687 
312990048904679 1379577497879144199 0.91385114 0.4601829 -0.50557804 
312990107595356 1379577497943061780 0.35839105 0.23213136 0.25328636 
312990170345241 1379577498006294202 -0.041974008 -0.20822191 1.20368 
312990233675015 1379577498071418714 0.73759687 -0.3087682 2.9429827 
312990297462592 1379577498133369397 0.1964935 -0.07821238 1.5610399 
312990368330896 1379577498197456311 -0.8267796 0.4065287 -2.1206656 
312990425892318 1379577498260505628 -0.892909 -1.0181763 0.59620285 
312990489832499 1379577498324592542 -0.59188616 -0.2508803 -0.26427174 
312990550445958 1379577498387611341 -0.9704632 0.11169618 -2.1528492 
312990615423831 1379577498451606702 -0.26427853 0.61243504 -1.4931183 
312990679028286 1379577498514869642 -0.35888356 0.5871424 -0.6007614 
312990741595051 1379577498578742933 -0.05593115 0.68566704 0.07260132 
312990805321587 1379577498642005872 -0.64709055 0.43976128 0.6609268 
312990918369047 1379577498706245374 0.7325926 -0.15120113 2.113226 
312990933537672 1379577498769111585 0.36022085 -0.77051127 1.1757078 
312990999675318 1379577498833015394 0.24352142 -0.98361784 -0.6865082 
312991059342646 1379577498896247815 0.8684462 -0.89356136 1.0737457 
312991133842876 1379577498960151624 -0.21260434 -0.24300772 -1.5618668 
312991200194165 1379577499023506116 -0.15816954 0.6528894 -1.9258709 
312991269383850 1379577499087623548 0.29735154 0.6741621 -0.26942062 
312991334880569 1379577499150703382 0.32403252 0.43606794 0.841836 
312991420185009 1379577499214820813 0.18727034 0.094754875 1.2680407 
312991466942220 1379577499277870130 0.5871022 -0.3600443 0.70257187 
312991511959769 1379577499341560315 0.0040585995 -1.0087299 3.5190563 
312991573336237 1379577499404945325 -0.38815618 0.29570735 -2.4418554 
312991634926349 1379577499468696546 -0.700441 -0.8247903 -1.0777559 
312991703597187 1379577499531898450 -0.14338923 -0.6858326 0.40620422 
312991775716827 1379577499596503131 -0.48432863 -0.054679513 -2.0764246 
312991840511576 1379577499659491413 -0.73761463 0.19748211 -1.4310236 
312991918216444 1379577499723883503 -0.3370788 0.28900844 0.36000824 
312991949560867 1379577499786444538 -0.09575838 0.135167 1.1364946 
312992014172495 1379577499850348346 0.31575352 0.3026222 -0.7933855 
312992077990593 1379577499913794391 -0.36036015 -1.3789063 5.858224 
312992149225144 1379577499977484577 -0.16987318 -0.2802369 -2.4787292 
312992228517070 1379577500040869586 0.7584526 -0.663255 0.3151455 
312992291358518 1379577500105048053 -0.11545682 -0.54808444 -0.07925129 
312992330485635 1379577500167792194 -0.3156184 0.2545186 -1.9453382 
312992395524548 1379577500231757038 0.43997926 0.6934469 -0.9289522 
312992458976401 1379577500294928424 0.6280462 0.3679545 0.31698418 
312992534789006 1379577500358893268 0.10339999 0.10910198 0.1262064 
312992611578263 1379577500422353992 0.6926604 0.25372744 1.2567539 
312992660288779 1379577500486654530 0.27979922 -0.37888128 -1.0834999 
312992722580858 1379577500549520741 -0.34524035 -1.1238029 4.0642147 
312992794090090 1379577500613729725 -1.2050307 0.3185019 -2.0126886 
312992856839976 1379577500676626453 -1.5547464 -0.26529318 -0.8505688 
312992939031339 1379577500740835438 -0.8146185 -0.3450066 1.3189039 
312992971810218 1379577500803762684 -1.2673535 0.035581887 -1.0430946 
312993030287253 1379577500867513905 -1.305443 0.20659006 -1.9111357 
312993093861189 1379577500930715809 -0.49966604 0.49360234 -1.0827789 
312993167262683 1379577500994955311 -0.5080268 0.11651492 0.48615742 
312993232545759 1379577501057821522 -0.3534665 -0.06014973 0.7350855 
312993309151895 1379577501122122059 -0.51716775 -0.10623625 0.027920723 
312993374862255 1379577501185110340 -1.2924138 -1.8905649 3.440668 
312993453452214 1379577501249288807 -0.37958673 0.071393564 -0.90730286 
312993475213239 1379577501312124500 -0.76276433 -0.7416308 -0.7141218 
312993540465796 1379577501375997791 0.6946318 -0.59200364 1.5786638 
312993606756046 1379577501439260731 -1.00132 -0.7804137 -0.99742985 
312993674236590 1379577501503378162 -0.24956626 0.0427745 -1.7915554 
312993729508983 1379577501566457996 0.21658093 -0.20620924 -1.5096922 
312993792991357 1379577501630270252 0.60923433 -0.18433794 0.26638222 
312993856199047 1379577501693441639 -0.27422932 -1.0930616 0.47164726 
312993921115880 1379577501757559071 0.9758111 -0.19620404 0.6918278 
312993983255359 1379577501820577869 0.63908136 -0.8731926 1.8788929 
312994048813118 1379577501884725819 0.18192743 -0.1854378 0.866704 
312994112264972 1379577501947836170 -0.8167702 0.284406 -3.1610966 
312994174343409 1379577502011738332 -0.23430753 -0.14339334 -0.274271 
312994239107640 1379577502075001272 -0.7947557 -0.13312289 1.1545324 
312994301491280 1379577502138874563 -0.9977613 0.4590688 -1.5346441 
312994367140601 1379577502202045949 -0.62694776 0.4839575 -1.2468195 
312994429402161 1379577502266132863 -0.16258124 0.44402722 -0.22869968 
312994491053313 1379577502329182180 -0.03412655 0.21804777 0.50968647 
312994562348903 1379577502393208059 0.67840093 -0.66525424 2.8976297 
312994620825936 1379577502456318410 0.09796627 -0.6566802 2.9210424 
312994683545301 1379577502520222219 -0.29401284 0.12852971 -3.410181 
312994747851727 1379577502583546194 1.5805993 -0.038913816 -0.5254965 
312994812646477 1379577502647480520 0.09632103 -1.0528278 0.53028107 
312994881653039 1379577502710621389 0.14338803 -0.042854667 -0.91063976 
312994936803351 1379577502774555715 0.21120775 0.26427346 -1.0203676 
312995000774051 1379577502837727102 0.8537799 0.41879946 0.08679199 
312995065049957 1379577502901814016 0.19034073 0.35331076 -0.8877163 
312995129386901 1379577502964863332 1.0061175 0.6010898 0.98062897 
312995203246202 1379577503028950246 0.36046168 -0.6159357 1.6885042 
312995260502421 1379577503092030080 0.40656188 -1.3394471 2.5903587 
312995320841196 1379577503155964406 -0.79899 -0.8771606 -2.1853209 
312995387436650 1379577503219196828 -0.08629915 -0.39691067 -1.0911322 
312995460746583 1379577503283100637 0.11584997 -0.62829566 1.07792 
312995525480293 1379577503346272024 -0.42851132 -0.10564017 -0.5953646 
312995592808234 1379577503410328420 -0.32090458 0.2727691 -1.2974482 
312995663066132 1379577503473408254 -0.2358813 0.41918683 -1.23421 
312995728501810 1379577503537464651 -0.23411499 0.06867051 0.56640434 
312995766438632 1379577503600544485 0.33775792 0.4627111 0.38888264 
312995828974876 1379577503664509328 0.031300128 0.2316314 0.51040363 
312995890351345 1379577503727772268 1.3343906 -0.60192907 1.6085815 
312995956763674 1379577503791676076 0.44924596 -0.82242686 0.784256 
312996054886672 1379577503854877981 0.17506842 -0.73634493 -1.3220282 
312996092854014 1379577503918812307 1.0653664 -0.5414703 0.9228859 
312996148340052 1379577503981953176 0.49700356 -0.1700638 -0.59670544 
312996211059417 1379577504046009572 0.010669619 0.18597329 -2.2496452 
312996276006769 1379577504109089406 0.33555013 0.1660322 -0.33737755 
312996335826700 1379577504173176321 0.5411475 0.31169784 0.44675922 
312996398881788 1379577504236317190 0.59740096 0.4337207 1.1800108 
312996465446720 1379577504300220998 0.29101574 -0.025169611 0.41014767 
312996528623891 1379577504363453420 0.023893379 -1.0575261 3.3255215 
312996589786717 1379577504427296194 -0.573143 -0.0018519163 -1.7277336 
312996654917192 1379577504490589651 -1.0832496 -0.40059376 -0.9158659 
312996718643729 1379577504554462942 -0.37623802 -0.6119336 0.14592648 
312996780844249 1379577504615833791 -0.6425053 -0.04823172 -0.5057497 
312996845608478 1379577504681782278 -0.26644096 0.44867027 -1.7088671 
312996909029811 1379577504744770559 -0.1118412 0.25301456 -0.20129108 
312996973549878 1379577504808857473 -0.06766638 0.3293028 0.36481667 
312997036421846 1379577504871998342 -0.6931182 0.2657616 3.6151094 
312997098622367 1379577504935902151 0.96186996 0.60727274 -0.8533335 
312997162043700 1379577504999165090 0.061765857 -0.6091112 -2.9538412 
312997228150825 1379577505063007863 0.92145073 -0.39467204 -1.8897038 
312997290412384 1379577505126179250 1.2454098 -0.32949555 1.3211985 
312997353192792 1379577505190266164 -0.5066901 -0.589797 -1.3577986 
312997417804420 1379577505253703833 0.2511396 0.5107304 -1.6881104 
312997480645865 1379577505317760230 0.7035359 0.56974936 -0.22029781 
312997545501657 1379577505380809546 0.71940136 0.6958623 0.92353916 
312997609014551 1379577505444774390 -0.012353331 0.26891583 0.75642776 
312997670421542 1379577505508037329 0.6539775 -1.0795188 3.092823 
312997735979301 1379577505571910620 -0.660617 -1.2855504 -0.6894598 
312997800713010 1379577505635051489 -0.35966846 0.048987404 -0.10339069 
312997861814796 1379577505699077368 -1.4134454 -0.9355964 0.74397945 
312997927464117 1379577505762218238 -0.643477 0.08007334 -0.0507555 
312997990763369 1379577505825114966 -0.87953454 0.028421603 -1.2073946 
312998053421693 1379577505889323950 -0.47917226 0.4248985 -0.5182934 
312998115805334 1379577505953349829 -1.2114502 -0.13080826 0.2949648 
312998179104587 1379577506016490698 -0.37955368 0.5175135 0.41357517 
312998245669520 1379577506080455542 -1.0257607 0.3616 0.3222561 
312998307961599 1379577506143626929 1.9249344 0.43925384 -0.15845776 
312998370558883 1379577506207591773 -0.61675453 -2.0015266 3.474989 
312998434926348 1379577506270854712 0.69575125 0.27883407 -3.1694574 
312998499629537 1379577506334850073 1.0922778 0.017634302 -0.019546509 
312998562104740 1379577506397899390 -0.0387398 -0.29536694 -0.0978899 
312998625281910 1379577506461986304 -0.62793636 -8.969158E-4 -0.7823944 
312998689679897 1379577506525035620 -0.21318108 0.65065914 -0.5197983 
312998793784886 1379577506589000464 -0.18149263 0.46548697 0.29098225 
312998815271228 1379577506652263404 0.13789368 0.20224972 0.78726673 
312998878997765 1379577506716136695 -0.18260416 -0.38739064 0.854023 
312998944433444 1379577506779338599 -0.15909308 -1.0098836 2.0241919 
312999006878126 1379577506843272925 -0.48428306 -0.624693 -0.16192055 
312999068742921 1379577506906504090 0.03038168 0.48240566 -2.1534882 
312999139428103 1379577506971018250 -0.4529863 -0.82939345 1.0507088 
312999214630300 1379577507033518250 -0.07045293 0.16803604 -0.8094282 
312999279608172 1379577507098001893 -0.7216016 0.2851475 -1.4228668 
312999337291677 1379577507161142762 -0.0363407 0.8504845 -0.7651043 
312999414050414 1379577507225046571 -0.15602511 0.7203186 0.1810236 
312999469048125 1379577507288340028 -0.2577853 0.6215247 0.8129463 
312999515896896 1379577507351938660 -0.52749276 0.3541504 0.7491169 
312999579623433 1379577507415140565 -0.016159743 -0.35531932 1.3595371 
312999642190197 1379577507479044373 0.14108407 -0.8962993 1.3340912 
312999715988458 1379577507542215760 0.96022683 -0.6249026 -2.0509377 
312999781454657 1379577507606302674 0.52680826 -0.7642029 -0.3600664 
312999848202712 1379577507669413026 0.46807742 0.29206014 -1.5586958 
312999916324183 1379577507733713563 0.39444128 0.76413333 -1.6972361 
312999977731171 1379577507796961191 0.56101584 0.569921 0.32961845 
313000060960226 1379577507861017588 0.451738 0.40323216 1.2526531 
313000087207746 1379577507923853281 0.3903933 0.42997348 0.99898815 
313000149988152 1379577507987726572 -0.3440655 -0.28863287 2.8465223 
313000219696681 1379577508050958994 -0.18543437 -0.84369636 1.779172 
313000283636862 1379577508115686777 -0.58907187 -0.07541782 -1.5334282 
313000355603901 1379577508178247812 -0.5789569 -0.5229362 -1.3971987 
313000432148994 1379577508242772097 -0.6111638 -0.4521976 0.12167072 
313000492792973 1379577508305577273 -0.046962567 0.4139133 -1.2816525 
313000534727966 1379577508369328493 -0.26759982 0.8480446 -1.10538 
313000596806402 1379577508432408327 -0.36753187 0.74533284 -0.5466776 
313000660166696 1379577508496396182 -0.11047009 0.8097848 -0.22532082 
313000730546674 1379577508559598086 -0.043286324 0.389539 1.3215656 
313000795158303 1379577508623562930 -0.035280496 -0.052498102 0.86588 
313000863859661 1379577508686947940 0.4428513 -0.75714606 4.6545124 
313000935185772 1379577508751248477 0.0366773 -0.24919957 -2.253274 
313000995402467 1379577508814084170 0.512425 -0.1547755 -1.5303602 
313001042892165 1379577508878272763 0.47366357 -0.6547022 0.4632101 
313001109060332 1379577508940955868 0.40352798 -0.1956557 -1.0414152 
313001167812048 1379577509004920712 0.16545977 0.27395082 -1.6812553 
313001232912004 1379577509068092099 0.27538487 0.30855262 -0.98982716 
313001312814338 1379577509132392636 0.5325452 0.47819555 0.25637722 
313001377242843 1379577509195564023 0.7281366 0.09504855 1.3797789 
313001442129157 1379577509259589901 -0.039882295 0.041498423 1.4993896 
313001502559494 1379577509322669735 -0.31131965 -0.8958633 2.3137627 
313001550354397 1379577509386420956 -0.6097277 -0.23749244 -0.73664856 
313001612524395 1379577509449470273 -0.7679051 -0.26412237 -1.5616646 
313001674908035 1379577509513465634 -0.18541893 -0.6678301 -0.46587467 
313001739336542 1379577509576728573 -0.06854557 0.041610837 -1.4281874 
313001806542401 1379577509640601864 -0.29369068 0.48314524 -2.296709 
313001868559798 1379577509703970902 -0.12576082 0.54042614 0.09579563 
313001931645408 1379577509767844193 -0.37714922 0.8005913 0.7323837 
313001993540722 1379577509831046097 -0.24917096 0.6448954 1.3719711 
313002059495248 1379577509895071976 -0.45792514 -0.006731391 0.78940487 
313002120902236 1379577509958243363 -0.17551456 -1.2258105 4.370654 
313002186856761 1379577510022238724 0.6283407 -0.3704474 -1.2870636 
313002248660515 1379577510085318558 1.0617553 -0.06633526 -0.951354 
313002311990287 1379577510149263123 0.7622446 -0.5937925 -0.32642365 
313002375106418 1379577510212526063 0.44249123 -0.4154057 -0.72006035 
313002438741394 1379577510276429871 0.4753794 0.71119183 -0.4348488 
313002502284809 1379577510339662293 0.19713354 0.67214614 0.311841 
313002566926958 1379577510403535584 0.61138284 0.05950877 1.172183 
313002630653496 1379577510466737488 -0.18593931 -0.59378475 0.7541828 
313002693128698 1379577510530793885 0.12162459 -0.77951825 2.6453724 
313002757831886 1379577510593843201 -0.2652442 -0.35099745 -1.0978642 
313002822565596 1379577510657930115 -0.40433353 -0.6346617 -0.78890514 
313002885193402 1379577510720979432 -0.2928843 -0.36068532 0.09400272 
313002948523173 1379577510784974793 -0.009718895 0.4905766 -1.629529 
313003010845774 1379577510848207215 -0.120857 0.879054 -1.1034346 
313003076342492 1379577510912080506 -0.2248208 0.50933754 0.07265091 
313003137902083 1379577510975388562 -0.033379197 0.6591629 0.7996578 
313003201842265 1379577511039383923 -0.52252674 -0.031042576 0.8116398 
313003265904525 1379577511102494275 -0.45975906 0.52045864 0.59553814 
313003329325859 1379577511166428601 -0.25807184 -0.7214575 1.6431684 
313003391587418 1379577511229630505 0.8816235 -0.5225884 -1.3499584 
313003455313956 1379577511293564831 0.36788642 -0.8569914 -0.4214821 
313003518521648 1379577511356766736 0.10562903 -0.38492906 -0.4481678 
313003582004022 1379577511420701062 0.47445822 0.25381732 -1.5230465 
313003646310446 1379577511483933484 0.53826773 0.27281213 -0.78936005 
313003709823340 1379577511547837292 0.8358493 0.37836587 -0.5689182 
313003773671959 1379577511611008679 0.46850902 0.03586209 1.0838737 
313003837947865 1379577511675126111 0.2694676 -0.017316818 0.2644205 
313003901186075 1379577511738144910 -0.6961669 -0.8499757 2.7139702 
313003965675622 1379577511802231824 -0.34734344 0.15709019 -0.23699665 
313004029402160 1379577511865281140 -0.9506583 -0.105879664 -0.21549034 
313004094318991 1379577511929245984 -0.49078536 -0.52239573 -0.49961948 
313004158198132 1379577511992508923 0.04408753 0.07079083 -1.1532774 
313004223969533 1379577512056412732 -0.12361312 0.49003774 -1.3010712 
313004283758943 1379577512119645154 -0.35313034 0.73520225 -0.7223644 
313004348645255 1379577512183609997 -0.119591475 0.88039577 0.16559601 
313004411578262 1379577512246689831 -0.26689947 0.36029512 0.35107327 
313004473229415 1379577512310776746 -0.14955312 0.011559427 1.5683193 
313004540801518 1379577512373856579 -0.6509135 -1.2420313 2.720952 
313004600835091 1379577512437760388 0.73401666 -0.45688826 -0.39549446 
313004667003258 1379577512501053845 0.9327359 -0.43582374 -0.633091 
313004727219952 1379577512564927136 0.18761736 -0.83458084 0.56797695 
313004789725676 1379577512628371915 0.56730944 0.05275774 -2.1402712 
313004856076965 1379577512692306242 0.6394806 0.5028446 -1.3203707 
313004917850199 1379577512755447111 0.5880037 0.4259857 -0.8234663 
313004981088410 1379577512819534025 0.5276751 0.5431682 -0.033000946 
313005049026759 1379577512882583341 -0.18039691 -0.5062623 1.1380291 
313005111349360 1379577512946792326 -0.30063057 -0.69085634 2.6098728 
313005173977164 1379577513009750089 -0.18249571 -0.50188565 -0.15806484 
313005235353632 1379577513073684415 -0.14196885 0.3714651 -1.7729073 
313005298897048 1379577513136947355 -0.3491425 -0.8766438 1.4057903 
313005362287861 1379577513200851163 -0.24405694 -0.25656873 -2.1894836 
313005438436190 1379577513264114103 -0.5142207 -0.13190949 -1.2410154 
313005492457249 1379577513328017912 -0.100009084 0.73608106 -0.58271694 
313005555085053 1379577513391158781 0.1512849 0.84148705 0.8910055 
313005619299917 1379577513455260392 -0.2940674 0.31922036 1.216671 
313005682171883 1379577513518340226 -0.18067464 0.096153855 1.0551567 
313005744738647 1379577513582335587 -0.099484876 -1.3453426 3.0107489 
313005809838601 1379577513645476456 0.39889765 -0.37786138 -1.4247856 
313005872161201 1379577513709532853 0.52861595 -0.6825827 -1.8318615 
313005936772830 1379577513772673722 -0.061009735 -0.6957375 0.8597374 
313005998820746 1379577513836547013 0.2604636 0.117666185 -1.9025393 
313006062699887 1379577513899809952 0.45349655 0.54128045 -1.1261883 
313006129234298 1379577513963927384 0.10138783 0.6548067 -0.24969292 
313006190366603 1379577514026854630 0.4710106 0.46364796 0.13998985 
313006252933366 1379577514090911026 0.48733357 0.7325734 0.7313881 
313006315561170 1379577514153990860 -0.07163364 -0.60430294 0.91012573 
313006381881941 1379577514217955704 -0.27614614 -1.1983528 2.365491 
313006448385832 1379577514281218644 -0.4506237 -0.21743953 -1.0490961 
313006508663567 1379577514345122452 -0.575625 -0.3936385 -0.97549915 
313006570925126 1379577514408324357 -0.43511915 -0.42273915 -0.1357317 
313006633613971 1379577514472197648 -0.22523451 0.09137207 -1.1696262 
313006698134039 1379577514535399552 -0.658651 0.570881 -1.3531742 
313006764576890 1379577514599791642 -0.91486645 0.42171228 -0.5412264 
313006828669671 1379577514662566300 -0.5956133 0.8712214 0.38006306 
313006891419555 1379577514726714249 -0.32850495 0.8069364 0.67372704 
313006953162269 1379577514790068741 0.1988386 -0.6982993 2.220028 
313007017682338 1379577514853606339 0.24334364 -0.69205654 1.5868826 
313007079364010 1379577514916869278 0.39981788 -0.27558136 -2.3438787 
313007146539349 1379577514980773087 0.43552214 -0.85813606 0.70521736 
313007207122287 1379577515044005509 0.26144055 -0.5651567 -0.56692696 
313007270421539 1379577515107997015 0.15328622 0.21619523 -0.873332 
313007332408417 1379577515171168401 0.41686708 0.4750563 -0.98392105 
313007397630452 1379577515235224798 0.5654554 0.7124623 -0.10517883 
313007461204387 1379577515298304632 0.12540239 0.26518238 0.75246525 
313007524503639 1379577515362238958 -0.16857505 0.040511847 0.48133087 
313007588535380 1379577515425471380 -0.35834444 -1.0325664 3.448186 
313007651102145 1379577515489405706 -0.8200142 -0.51068854 -0.8410826 
313007724320517 1379577515552638128 -0.6231799 -0.4641288 -0.32794762 
313007779592912 1379577515616511419 -0.22011355 -0.06496799 -1.197854 
313007842983725 1379577515679713323 -0.35167462 0.40942138 -1.8331718 
313007906282978 1379577515743769720 -0.46784806 0.25661492 -0.19282722 
313007969795872 1379577515806849554 -0.41699746 0.57546514 0.05790806 
313008035201031 1379577515870905950 -0.41583717 0.63067925 1.1603956 
313008098195078 1379577515933985784 0.013021544 0.33976543 0.15413284 
313008163111911 1379577515999079778 -0.026495151 -1.5362095 3.4065485 
313008227174172 1379577516061122015 0.6477304 -0.5004773 -2.0018377 
313008288642202 1379577516125056341 0.85356545 -0.90309817 -0.4406414 
313008350781681 1379577516188319280 -0.1663832 -0.856251 0.31690598 
313008414813421 1379577516252223089 0.10859051 -0.12712193 -1.3029966 
313008479577651 1379577516315424993 0.055508435 0.5671505 -1.5503807 
313008544280841 1379577516379450872 0.43755436 0.5823221 -0.29955292 
313008611395140 1379577516442530706 0.7511894 0.4325434 0.44280434 
313008669383847 1379577516506617620 0.3384022 0.39871347 1.0125914 
313008734025995 1379577516569666936 -0.22674099 -0.29673254 0.6936178 
313008796348597 1379577516633631780 -0.47238988 -1.1805011 3.1425352 
313008859495246 1379577516696894720 -0.4381882 -0.18729651 -0.8651571 
313008924747803 1379577516760768011 -0.6671518 -0.4910977 -0.59782505 
313008989908798 1379577516823939397 -0.3109904 -0.25153428 -0.58369255 
313009051041103 1379577516888026311 -0.3002481 0.01935178 -1.948494 
313009113577346 1379577516951075628 -0.28923577 0.5739898 -1.2780552 
313009179867595 1379577517015162542 -0.2997676 0.44690377 -0.09584904 
313009242373318 1379577517078211858 -0.28914186 1.0878507 0.5013237 
313009304756959 1379577517142207220 -0.17581362 0.3671639 1.0520134 
313009369795872 1379577517205500677 -0.18679994 0.036194205 0.5262461 
313009433400328 1379577517269343450 -0.21789926 -0.9213651 2.9648685 
313009495783969 1379577517332575872 0.5808049 -0.7160106 -1.7163792 
313009558869580 1379577517396479681 0.8437505 -0.7525927 0.5206442 
313009622535075 1379577517459620550 0.28380919 -0.6593186 -0.098547935 
313009687970754 1379577517523707464 0.36999524 -0.066909194 -1.441987 
313009751239485 1379577517586817815 0.06991935 0.5441977 -1.2066917 
313009812524393 1379577517650843694 0.2873385 0.52927804 -0.32761383 
313009906313498 1379577517713893011 0.14883417 0.61279887 1.0963621 
313009940740477 1379577517777827337 0.5312943 0.13230193 0.8442354 
313010010876294 1379577517841120794 -0.10065502 -0.5729128 2.2705631 
313010086170052 1379577517904963567 -0.15223217 -0.9085507 1.8515854 
313010135521493 1379577517968165472 -0.7818317 -0.5071693 -1.3302546 
313010195249863 1379577518032252386 -0.48629504 -0.7062052 -1.1052008 
313010258213390 1379577518095301702 -0.0037801266 -0.3662656 -0.2504301 
313010322977621 1379577518159358098 -0.03610745 0.62661767 -1.5578251 
313010386948321 1379577518222468450 0.05629897 0.5931895 -0.5758438 
313010454123660 1379577518286757433 -0.18419915 0.5656877 0.26410198 
313010535216290 1379577518350020373 -0.30232757 0.22001052 1.3994322 
313010578951983 1379577518413954699 -0.77035344 0.36462808 0.5845833 
313010642098635 1379577518477156603 0.85769737 -0.61335295 4.560834 
313010705886212 1379577518541029894 0.99362516 -0.85949063 -1.3536177 
313010768483496 1379577518604201281 1.0623283 -0.37429398 -1.298665 
313010830714535 1379577518668288195 -0.37382418 -0.8277675 0.31376743 
313010895173561 1379577518731368029 0.26718235 0.021288395 -1.751503 
313010959724149 1379577518795424425 0.5079458 0.21063137 -1.129838 
313011022901321 1379577518858473742 0.53280187 0.22528929 -0.73015404 
313011084766115 1379577518922408068 0.6251575 0.3054933 0.42889977 
313011149499825 1379577518985609972 1.0244672 0.27973825 1.0131035 
313011213409484 1379577519049605334 -0.36373878 -0.6720894 0.70716286 
313011276983419 1379577519112837755 0.3441893 -1.0019982 3.5105686 
313011339306021 1379577519176741564 -0.5267839 -0.105017126 -1.604908 
313011402605272 1379577519239912951 -0.38139755 -0.57619387 -0.6194086 
313011467155860 1379577519303969347 -0.31610644 -0.26081127 0.7426243 
313011531798008 1379577519367049181 -0.27637452 0.101278424 -1.4160566 
313011595158301 1379577519431105578 0.029268026 0.31336665 -1.6761665 
313011658365993 1379577519494154894 -0.23786226 0.3803413 -1.2016792 
313011720688593 1379577519558150255 -0.047911584 0.6795218 -0.055449486 
313011784018365 1379577519621352160 -0.3579851 0.73568225 0.89114857 
313011872405364 1379577519685255968 -0.7074956 0.39452684 1.0967541 
313011939946947 1379577519748427355 -0.28173268 -0.46511364 3.4952707 
313011977609088 1379577519812483752 0.21676916 -0.35839713 -1.1197815 
313012046707210 1379577519875563586 1.3174031 -0.6897987 -0.78811646 
313012102773134 1379577519939679720 0.50936115 -0.9036951 0.46143913 
313012164424286 1379577520002759554 0.60598135 -0.27417433 -0.7490349 
313012228333945 1379577520066724398 0.50342315 0.39887702 -1.58391 
313012293983267 1379577520129987337 0.65543544 0.5712615 -1.0351114 
313012372298542 1379577520193891146 0.49713802 0.43677163 -0.58512974 
313012427387814 1379577520257123568 0.46263927 0.44986677 0.6133175 
313012495051480 1379577520320996859 0.23707879 0.109785914 0.8244896 
313012587284046 1379577520384229281 -0.17959774 -0.78270257 2.5609083 
313012613012719 1379577520448133089 -0.23309505 -0.5516386 1.2706461 
313012673656698 1379577520511304476 -0.64921373 -0.097489715 -1.2649612 
313012742724301 1379577520575269320 -0.35061616 -0.8596644 -0.3884983 
313012808861948 1379577520638440706 0.100141525 -0.22918487 -0.47511673 
313012871398191 1379577520702375033 0.05235374 0.1878826 -1.5187178 
313012930790836 1379577520765576937 0.10466969 0.48297966 0.28256035 
313013020856455 1379577520829541781 -0.007943451 0.8327279 0.08974457 
313013064470066 1379577520892713167 -0.15961468 0.54343104 1.2444544 
313013152643422 1379577520956800081 -0.2240991 0.122906804 0.60012245 
313013184262528 1379577521019879915 -0.031509697 -0.690145 3.524706 
313013247012414 1379577521083936312 0.36225188 -0.5519798 -2.0554466 
313013311807165 1379577521146985628 0.8129086 -0.38903636 -1.4716625 
313013373671958 1379577521211072542 0.39494562 -0.99011886 1.3148127 
313013437276416 1379577521274121859 0.3065048 -0.21172261 -1.159996 
313013510769471 1379577521338086702 0.3099386 0.4093532 -1.4136391 
313013576022028 1379577521401349642 0.20129287 0.3983447 -0.8681164 
313013631874309 1379577521465222933 0.43120313 0.47007293 0.5218077 
313013693708583 1379577521528394320 0.5192251 0.49812055 0.9064827 
313013755939623 1379577521592481234 0.31850564 -0.44570923 0.98548126 
313013819818762 1379577521655530550 0.13999492 -0.7760448 2.4456387 
313013882293964 1379577521719647982 -0.48258704 -0.32855678 -1.0576792 
313013945196452 1379577521782666781 -1.2219123 -0.16480768 -1.3238678 
313014012463351 1379577521846631624 -1.266222 -0.5991032 0.534132 
313014074358668 1379577521909894564 -0.8885755 -0.078282475 -0.9593725 
313014142205455 1379577521973798372 -0.7259707 0.23792404 -1.6697168 
313014201445498 1379577522037000277 -0.337721 0.56843597 -1.1210794 
313014265049954 1379577522100904085 0.048947573 0.76115435 0.55954933 
313014329112214 1379577522164075472 -0.38470477 0.5082371 0.85156536 
313014390915970 1379577522228070833 -1.3244482 0.6431121 -0.3007717 
313014454245741 1379577522291211702 -0.76309764 0.07443535 2.2885551 
313014519559338 1379577522355298617 -1.1204093 -1.2824849 2.128745 
313014581088409 1379577522418408968 -1.4235468 0.027630508 -2.841792 
313014643807774 1379577522482312777 -0.8321615 -0.92372394 -0.8459425 
313014707076507 1379577522543561556 -0.43200594 -1.0028443 1.2459164 
313014773916121 1379577522609479525 -1.0516891 -0.82196844 -1.0170135 
313014837306935 1379577522672620394 -0.65336686 -0.41485792 -1.5901136 
313014899385372 1379577522736707308 0.14399976 -0.675378 0.6378107 
313014964119082 1379577522799756624 0.5252595 -0.57073385 -0.26402473 
313015029341118 1379577522863965609 0.96481836 -0.24258673 -0.3197775 
313015091205913 1379577522926892855 0.8342295 -0.6700668 2.4030514 
313015156061703 1379577522990857699 0.8092672 -0.14614606 0.85586166 
313015217041408 1379577523054120638 -0.12555432 -1.1020436 0.85361767 
313015280676385 1379577523117993929 -0.086769044 -0.10261688 -1.8208313 
313015346264664 1379577523181645245 -0.5741431 -0.5231769 -0.5641928 
313015409655477 1379577523245518537 -0.034980923 0.08594817 1.1571827 
313015472924210 1379577523308689923 -0.99349487 0.16972932 -0.92485714 
313015535216289 1379577523372746320 -0.25853997 0.50787 0.14613628 
313015607671653 1379577523435826154 -0.46486223 -0.12068486 0.9684305 
313015675091156 1379577523499882550 -0.030022979 0.110471666 1.0071516 
313015742266495 1379577523562962384 -0.10441822 0.24261141 -0.013971329 
313015813409485 1379577523626927228 1.266888 0.32708687 2.662053 
313015881683557 1379577523690068097 0.072204836 -0.28005633 0.20580864 
313015919284655 1379577523752812238 -0.51947796 -0.19360444 -2.2042027 
313015990763367 1379577523817295880 0.7960608 -0.83506715 -0.41410828 
313016043014244 1379577523881291242 0.5655148 -1.146342 0.8123989 
313016106160896 1379577523944340558 0.030662477 -0.21776181 -2.2325144 
313016173153113 1379577524008457990 0.13754845 -0.0632031 -1.002326 
313016233919173 1379577524071537824 0.6027273 0.3459211 0.32066822 
313016307778475 1379577524135502667 -0.2542764 0.091564834 0.08784294 
313016363356074 1379577524198735089 0.61273366 0.4449169 1.4759932 
313016429371638 1379577524262638898 0.2271024 -0.2700804 0.9332342 
313016497767792 1379577524325871320 0.37642437 -0.06865728 0.6628294 
313016554535685 1379577524389775128 -0.30376923 -1.1024781 0.72429466 
313016616980368 1379577524452915997 -0.57119715 -0.40189373 -1.7189026 
313016681683557 1379577524517002912 -0.44093013 -1.3778293 -2.4243393 
313016742571699 1379577524580052228 -0.21693337 -0.4757229 1.3846025 
313016807244367 1379577524644169660 -0.78567266 -0.95431507 -0.7425051 
313016871886516 1379577524707188458 0.55311656 0.4727037 -0.40048313 
313016934117557 1379577524771153302 0.25747573 0.102721095 -0.65814877 
313016996287554 1379577524834445478 0.9473382 0.588905 0.327137 
313017059983571 1379577524898288251 -0.27152252 -0.27600503 0.79554176 
313017123374386 1379577524961032392 0.2558651 0.48904365 -0.048846245 
313017188535380 1379577525025577070 -0.027765274 0.32604712 -0.1079731 
313017250674857 1379577525088656904 1.7207384 1.7771585 0.5938263 
313017314553998 1379577525152713300 -1.4364364 -1.4616226 4.747904 
313017378372096 1379577525215793134 -0.26201582 -0.54168105 0.017643929 
313017442403837 1379577525279849531 -0.33548748 -0.5061038 -1.7479429 
313017505825170 1379577525343020917 0.20611548 -0.7750634 -1.4416695 
313017572115419 1379577525406924726 0.6259531 -1.119749 0.8033838 
313017634346458 1379577525470157148 -0.32869136 -1.288056 -0.19184399 
313017695417725 1379577525534030439 0.6648215 -0.10104442 -1.5322113 
