#SysTm EventTmStmp Acc:x Acc:y Acc:z
156117063858319 1375030619082446606 0.47079468 3.1816711 9.42865 
156117074357327 1375030619145679028 0.5100708 3.2304688 9.315582 
156117088640862 1375030619209247143 0.5041199 3.219757 9.351288 
156117101978265 1375030619272845776 0.4612732 3.193573 9.376282 
156117114339015 1375030619336413891 0.4850769 3.2887878 9.210846 
156117128195264 1375030619399951489 0.61242676 3.103119 9.414368 
156117178401277 1375030619463550122 0.5612488 3.0924072 9.398895 
156117209623618 1375030619527087719 0.51483154 3.2268982 9.342957 
156117240754397 1375030619590655834 0.6231384 3.1400146 9.351288 
156117324899064 1375030619654223950 0.6017151 3.1090698 9.395325 
156117367719146 1375030619717822583 0.6231384 3.0602722 9.370331 
156117431445685 1375030619781360180 0.5826721 3.0959778 9.383423 
156117495385864 1375030619844928295 0.6338501 3.0876465 9.42746 
156117559661768 1375030619908526928 0.68621826 3.020996 9.352478 
156117624914325 1375030619972064526 0.6600342 3.0757446 9.415558 
156117685619344 1375030620035632641 0.7302551 2.9543457 9.476257 
156117749406923 1375030620099231274 0.7897644 2.873413 9.358429 
156117812828258 1375030620162799389 0.72906494 3.0186157 9.4453125 
156117876524274 1375030620226336987 0.76119995 3.019806 9.420319 
156117941380066 1375030620290240795 0.710022 2.9591064 9.421509 
156118003397462 1375030620353473217 0.74572754 2.9662476 9.411987 
156118066757754 1375030620417071850 0.7385864 3.0412292 9.252502 
156118153893418 1375030620480639965 0.7969055 2.9472046 9.664307 
156118223510387 1375030620544389842 0.6338501 3.1138306 9.225128 
156118282323144 1375030620607957957 0.5017395 3.2566528 9.309631 
156118340983300 1375030620671526072 0.5933838 3.104309 9.375092 
156118399887618 1375030620735124705 0.6231384 3.1412048 9.401276 
156118459982233 1375030620798662303 0.8373718 3.070984 9.417938 
156118512660395 1375030620862260936 0.54696655 3.2388 9.264404 
156118575898607 1375030620925829051 0.20181274 3.450653 9.36319 
156118655587298 1375030620989366649 0.49697876 3.2364197 9.251312 
156118702497111 1375030621052965281 0.2886963 3.3935242 9.319153 
156118769764012 1375030621116533397 0.19348145 3.3197327 9.396515 
156118843257068 1375030621180070994 0.21014404 3.437561 9.409607 
156118948186108 1375030621243639110 0.2720337 3.3173523 9.266785 
156118984718994 1375030621307237742 0.2625122 3.379242 9.273926 
156119054152842 1375030621370789955 0.37200928 3.3197327 9.272736 
156119112690915 1375030621434358070 0.43984985 3.2935486 9.307251 
156119185451484 1375030621498231361 0.47198486 3.225708 9.279877 
156119234925007 1375030621561494301 0.63861084 3.116211 9.423889 
156119352672604 1375030621625092934 0.6433716 3.0935974 9.377472 
156119362652765 1375030621686768959 0.575531 3.1840515 9.389374 
156119403244860 1375030621752229164 0.6350403 3.142395 9.425079 
156119465475899 1375030621815766762 0.41723633 3.2721252 9.23584 
156119530575853 1375030621879365394 0.6231384 2.988861 9.478638 
156119593325739 1375030621942933510 0.59814453 3.1376343 9.342957 
156119656930195 1375030622006471107 0.49935913 3.219757 9.371521 
156119720809334 1375030622070069740 0.5255432 3.1019287 9.444122 
156119783711822 1375030622133637855 0.74572754 2.9091187 9.472687 
156119847194197 1375030622197175453 0.7469177 3.0221863 9.371521 
156119913606526 1375030622260743568 0.5576782 3.072174 9.522675 
156119974982995 1375030622324342201 0.63861084 3.0031433 9.347717 
156120038160166 1375030622387910316 0.6505127 3.072174 9.448883 
156120101520459 1375030622451447914 0.41366577 3.1697693 9.228699 
156120165552199 1375030622515046547 0.49697876 3.1138306 9.68573 
156120299597675 1375030622578584144 0.5862427 3.11026 9.096588 
156120373701139 1375030622642152260 0.56362915 3.2090454 9.459595 
156120390487344 1375030622705750893 0.5933838 3.000763 9.369141 
156120447102635 1375030622769319008 0.7005005 3.0388489 9.498871 
156120544737306 1375030622832887123 0.690979 3.0757446 9.307251 
156120615147805 1375030622895295570 0.66955566 3.0745544 9.501251 
156120653725556 1375030622959992836 0.63623047 3.0602722 9.334625 
156120693554641 1375030623023773357 0.5862427 3.0900269 9.397705 
156120737412417 1375030623087341472 0.67788696 3.020996 9.375092 
156120801932483 1375030623150940105 0.69454956 3.0983582 9.407227 
156120864560288 1375030623214477703 0.6600342 3.1138306 9.400085 
156120928286825 1375030623278045818 0.62789917 3.065033 9.334625 
156120991311394 1375030623341644451 0.5826721 3.1126404 9.36676 
156121055037932 1375030623405182049 0.70407104 3.0376587 9.408417 
156121119161233 1375030623468780681 0.68026733 3.11026 9.386993 
156121182185803 1375030623532348797 0.6112366 3.0221863 9.157288 
156121299841838 1375030623595886394 0.6814575 2.9829102 9.723816 
156121338663751 1375030623659454509 0.4862671 3.206665 9.221558 
156121399826577 1375030623723053142 0.626709 3.059082 9.400085 
156121463125831 1375030623786590740 0.67193604 3.020996 9.43222 
156121528653069 1375030623850142937 0.62789917 3.0364685 9.419128 
156121602085085 1375030623913741570 0.594574 3.007904 9.442932 
156121626806587 1375030623977279168 0.5826721 3.091217 9.403656 
156121690594165 1375030624040847283 0.65289307 3.0567017 9.357239 
156121753710296 1375030624103957634 0.6326599 3.0674133 9.391754 
156121843623312 1375030624167983513 0.5743408 3.1257324 9.410797 
156121911775304 1375030624231551629 0.65408325 3.0626526 9.36438 
156121989449651 1375030624295150261 0.639801 3.0447998 9.479828 
156122030438511 1375030624358718377 0.6243286 3.0638428 9.277496 
156122097858014 1375030624422255974 0.6576538 3.1126404 9.486969 
156122174769352 1375030624485824090 0.5921936 3.1447754 9.376282 
156122253969718 1375030624549422722 0.5350647 3.1185913 9.36557 
156122295507945 1375030624612929802 0.60528564 3.1650085 9.420319 
156122362011837 1375030624676528435 0.6005249 3.1590576 9.323914 
156122426501384 1375030624740127068 0.5695801 3.17453 9.42627 
156122503840007 1375030624803664666 0.5255432 3.1816711 9.328674 
156122539091037 1375030624867232781 0.5862427 3.1459656 9.501251 
156122581209151 1375030624930831414 0.511261 3.1590576 9.208466 
156122669260424 1375030624994399529 0.6433716 3.0924072 9.4953 
156122708051819 1375030625057937127 0.56243896 3.1959534 9.252502 
156122771808876 1375030625121535759 0.6231384 3.1661987 9.525055 
156122861966056 1375030625185073357 0.7159729 3.007904 9.313202 
156122911897386 1375030625248641472 0.755249 3.019806 9.388184 
156122975715484 1375030625312240105 0.86712646 2.8995972 9.534576 
156123025555251 1375030625375777703 1.088501 2.5984802 9.520294 
156123089678554 1375030625439586380 0.9194946 2.7305908 9.526245 
156123152947286 1375030625503154495 0.87664795 2.8329468 9.370331 
156123216338099 1375030625566722610 0.91830444 2.7615356 9.463165 
156123302802314 1375030625630595902 1.0849304 2.777008 9.36438 
156123343943776 1375030625693889359 0.9647217 3.0543213 9.903534 
156123407609272 1375030625757457474 1.0278015 2.7103577 9.321533 
156123472495584 1375030625820995071 1.0527954 2.7734375 9.244171 
156123534299339 1375030625884563187 1.0349426 2.6960754 9.734528 
156123597873274 1375030625948161819 0.8314209 2.7924805 9.233459 
156123661782934 1375030626011729935 1.1123047 2.654419 9.692871 
156123726058837 1375030626075298050 1.0087585 2.7008362 9.7595215 
156123789449652 1375030626138866165 1.0777893 2.757965 9.227509 
156123853145669 1375030626202434280 0.9694824 2.7805786 9.563141 
156123915620870 1375030626265971878 1.0516052 2.78891 9.338196 
156123979408448 1375030626329556917 0.90164185 2.9733887 9.584564 
156124043073947 1375030626393094515 1.0075684 2.8615112 9.308441 
156124106892044 1375030626456662630 1.0801697 2.7020264 9.266785 
156124170404938 1375030626520230745 0.80404663 2.85318 9.639313 
156124233826272 1375030626583798860 0.9694824 2.6829834 9.471497 
156124296942402 1375030626647366975 0.8540344 2.8198547 10.076111 
156124360913104 1375030626710965608 0.9206848 2.7305908 9.064453 
156124424242876 1375030626774503206 1.0801697 2.718689 9.564331 
156124488274616 1375030626838376497 1.0682678 2.7115479 9.597656 
156124551329706 1375030626901639436 1.1551514 2.59729 9.459595 
156124615086763 1375030626965268587 1.5252991 2.6532288 9.62027 
156124678447058 1375030627028775667 1.0230408 2.7853394 9.151337 
156124742265156 1375030627092374300 1.3979492 2.578247 9.738098 
156124805564407 1375030627155911897 1.1432495 2.6389465 9.073975 
156124869748750 1375030627219510530 1.2527466 2.769867 9.788086 
156124932681758 1375030627283048128 1.2325134 2.7353516 9.503632 
156124996469338 1375030627346677278 1.2206116 2.673462 9.328674 
156125059860150 1375030627410214876 0.8873596 2.9031677 9.408417 
156125124136054 1375030627473752474 0.8742676 2.9400635 9.654785 
156125187862591 1375030627537351106 1.0777893 2.8496094 9.263214 
156125252230058 1375030627600919222 1.0063782 2.8269958 9.454834 
156125314064331 1375030627664456819 0.9456787 2.8055725 9.527435 
156125378218153 1375030627728055452 0.838562 2.7555847 9.452454 
156125441303763 1375030627791654085 0.9052124 2.72583 9.626221 
156125517696255 1375030627855161165 0.66241455 3.0364685 9.672638 
156125569916613 1375030627918729280 0.95401 2.7294006 9.36676 
156125633246385 1375030627982540368 0.857605 2.9388733 9.30011 
156125705182903 1375030628046383141 0.9778137 2.8841248 9.547668 
156125759661767 1375030628109646081 1.2146606 2.5663452 9.4953 
156125822716856 1375030628173244714 1.2396545 2.673462 9.497681 
156125898804144 1375030628236782311 0.9385376 2.8496094 9.425079 
156125949895249 1375030628300350427 1.0956421 2.6246643 9.407227 
156126014171152 1375030628363949059 1.3348694 2.6199036 9.522675 
156126077989252 1375030628427517175 1.1694336 2.6639404 9.571472 
156126141135902 1375030628491054772 0.98495483 2.8246155 9.315582 
156126204374112 1375030628554653405 0.93258667 3.0055237 9.769043 
156126270267597 1375030628618191003 1.0075684 2.821045 9.332245 
156126331735627 1375030628681759118 0.82785034 2.936493 9.420319 
156126396042051 1375030628745357751 0.6493225 3.065033 9.628601 
156126459066619 1375030628808909986 0.85284424 2.7472534 9.29892 
156126522548994 1375030628872478102 0.67193604 2.9269714 9.584564 
156126586672297 1375030628936046217 0.5862427 3.0317078 9.341766 
156126699750278 1375030628999644850 0.7814331 3.0102844 9.420319 
156126713820169 1375030629063182447 0.5410156 2.9710083 9.278687 
156126777119420 1375030629126781080 0.63027954 2.9519653 9.68811 
156126840968040 1375030629190349195 0.6897888 2.9138794 9.504822 
156126904847179 1375030629253917311 0.6743164 3.0281372 9.208466 
156126967322380 1375030629317485426 0.67907715 2.9507751 9.923767 
156127031964529 1375030629381053541 0.60528564 2.7555847 9.222748 
156127094378691 1375030629444591139 0.8373718 2.9388733 9.594086 
156127158501992 1375030629508159254 0.66122437 3.0281372 9.262024 
156127225768894 1375030629571757887 0.94924927 2.9293518 9.527435 
156127285436221 1375030629635326002 0.87783813 2.8365173 9.198944 
156127372358243 1375030629698863600 0.90997314 3.070984 9.75 
156127412248369 1375030629762462233 0.9480591 2.91745 9.331055 
156127476127509 1375030629826030348 0.80999756 3.0067139 9.360809 
156127539670924 1375030629889567945 0.9635315 2.7912903 9.578613 
156127602970175 1375030629953166578 0.58862305 3.206665 9.194183 
156127666879835 1375030630016704176 0.53030396 3.1471558 9.467926 
156127730514811 1375030630080272291 0.95043945 2.8424683 9.478638 
156127793936145 1375030630143870924 0.7659607 3.0055237 9.264404 
156127857021755 1375030630207408522 0.4850769 3.1519165 9.561951 
156127921084017 1375030630271007154 0.46484375 3.0793152 9.407227 
156127984169627 1375030630334544752 0.7064514 2.9210205 9.472687 
156128069748750 1375030630398143385 0.60409546 3.1531067 9.30368 
156128111653222 1375030630461893369 0.58029175 3.0317078 9.478638 
156128175532361 1375030630525461484 0.62075806 2.9543457 9.444122 
156128238831612 1375030630589060117 0.5993347 3.0983582 9.356049 
156128301306815 1375030630650736142 0.62908936 2.987671 9.347717 
156128366101566 1375030630716196347 0.58981323 3.0281372 9.577423 
156128430591112 1375030630779764462 0.5862427 3.020996 9.346527 
156128493127356 1375030630843332578 0.6100464 3.0043335 9.502441 
156128557281178 1375030630906870175 0.5933838 3.0281372 9.346527 
156128622655816 1375030630970468808 0.626709 3.0805054 9.420319 
156128719130713 1375030631034006406 0.607666 3.0662231 9.384613 
156128747911423 1375030631097574521 0.6481323 2.9936218 9.42746 
156128811088594 1375030631161173154 0.58148193 3.0769348 9.396515 
156128875150856 1375030631224741269 0.59695435 3.0507507 9.3810425 
156128939365719 1375030631288415517 0.66955566 3.0495605 9.3941345 
156129010264545 1375030631352014149 0.5933838 3.116211 9.333435 
156129066086305 1375030631415551747 0.5779114 3.0935974 9.397705 
156129129141395 1375030631479119862 0.5172119 3.0805054 9.484589 
156129192684810 1375030631542687978 0.53149414 3.0935974 9.328674 
156129256258747 1375030631606256093 0.7469177 2.9353027 9.553619 
156129363354732 1375030631669854726 0.53030396 3.0935974 9.447693 
156129383467657 1375030631733433161 0.3196411 3.2030945 9.313202 
156129447621480 1375030631797001276 0.23989868 3.289978 9.254883 
156129509913560 1375030631859379206 0.30773926 3.3006897 9.315582 
156129573975822 1375030631924106989 0.45889282 3.0305176 9.345337 
156129685924547 1375030631987705622 0.3196411 3.295929 9.398895 
156129752275837 1375030632051243219 0.31726074 3.1733398 9.308441 
156129792776371 1375030632114811335 0.41366577 3.2102356 9.377472 
156129866666192 1375030632178409967 0.4350891 3.219757 9.359619 
156129908204420 1375030632241947565 0.40057373 3.186432 9.42627 
156129955602558 1375030632305515680 0.31726074 3.2054749 9.216797 
156130019390136 1375030632369114313 0.49935913 3.0900269 9.502441 
156130082780948 1375030632432651911 0.39343262 3.142395 9.3013 
156130147178934 1375030632496220026 0.38391113 3.1840515 9.383423 
156130221312920 1375030632559894276 0.3125 3.200714 9.403656 
156130277104160 1375030632623462391 0.28988647 3.1281128 9.356049 
156130341135901 1375030632686999989 0.25061035 3.1459656 9.547668 
156130454946369 1375030632750568104 0.56481934 3.040039 9.242981 
156130496301473 1375030632814166737 0.37557983 3.1733398 9.529816 
156130565887923 1375030632877704334 0.30297852 3.0745544 9.304871 
156130611180155 1375030632941302967 0.3862915 3.1281128 9.42627 
156130741502145 1375030633004871082 0.30892944 3.1150208 9.296539 
156130805198162 1375030633067950916 0.58862305 2.9662476 9.5286255 
156130813102939 1375030633132007313 0.8076172 2.860321 9.478638 
156130864010920 1375030633195575428 0.7754822 2.8698425 9.4131775 
156130909272632 1375030633259113026 0.4767456 3.000763 9.3941345 
156130972755007 1375030633322681141 0.74572754 2.8698425 9.5095825 
156131036481543 1375030633386279774 0.6933594 2.9614868 9.420319 
156131100543806 1375030633449817372 0.6933594 2.9519653 9.451263 
156131163568374 1375030633513385487 0.62075806 2.9126892 9.439362 
156131227325432 1375030633576984120 0.7385864 2.8484192 9.55719 
156131291174051 1375030633640521717 0.6255188 2.9960022 9.30249 
156131354931109 1375030633704089832 0.56481934 3.0828857 9.459595 
156131417650474 1375030633767688465 0.68026733 2.955536 9.415558 
156131481071808 1375030633831256581 0.33392334 3.135254 9.344147 
156131545195110 1375030633894824696 0.42318726 3.0983582 9.546478 
156131608402801 1375030633958392811 0.60528564 2.8555603 9.359619 
156131714613698 1375030634021960926 0.2958374 3.3399658 9.520294 
156131748979636 1375030634085498524 0.4029541 3.0555115 9.278687 
156131841608966 1375030634149066639 0.57196045 3.020996 9.4453125 
156131924441257 1375030634212847013 0.45532227 3.1078796 9.392944 
156131968390592 1375030634276384611 0.51483154 2.9912415 9.648834 
156132042005731 1375030634339952726 0.6433716 3.0317078 9.165619 
156132159173440 1375030634403551359 0.4767456 3.104309 9.422699 
156132166284687 1375030634467088956 0.43032837 3.0543213 9.388184 
156132207731353 1375030634530657072 0.3862915 3.0935974 9.347717 
156132281651695 1375030634594255704 0.43032837 3.11026 9.395325 
156132337992303 1375030634657793302 0.3458252 3.1911926 9.4953 
156132394088746 1375030634721361417 0.39224243 3.1792908 9.408417 
156132434986046 1375030634784960050 0.5529175 2.9650574 9.423889 
156132503199078 1375030634848497648 0.42080688 3.116211 9.346527 
156132601077913 1375030634912065763 0.38867188 3.103119 9.3810425 
156132685588823 1375030634975664396 0.49578857 2.9614868 9.520294 
156132721541822 1375030635039277728 0.93496704 2.7543945 9.451263 
156132806052732 1375030635102815326 0.4945984 3.1304932 9.378662 
156132864224562 1375030635166413958 0.3374939 3.0638428 9.470306 
156132879545789 1375030635229982074 0.5160217 2.9733887 9.447693 
156132942814522 1375030635293519671 0.62908936 2.987671 9.276306 
156133007395629 1375030635357118304 0.5422058 2.9674377 9.570282 
156133071457890 1375030635420686419 0.44818115 3.123352 9.278687 
156133134482458 1375030635484254535 0.7135925 2.9007874 9.42984 
156133197781713 1375030635547792132 0.93258667 2.5354004 9.609558 
156133262393340 1375030635611360248 1.0016174 2.5663452 9.504822 
156133324929582 1375030635674958880 0.48269653 3.019806 9.414368 
156133388778202 1375030635738496478 0.73739624 2.750824 9.551239 
156133470878004 1375030635802400287 0.82785034 2.8305664 9.060883 
156133515285145 1375030635865632708 0.74572754 3.0638428 10.043976 
156133578767519 1375030635929200824 0.6017151 2.6401367 9.188232 
156133642768740 1375030635992799457 0.8468933 2.8377075 9.3619995 
156133707044645 1375030636056337054 0.8659363 2.7520142 9.725006 
156133770832224 1375030636119935687 1.1837158 2.3223572 9.267975 
156133833368466 1375030636183534320 0.8492737 2.6698914 9.671448 
156133897156043 1375030636247071917 0.9194946 2.5830078 9.347717 
156133961615070 1375030636310609515 1.2503662 2.5223083 9.636932 
156134024273396 1375030636374177630 0.9897156 2.6853638 9.414368 
156134087572648 1375030636437776263 0.9885254 2.6306152 9.629791 
156134172083558 1375030636501313861 0.6850281 3.0126648 9.580994 
156134214567915 1375030636564881976 1.1134949 2.4151917 9.264404 
156134278782781 1375030636628480609 1.1480103 2.5437317 9.55838 
156134341807349 1375030636692230544 0.2137146 3.2935486 9.415558 
156134423510385 1375030636755768142 0.42318726 2.9960022 9.334625 
156134469260423 1375030636819366775 1.0980225 2.5794373 9.517914 
156134533231123 1375030636882904372 0.8814087 2.898407 9.392944 
156134596194652 1375030636946472487 0.65527344 2.8436584 9.611938 
156134661721891 1375030637010376296 0.64575195 2.8876953 9.397705 
156134723556166 1375030637073639235 0.4934082 3.0686035 9.36438 
156134786885938 1375030637137207351 0.27798462 3.2030945 9.36676 
156134852107974 1375030637200775466 0.79571533 2.8484192 9.497681 
156134914339015 1375030637264374099 0.5600586 3.1269226 9.532196 
156134977607747 1375030637327881179 0.3374939 3.0638428 9.23822 
156135041944691 1375030637391479812 0.65289307 3.0067139 9.3810425 
156135105060820 1375030637455047927 0.8135681 2.8496094 9.569092 
156135168970480 1375030637518630632 0.6195679 2.8115234 9.540527 
156135231903488 1375030637582229264 0.658844 2.9067383 9.4131775 
156135296393034 1375030637645797380 0.5422058 2.9924316 9.402466 
156135359234481 1375030637709334977 0.7647705 2.8365173 9.459595 
156135424273394 1375030637772903092 0.7183533 2.7793884 9.55481 
156135506922563 1375030637836501725 0.70407104 2.8055725 9.408417 
156135549834206 1375030637900100358 0.7397766 2.9317322 9.23822 
156135614659478 1375030637963698991 0.4529419 2.85437 9.989227 
156135677134680 1375030638027206071 0.5695801 3.0090942 8.755005 
156135742661918 1375030638090743669 0.67074585 2.9234009 9.713104 
156135805045560 1375030638154311784 1.1622925 2.4806519 9.569092 
156135868436373 1375030638218215592 0.7492981 2.7615356 9.395325 
156135932254472 1375030638281478532 0.64456177 2.7686768 9.630981 
156135995584245 1375030638345046647 0.7338257 2.8043823 9.514343 
156136059585465 1375030638408614762 0.95758057 2.5044556 9.423889 
156136122823677 1375030638472152360 1.0575562 2.5853882 9.410797 
156136200528544 1375030638535720475 0.524353 3.0233765 9.723816 
156136249269580 1375030638599319108 0.6243286 2.9103088 9.1822815 
156136318733947 1375030638662887223 0.78500366 2.936493 9.485779 
156136375898604 1375030638726424821 0.83499146 2.7924805 9.4131775 
156136439899825 1375030638790023454 0.6600342 2.892456 9.475067 
156136503290639 1375030638853591569 0.5529175 2.9531555 9.810699 
156136567108737 1375030638917129167 0.8647461 2.78891 9.118011 
156136631842448 1375030638980727800 0.7088318 2.8960266 9.585754 
156136695019618 1375030639044295915 0.79452515 2.7996216 9.382233 
156136758654593 1375030639107864030 0.7266846 2.9507751 9.451263 
156136822716856 1375030639171553023 0.77667236 2.815094 9.410797 
156136884947894 1375030639235151656 0.4362793 3.0757446 9.414368 
156136948582871 1375030639298658736 0.45056152 3.0757446 9.335815 
156137013438662 1375030639362226851 0.7802429 2.8329468 9.527435 
156137076127506 1375030639426130660 0.56481934 3.0293274 9.348907 
156137139945606 1375030639489363082 0.5410156 2.9710083 9.542908 
156137203458500 1375030639552961715 0.5410156 2.9769592 9.319153 
156137266605152 1375030639616529830 0.5660095 2.9864807 9.516724 
156137331064177 1375030639680067428 0.6255188 2.8817444 9.400085 
156137393905625 1375030639743635543 0.5671997 2.9995728 9.441742 
156137457571121 1375030639807203658 0.63623047 2.9852905 9.414368 
156137521175576 1375030639870802291 0.49102783 2.9983826 9.478638 
156137585085236 1375030639934339888 0.51483154 2.9353027 9.434601 
156137648018244 1375030639998075218 0.6029053 2.9614868 9.450073 
156137712355189 1375030640061673851 0.626709 2.936493 9.488159 
156137775349238 1375030640125211448 0.54696655 3.0305176 9.404846 
156137838984213 1375030640188779563 0.58148193 2.9067383 9.452454 
156137902802313 1375030640252378196 0.5993347 2.9507751 9.42984 
156137966406768 1375030640315915794 0.6100464 2.9852905 9.420319 
156138029797583 1375030640379483909 0.5445862 3.0424194 9.423889 
156138108601183 1375030640443092788 0.57910156 2.9650574 9.419128 
156138156365565 1375030640506630386 0.6493225 2.9591064 9.49292 
156138220366786 1375030640570167984 0.5076904 3.091217 9.335815 
156138283513437 1375030640633766617 0.6517029 3.0067139 9.409607 
156138347026333 1375030640697304214 0.6183777 2.9448242 9.469116 
156138411210675 1375030640760872330 0.44104004 2.9150696 9.295349 
156138473380675 1375030640823097671 0.67907715 2.8591309 9.508392 
156138538022822 1375030640888039078 0.76000977 2.8674622 9.350098 
156138602359766 1375030640951576675 0.2708435 2.9912415 9.497681 
156138664957051 1375030641015175308 1.3527222 2.3223572 9.861877 
156138729110873 1375030641078743423 0.87783813 2.641327 9.550049 
156138791830238 1375030641142281021 0.53149414 2.5722961 9.61908 
156138856045101 1375030641205879654 0.6505127 2.449707 9.675018 
156138919557996 1375030641269523351 0.63861084 2.5044556 9.523865 
156138954168099 1375030641305808751 0.7076416 2.5211182 9.590515 
156138975501840 1375030641326560704 0.7147827 2.5294495 9.727386 
156139001688319 1375030641346702306 0.76000977 2.5401611 9.633362 
156139016032894 1375030641367118566 0.81951904 2.5246887 9.607178 
156139035504891 1375030641386985509 0.8135681 2.584198 9.525055 
156139055709377 1375030641407127111 0.83618164 2.6234741 9.444122 
156139076371669 1375030641427268712 0.857605 2.5603943 9.450073 
156139095874188 1375030641447410314 0.9635315 2.5163574 9.440552 
156139116597520 1375030641467979162 0.8647461 2.5365906 9.500061 
156139136252640 1375030641487693517 0.71240234 2.5603943 9.591705 
156139156426606 1375030641507835119 0.68859863 2.5377808 9.601227 
156139181850077 1375030641528007238 0.6766968 2.527069 9.633362 
156139196866100 1375030641548118322 0.56481934 2.4651794 9.666687 
156139216948504 1375030641568259923 0.52316284 2.4794617 9.598846 
156139237732878 1375030641587150304 0.4446106 2.5627747 9.473877 
156139257784762 1375030641608329503 0.511261 2.5758667 9.49411 
156139278233413 1375030641628654210 0.63742065 2.546112 9.613129 
156139299536633 1375030641648826329 0.79571533 2.6020508 9.647644 
156139317513132 1375030641668937413 0.84332275 2.6258545 9.642883 
156139338999474 1375030641689109533 0.9242554 2.538971 9.604797 
156139414415314 1375030641709251134 0.84332275 2.5127869 9.55719 
156139421557081 1375030641729392736 0.8730774 2.5104065 9.527435 
156139424273394 1375030641749839513 0.80166626 2.4675598 9.501251 
156139425127964 1375030641769981115 0.8123779 2.494934 9.459595 
156139439350458 1375030641790519445 0.8314209 2.5187378 9.456024 
156139458364650 1375030641809959142 0.8076172 2.5365906 9.564331 
156139478782778 1375030641830100744 0.7481079 2.6365662 9.556 
156139498834664 1375030641850211828 0.7338257 2.674652 9.533386 
156139519405395 1375030641870383947 0.7005005 2.6520386 9.548859 
156139539213117 1375030641890495031 0.7992859 2.6329956 9.504822 
156139560089051 1375030641910667150 0.7005005 2.635376 9.415558 
156139579500008 1375030641930839269 0.7338257 2.642517 9.356049 
156139599551892 1375030641950950353 0.7897644 2.5746765 9.522675 
156139625738372 1375030641971732824 0.7504883 2.5865784 9.538147 
156139638984214 1375030641989738195 0.7016907 2.609192 9.513153 
156139660531596 1375030642011039464 0.6838379 2.5377808 9.601227 
156139682536785 1375030642031486242 0.7338257 2.5532532 9.532196 
156139701459415 1375030642051627843 0.8123779 2.4985046 9.583374 
156139721358699 1375030642072044103 0.84213257 2.5449219 9.510773 
156139799765534 1375030642150871007 0.774292 2.6532288 9.542908 
156139821709684 1375030642172477453 0.6921692 2.641327 9.608368 
156139841578446 1375030642192954747 0.76834106 2.6127625 9.595276 
156139861905013 1375030642212791173 0.73739624 2.546112 9.545288 
156139882384183 1375030642232932775 0.7492981 2.609192 9.49292 
156139901673058 1375030642253074376 0.75286865 2.5211182 9.481018 
156139921847024 1375030642273215978 0.77905273 2.5234985 9.548859 
156139944065856 1375030642293327062 0.7564392 2.5496826 9.563141 
156139962164436 1375030642313499181 0.68859863 2.5639648 9.646454 
156139982338402 1375030642333701818 0.6921692 2.5865784 9.546478 
156140009623615 1375030642353782384 0.7183533 2.5794373 9.49173 
156140022869457 1375030642373923986 0.7326355 2.5830078 9.416748 
156140042341454 1375030642392356603 0.6933594 2.5699158 9.588135 
156140063949878 1375030642413566320 0.6421814 2.6068115 9.645264 
156140083879681 1375030642434348790 0.7469177 2.5818176 9.633362 
156140116505959 1375030642454490392 0.80166626 2.5960999 9.5607605 
156140123128881 1375030642474601476 0.77667236 2.5830078 9.507202 
156140143272326 1375030642494743078 0.76239014 2.577057 9.458405 
156140163537853 1375030642514945714 0.6921692 2.590149 9.503632 
156140183742340 1375030642535056798 0.66122437 2.609192 9.576233 
156140203641622 1375030642555167882 0.6933594 2.610382 9.579803 
156140224151312 1375030642575614660 0.7254944 2.603241 9.563141 
156140244477881 1375030642595786779 0.65289307 2.546112 9.597656 
156140266299947 1375030642617149083 0.71240234 2.5246887 9.531006 
156140284703731 1375030642635764806 0.7969055 2.5056458 9.517914 
156140304511452 1375030642655906408 0.76953125 2.5639648 9.502441 
156140324593857 1375030642676048009 0.8004761 2.6210938 9.471497 
156140345011987 1375030642696189611 0.70526123 2.641327 9.567902 
156140364789188 1375030642716300695 0.7159729 2.6341858 9.55838 
156140386702815 1375030642736503331 0.74453735 2.5996704 9.590515 
156140405289722 1375030642756583898 0.7326355 2.5984802 9.588135 
156140425311087 1375030642776725499 0.7564392 2.5722961 9.583374 
156140444813605 1375030642794975011 0.755249 2.5818176 9.536957 
156140465475897 1375030642816154210 0.75286865 2.5853882 9.486969 
156140486718076 1375030642837358727 0.6838379 2.6258545 9.584564 
156140507716092 1375030642857469811 0.7635803 2.525879 9.575043 
156140528164741 1375030642877611412 0.7397766 2.5211182 9.598846 
156140546812688 1375030642897753014 0.742157 2.5627747 9.564331 
156140566986655 1375030642917894615 0.742157 2.5615845 9.514343 
156140587099580 1375030642938066734 0.70407104 2.5746765 9.55719 
156140607578750 1375030642958513512 0.7183533 2.6020508 9.547668 
156140627661155 1375030642978624596 0.7183533 2.610382 9.609558 
156140647774081 1375030642998766197 0.6659851 2.5996704 9.583374 
156140667673363 1375030643018602623 0.7588196 2.5318298 9.575043 
156140688152533 1375030643038744225 0.7481079 2.5496826 9.4953 
156140711134373 1375030643058885826 0.74334717 2.5473022 9.447693 
156140728103700 1375030643079027428 0.7159729 2.6068115 9.42865 
156140762317039 1375030643099169029 0.7314453 2.591339 9.547668 
156140769275684 1375030643119310631 0.6826477 2.6246643 9.567902 
156140788595079 1375030643139452233 0.63623047 2.6175232 9.567902 
156140808769045 1375030643159624352 0.68740845 2.6056213 9.527435 
156140831293079 1375030643179735436 0.7135925 2.590149 9.515533 
156140848964375 1375030643199877037 0.7171631 2.5425415 9.488159 
156140868009088 1375030643218889488 0.75286865 2.5877686 9.527435 
156140891021448 1375030643240129723 0.81118774 2.5568237 9.532196 
156140909821997 1375030643260301842 0.7492981 2.5627747 9.645264 
156140929904402 1375030643280473961 0.78738403 2.609192 9.61908 
156140950292012 1375030643300585045 0.7385864 2.674652 9.62265 
156140970527018 1375030643320726647 0.6731262 2.6687012 9.5286255 
156140990792545 1375030643340868248 0.72906494 2.5984802 9.458405 
156141011027552 1375030643361315025 0.73501587 2.5473022 9.482208 
156141038343285 1375030643381181969 0.7659607 2.5175476 9.529816 
156141051955373 1375030643401598229 0.7671509 2.5092163 9.610748 
156141071396850 1375030643421434654 0.6850281 2.635376 9.548859 
156141092730590 1375030643441576256 0.7183533 2.6139526 9.5607605 
156141111409057 1375030643461717858 0.73739624 2.6627502 9.500061 
156141131521982 1375030643481859459 0.7302551 2.578247 9.525055 
156141161950793 1375030643502367272 0.66122437 2.5401611 9.575043 
156141172755006 1375030643522142662 0.658844 2.6008606 9.510773 
156141192837411 1375030643542284264 0.70526123 2.6115723 9.4964905 
156141223785068 1375030643562425865 0.7159729 2.635376 9.497681 
156141231934007 1375030643582567467 0.7302551 2.5818176 9.55838 
156141252107973 1375030643602709068 0.74334717 2.578247 9.576233 
156141273014429 1375030643621660484 0.7183533 2.5699158 9.564331 
156141292303304 1375030643642699968 0.7588196 2.6139526 9.510773 
156141312355188 1375030643663177263 0.70288086 2.6282349 9.49292 
156141334146734 1375030643683349382 0.7076416 2.6056213 9.481018 
156141352764162 1375030643703460466 0.67074585 2.5818176 9.591705 
156141373182291 1375030643723693620 0.6921692 2.565155 9.579803 
156141392928972 1375030643743743669 0.72073364 2.5663452 9.571472 
156141452138494 1375030643763885271 0.710022 2.6020508 9.580994 
156141454000236 1375030643784301530 0.6921692 2.610382 9.540527 
156141454793766 1375030643804443132 0.7243042 2.6151428 9.551239 
156141474082641 1375030643824859392 0.70407104 2.642517 9.588135 
156141493798802 1375030643844421159 0.6981201 2.6234741 9.4964905 
156141516811163 1375030643864562761 0.7671509 2.5865784 9.517914 
156141534024653 1375030643884734880 0.755249 2.5877686 9.5095825 
156141553923935 1375030643904845964 0.74572754 2.5937195 9.448883 
156141574158943 1375030643924987565 0.73620605 2.546112 9.517914 
156141594577072 1375030643945129167 0.73501587 2.5806274 9.602417 
156141614842598 1375030643965270769 0.7802429 2.6020508 9.550049 
156141634955524 1375030643985412370 0.7183533 2.6080017 9.535767 
156141659097138 1375030644006103288 0.68621826 2.6020508 9.551239 
156141673838479 1375030644024108659 0.6933594 2.5806274 9.508392 
156141695538464 1375030644045318376 0.66122437 2.552063 9.572662 
156141717299489 1375030644065978776 0.7385864 2.559204 9.5607605 
156141737992301 1375030644086150896 0.7564392 2.5830078 9.538147 
156141756548687 1375030644106689226 0.7397766 2.6318054 9.519104 
156141776417450 1375030644126403581 0.6921692 2.6115723 9.536957 
156141807700832 1375030644146575700 0.66122437 2.6282349 9.504822 
156141817345269 1375030644166686784 0.72906494 2.571106 9.551239 
156141837427674 1375030644187133562 0.7647705 2.5556335 9.533386 
156141871213726 1375030644207000505 0.73501587 2.5675354 9.519104 
156141878019769 1375030644227416765 0.6921692 2.5865784 9.542908 
156141897522287 1375030644247253190 0.70288086 2.5806274 9.527435 
156141926730283 1375030644267425310 0.68740845 2.5949097 9.510773 
156141938175423 1375030644287536394 0.7564392 2.5675354 9.475067 
156141957738981 1375030644307677995 0.7183533 2.5925293 9.525055 
156141993966665 1375030644328429948 0.67907715 2.6056213 9.608368 
156142009196330 1375030644347961198 0.7314453 2.5960999 9.540527 
156142018077759 1375030644368102800 0.6933594 2.6341858 9.600037 
156142069687708 1375030644388274919 0.68859863 2.6329956 9.544098 
156142078599656 1375030644408386003 0.68859863 2.6151428 9.553619 
156142081407531 1375030644426696550 0.7338257 2.5818176 9.563141 
156142101520457 1375030644447936784 0.74334717 2.6246643 9.515533 
156142136588364 1375030644468841325 0.73501587 2.5877686 9.507202 
156142170862742 1375030644488982927 0.74334717 2.5615845 9.536957 
156142173029688 1375030644509124528 0.7064514 2.5949097 9.569092 
156142181727994 1375030644529266130 0.71121216 2.591339 9.545288 
156142198666801 1375030644549377214 0.7147827 2.5615845 9.514343 
156142218962850 1375030644569549333 0.7016907 2.5937195 9.613129 
156142238862132 1375030644589660417 0.67788696 2.629425 9.521484 
156142259341302 1375030644610107194 0.68026733 2.6710815 9.511963 
156142279545788 1375030644630248796 0.7219238 2.6437073 9.49292 
156142301673058 1375030644651519548 0.7302551 2.6318054 9.514343 
156142319680077 1375030644670226823 0.774292 2.5925293 9.526245 
156142339793003 1375030644690368425 0.7802429 2.6080017 9.534576 
156142359966969 1375030644710510026 0.7731018 2.6139526 9.508392 
156142380110415 1375030644730651628 0.7243042 2.5865784 9.55957 
156142400436983 1375030644750793230 0.7171631 2.6341858 9.502441 
156142449208537 1375030644770965349 0.7588196 2.577057 9.483398 
156142457357477 1375030644791076433 0.7219238 2.5925293 9.4953 
156142461905014 1375030644811218034 0.723114 2.6044312 9.454834 
156142499536633 1375030644832336198 0.71240234 2.6080017 9.507202 
156142508204419 1375030644850524675 0.710022 2.6377563 9.544098 
156142523678247 1375030644871673356 0.69692993 2.6651306 9.569092 
156142551238143 1375030644891814958 0.72906494 2.6758423 9.5607605 
156142578157111 1375030644911926042 0.7171631 2.6210938 9.515533 
156142584352747 1375030644932067644 0.73739624 2.6282349 9.507202 
156142602939653 1375030644952209245 0.7219238 2.6008606 9.542908 
156142629400816 1375030644972350847 0.755249 2.6151428 9.523865 
156142643318105 1375030644992797624 0.7564392 2.5960999 9.551239 
156142662790103 1375030645012939226 0.77905273 2.5960999 9.535767 
156142697766451 1375030645032989274 0.81118774 2.616333 9.446503 
156142703687404 1375030645052917253 0.7635803 2.6234741 9.43103 
156142723678248 1375030645073058855 0.7302551 2.6722717 9.402466 
156142752611560 1375030645093230974 0.68621826 2.6603699 9.470306 
156142763293691 1375030645113342058 0.66955566 2.6329956 9.552429 
156142783437136 1375030645133483659 0.59814453 2.6651306 9.5928955 
156142830682672 1375030645153625261 0.5993347 2.6698914 9.646454 
156142838740050 1375030645173766862 0.6766968 2.6199036 9.551239 
156142847102632 1375030645193908464 0.80999756 2.59729 9.459595 
156142869016259 1375030645214050065 0.7980957 2.616333 9.569092 
156142938083862 1375030645234191667 0.8730774 2.6567993 9.573853 
156142939915084 1375030645253321076 0.82666016 2.5960999 9.565521 
156142942112551 1375030645274530793 0.81951904 2.6210938 9.435791 
156142953588211 1375030645294855500 0.7635803 2.6437073 9.417938 
156142964117739 1375030645315027619 0.7219238 2.6341858 9.49173 
156142984352746 1375030645335291291 0.68740845 2.712738 9.475067 
156143004526714 1375030645355280304 0.6659851 2.699646 9.542908 
156143024517558 1375030645375421906 0.6314697 2.680603 9.571472 
156143044630483 1375030645395563508 0.6409912 2.6556091 9.538147 
156143064865490 1375030645415735627 0.68859863 2.648468 9.55719 
156143085253098 1375030645436151886 0.7171631 2.6115723 9.563141 
156143105762788 1375030645456293488 0.7814331 2.6520386 9.49054 
156143126516641 1375030645476129914 0.8171387 2.6460876 9.478638 
156143145622394 1375030645496271515 0.8004761 2.7079773 9.506012 
156143165674278 1375030645516413117 0.755249 2.7222595 9.515533 
156143186031367 1375030645536707306 0.76119995 2.6627502 9.582184 
156143206113771 1375030645556696320 0.7659607 2.6377563 9.536957 
156143229034572 1375030645576837922 0.73739624 2.6234741 9.547668 
156143255587295 1375030645596979523 0.7326355 2.6234741 9.510773 
156143267337638 1375030645617121125 0.7338257 2.680603 9.523865 
156143286962238 1375030645637262726 0.7171631 2.609192 9.458405 
156143308173897 1375030645655939484 0.72073364 2.6782227 9.442932 
156143332773319 1375030645677118683 0.69692993 2.680603 9.514343 
156143348277668 1375030645697779084 0.6743164 2.6639404 9.538147 
156143370496499 1375030645717859650 0.6838379 2.6722717 9.55719 
156143398727843 1375030645737970734 0.76239014 2.6329956 9.5286255 
156143410874951 1375030645760706330 0.7921448 2.6460876 9.520294 
156143428668328 1375030645778589631 0.79452515 2.6306152 9.522675 
156143458181527 1375030645798426056 0.7338257 2.6603699 9.519104 
156143468741576 1375030645818842316 0.7635803 2.66156 9.525055 
156143489220745 1375030645838983918 0.6766968 2.622284 9.547668 
156143521206095 1375030645859522248 0.6838379 2.667511 9.49054 
156143628424165 1375030645974848175 0.7397766 2.6687012 9.547668 
156143693005273 1375030646038734014 0.7814331 2.6687012 9.513153 
156143754625904 1375030646102149541 0.7397766 2.635376 9.508392 
156143819145970 1375030646165839726 0.71121216 2.6437073 9.501251 
156143887694727 1375030646229163701 0.7719116 2.6068115 9.545288 
156143956670769 1375030646293036992 0.7005005 2.6663208 9.544098 
156144011912643 1375030646356299931 0.7814331 2.6199036 9.502441 
156144088335655 1375030646420173222 0.66360474 2.6603699 9.586945 
156144136771485 1375030646483436162 0.6743164 2.6068115 9.49054 
156144205747527 1375030646547309453 0.7814331 2.635376 9.590515 
156144266574631 1375030646610663945 0.72073364 2.6651306 9.49054 
156144357769502 1375030646674415166 0.7814331 2.6115723 9.525055 
156144389449649 1375030646737739140 0.7635803 2.6270447 9.507202 
156144452046933 1375030646801551396 0.72906494 2.629425 9.489349 
156144519832680 1375030646864875371 0.6933594 2.6520386 9.517914 
156144583315053 1375030646928718144 0.7409668 2.6187134 9.517914 
156144653664513 1375030646991950566 0.65289307 2.577057 9.536957 
156144716597520 1375030647055854375 0.70407104 2.6567993 9.600037 
156144773029688 1375030647119117314 0.9075928 2.5294495 9.500061 
156144836634144 1375030647183234746 0.86712646 2.5187378 9.541718 
156144899689233 1375030647246253545 0.6195679 2.5508728 9.544098 
156144966315207 1375030647310126836 0.57315063 2.6365662 9.49292 
156145033643147 1375030647373359258 0.8314209 2.5473022 9.457214 
156145103992607 1375030647437202031 0.6671753 2.4639893 9.694061 
156145154534343 1375030647500526006 0.61242676 2.5365906 9.586945 
156145217925156 1375030647564338262 0.9456787 2.5223083 9.690491 
156145286748596 1375030647627631719 0.9064026 2.4544678 9.510773 
156145355999320 1375030647691625903 0.58862305 2.5246887 9.5928955 
156145410752868 1375030647754888843 0.49102783 2.5818176 9.43222 
156145494348168 1375030647818762134 0.66360474 2.5020752 9.629791 
156145535001303 1375030647882025073 0.6159973 2.5187378 9.5286255 
156145599521372 1375030647945867847 0.7171631 2.571106 9.578613 
156145669138340 1375030648009130786 0.7647705 2.5354004 9.6440735 
156145728164741 1375030648073065112 0.71240234 2.5211182 9.458405 
156145804007866 1375030648136297534 0.66360474 2.5223083 9.5095825 
156145857754243 1375030648200140307 0.70526123 2.6639404 9.43103 
156145915285144 1375030648263403247 0.78738403 2.5342102 9.727386 
156145980964984 1375030648327307056 1.0147095 2.4580383 9.605988 
156146054366480 1375030648390539477 0.8230896 2.5663452 9.383423 
156146115529306 1375030648454473804 0.6350403 2.686554 9.546478 
156146172510843 1375030648517828296 0.58981323 2.8246155 9.244171 
156146233093781 1375030648581868771 0.6255188 2.5603943 9.519104 
156146298254776 1375030648644979123 0.6933594 2.5104065 9.882111 
156146366864573 1375030648708852414 1.0087585 2.4663696 9.519104 
156146428851449 1375030648772145871 0.9790039 2.6877441 9.761902 
156146505976431 1375030648835927609 0.79333496 2.513977 9.373901 
156146555266831 1375030648899251584 0.639801 2.6389465 9.410797 
156146622625293 1375030648963124875 0.806427 2.7329712 9.659546 
156146678416533 1375030649026459078 0.81118774 2.5865784 9.400085 
156146743730130 1375030649090332369 0.8635559 2.7079773 9.586945 
156146815971853 1375030649153595309 0.80285645 2.6663208 9.516724 
156146871274767 1375030649217407565 0.7564392 2.6556091 9.49173 
156146934574020 1375030649280731539 0.67907715 2.777008 9.521484 
156146998025873 1375030649344604830 0.81832886 2.6508484 9.417938 
156147063949877 1375030649407837252 0.75405884 2.6722717 9.395325 
156147146843209 1375030649471680026 0.69692993 2.7163086 9.448883 
156147188564557 1375030649535034518 0.7635803 2.622284 9.448883 
156147252626819 1375030649598846774 0.87545776 2.7793884 9.679779 
156147316628040 1375030649662140231 0.72073364 2.648468 9.766663 
156147379255843 1375030649726013522 0.66955566 2.674652 9.49173 
156147445576614 1375030649787842135 0.8076172 2.654419 9.372711 
156147533414245 1375030649853164337 0.7302551 2.7496338 9.454834 
156147569764009 1375030649916396759 0.75167847 2.7984314 9.585754 
156147634131473 1375030649980270050 0.7588196 2.7270203 9.369141 
156147696850839 1375030650043532989 0.79452515 2.7615356 9.544098 
156147785237837 1375030650107436798 0.6517029 2.699646 9.4953 
156147852291095 1375030650170699738 0.6029053 2.6556091 9.607178 
156147888610338 1375030650234511993 0.72787476 2.6687012 9.514343 
156147951695949 1375030650297835968 0.81832886 2.6639404 9.497681 
156148013865946 1375030650361709259 0.7992859 2.737732 9.545288 
156148078996421 1375030650424941681 0.53982544 2.692505 9.502441 
156148144248976 1375030650488845489 0.7564392 2.6329956 9.575043 
156148217314748 1375030650552108429 0.6993103 2.7198792 9.373901 
156148273716397 1375030650616073273 0.76953125 2.7520142 9.521484 
156148333627887 1375030650679214142 0.67193604 2.7734375 9.615509 
156148396225171 1375030650743087433 0.6338501 2.5449219 9.4964905 
156148460745237 1375030650806350372 0.6100464 2.6139526 9.422699 
156148526913405 1375030650870223663 0.65289307 2.8388977 9.561951 
156148588137273 1375030650933517120 0.63861084 2.8246155 9.476257 
156148648262406 1375030650996657989 0.85046387 2.7305908 9.551239 
156148704267289 1375030651054488800 0.44937134 2.769867 9.414368 
156148725997794 1375030651076034210 0.46365356 2.744873 9.569092 
156148747636738 1375030651097610138 0.5076904 2.7805786 9.516724 
156148765857400 1375030651116408966 0.5767212 2.821045 9.408417 
156148793814061 1375030651136336945 0.58029175 2.828186 9.416748 
156148806449495 1375030651156722687 0.5993347 2.8258057 9.391754 
156148826165656 1375030651176528595 0.57315063 2.8043823 9.457214 
156148855190529 1375030651196670197 0.64694214 2.807953 9.458405 
156148865781099 1375030651216842316 0.690979 2.7662964 9.548859 
156148896606676 1375030651236953400 0.76000977 2.7615356 9.563141 
156148936344200 1375030651257095001 0.7005005 2.7686768 9.583374 
156148955327872 1375030651277236603 0.710022 2.8031921 9.546478 
156148956304524 1375030651297408722 0.575531 2.8127136 9.49292 
156148968360071 1375030651317550323 0.57315063 2.7686768 9.521484 
156148986336570 1375030651337691925 0.56243896 2.7996216 9.401276 
156149005411803 1375030651356185577 0.54577637 2.769867 9.476257 
156149028027399 1375030651377395294 0.52316284 2.7472534 9.4964905 
156149047774079 1375030651398177765 0.5410156 2.7615356 9.466736 
156149067581801 1375030651418497219 0.6350403 2.7734375 9.458405 
156149087236920 1375030651438577785 0.5767212 2.7912903 9.542908 
156149109089508 1375030651458749904 0.54696655 2.841278 9.321533 
156149127371211 1375030651478952541 0.575531 2.7532043 9.420319 
156149147941941 1375030651499033108 0.58981323 2.7901 9.680969 
156149214567915 1375030651519174709 0.48745728 2.873413 9.721436 
156149215300404 1375030651539621486 0.6148071 2.8769836 9.545288 
156149216032893 1375030651559763088 0.58743286 2.7722473 9.384613 
156149235260727 1375030651580911770 0.6195679 2.7484436 9.392944 
156149351726468 1375030651599771633 0.774292 2.7365417 9.378662 
156149385115755 1375030651619882717 0.77072144 2.7270203 9.525055 
156149392959490 1375030651639993801 0.7076416 2.7805786 9.459595 
156149395095916 1375030651660165920 0.6350403 2.763916 9.517914 
156149395828405 1375030651680307522 0.60528564 2.7817688 9.454834 
156149402603929 1375030651700449123 0.53030396 2.8103333 9.526245 
156149406083251 1375030651720590725 0.5279236 2.7924805 9.460785 
156149466818791 1375030651740732326 0.511261 2.7972412 9.459595 
156149467734403 1375030651759042873 0.57910156 2.7234497 9.498871 
156149474876170 1375030651780222072 0.58743286 2.777008 9.489349 
156149475578138 1375030651801187649 0.5493469 2.8067627 9.483398 
156149514735777 1375030651821298733 0.524353 2.8329468 9.545288 
156149523037318 1375030651841409817 0.62075806 2.847229 9.425079 
156149543394407 1375030651862436428 0.6505127 2.8186646 9.484589 
156149544310018 1375030651881723537 0.6981201 2.7912903 9.408417 
156149551024500 1375030651901834621 0.6433716 2.7151184 9.466736 
156149589937974 1375030651922311916 0.63623047 2.7424927 9.488159 
156149642524576 1375030651942453518 0.6433716 2.7222595 9.514343 
156149653450869 1375030651962412014 0.6195679 2.7686768 9.511963 
156149696393032 1375030651982431545 0.62789917 2.8103333 9.516724 
156149697339164 1375030652002573147 0.65527344 2.7603455 9.547668 
156149702222423 1375030652022684231 0.63027954 2.7424927 9.43222 
156149746873728 1375030652042856350 0.61242676 2.7472534 9.42865 
156149748033503 1375030652062997951 0.57910156 2.7793884 9.453644 
156149753923934 1375030652083200588 0.63742065 2.782959 9.450073 
156149756182442 1375030652103281154 0.639801 2.822235 9.550049 
156149782399441 1375030652123392238 0.66955566 2.8293762 9.519104 
156149794973835 1375030652143655910 0.58029175 2.8127136 9.515533 
156149812339928 1375030652163736477 0.58862305 2.8198547 9.378662 
156149831842446 1375030652182779445 0.6005249 2.7805786 9.414368 
156149853725553 1375030652204019680 0.5088806 2.8484192 9.497681 
156149929812840 1375030652224143564 0.5505371 2.9007874 9.489349 
156149930881054 1375030652244285165 0.5743408 2.8067627 9.511963 
156149931644063 1375030652264426767 0.5695801 2.7686768 9.569092 
156149944584701 1375030652284568368 0.5338745 2.7651062 9.478638 
156149954168098 1375030652304709970 0.5267334 2.7877197 9.4453125 
156149978218151 1375030652325126230 0.47436523 2.8746033 9.372711 
156149997903791 1375030652344962656 0.5100708 2.828186 9.439362 
156150014720516 1375030652365409433 0.5850525 2.8055725 9.547668 
156150034558758 1375030652385245859 0.6814575 2.763916 9.627411 
156150054763245 1375030652405417978 0.56481934 2.8246155 9.5095825 
156150078569135 1375030652425529062 0.55410767 2.8817444 9.378662 
156150096179389 1375030652445670663 0.65408325 2.705597 9.315582 
156150116689080 1375030652465934335 0.62908936 2.6889343 9.391754 
156150135306508 1375030652485953867 0.46722412 2.8174744 9.732147 
156150202298725 1375030652506125986 0.49578857 2.8436584 9.774994 
156150207975514 1375030652526267587 0.460083 2.924591 9.680969 
156150241761567 1375030652546378671 0.511261 2.8781738 9.417938 
156150242799259 1375030652566520273 0.51364136 2.8043823 9.294159 
156150273746916 1375030652585410654 0.5088806 2.7496338 9.264404 
156150313911726 1375030652606620370 0.56243896 2.7651062 9.425079 
156150315071500 1375030652626975595 0.5517273 2.7520142 9.691681 
156150346812688 1375030652647117197 0.51483154 2.8460388 9.653595 
156150353405089 1375030652667228281 0.4862671 2.8757935 9.447693 
156150385482000 1375030652687369882 0.47079468 2.8031921 9.3619995 
156150417162146 1375030652707511484 0.55648804 2.7294006 9.450073 
156150425952013 1375030652727653085 0.6243286 2.738922 9.526245 
156150427020226 1375030652748099863 0.626709 2.7865295 9.651215 
156150427722195 1375030652768241464 0.63027954 2.7865295 9.635742 
156150437854958 1375030652788596689 0.6029053 2.6389465 9.523865 
156150457357476 1375030652808219492 0.6433716 2.815094 9.372711 
156150477439882 1375030652828361093 0.5826721 2.8174744 9.184662 
156150497613848 1375030652848502695 0.54577637 2.8246155 9.3619995 
156150518093017 1375030652868644296 0.54577637 2.8127136 9.585754 
156150538175422 1375030652888785898 0.5207825 2.8055725 9.653595 
156150563659934 1375030652908958017 0.524353 2.7936707 9.62384 
156150595126437 1375030652929069101 0.57315063 2.78891 9.438171 
156150598575239 1375030652949210702 0.5576782 2.7758179 9.352478 
156150621984364 1375030652969779550 0.55648804 2.7781982 9.310822 
156150637305591 1375030652988029062 0.53744507 2.8579407 9.411987 
156150658547771 1375030653009208261 0.53982544 2.8579407 9.4953 
156150679912032 1375030653029807626 0.58862305 2.8912659 9.546478 
156150717604692 1375030653049918710 0.60528564 2.8198547 9.539337 
156150719954760 1375030653070090829 0.64694214 2.847229 9.501251 
156150745713954 1375030653090201913 0.6088562 2.8448486 9.461975 
156150762439118 1375030653110343515 0.5422058 2.807953 9.49411 
156150779774689 1375030653130485117 0.51483154 2.866272 9.386993 
156150800711666 1375030653150931894 0.5267334 2.8317566 9.438171 
156150827020226 1375030653170798837 0.42199707 2.8067627 9.357239 
156150846797427 1375030653191215097 0.3791504 2.9341125 9.200134 
156150863705713 1375030653211051523 0.575531 2.6520386 9.435791 
156150882384182 1375030653231193124 0.5410156 2.7865295 9.780945 
156150901642537 1375030653251334726 0.48388672 2.8888855 9.884491 
156150920809330 1375030653271476327 0.4124756 2.9805298 9.62027 
