#SysTm EventTmStmp Mag:x Mag:y Mag:z
312458676464638 1379576966347585086 -13.55896 -38.339233 -11.279297 
312458713516369 1379576966538716678 -13.499451 -38.038635 -11.878967 
312458768056275 1379576966601888064 -13.55896 -38.09967 -11.938477 
312458835780981 1379576966665822390 -13.439941 -38.15918 -12.11853 
312458909457160 1379576966729146365 -13.439941 -37.919617 -12.298584 
312458950873305 1379576966792958621 -13.378906 -38.15918 -12.599182 
312459017316157 1379576966856236176 -13.499451 -38.09967 -12.719727 
312459081042693 1379576966920231537 -13.499451 -38.15918 -13.018799 
312459143823099 1379576966983433441 -13.55896 -38.038635 -13.079834 
312459208984095 1379576967047398285 -13.859558 -37.979126 -13.439941 
312459268834544 1379576967110539154 -13.798523 -37.979126 -13.499451 
312459333049409 1379576967174503998 -13.55896 -37.979126 -13.55896 
312459395616171 1379576967237675385 -13.439941 -38.21869 -13.439941 
312459483087558 1379576967301894686 -13.259888 -38.279724 -13.259888 
312459522825083 1379576967364821932 -13.079834 -38.459778 -13.259888 
312459586795783 1379576967428786776 -12.779236 -38.519287 -13.139343 
312459650461281 1379576967492110750 -12.658691 -38.69934 -13.139343 
312459714248858 1379576967555923006 -12.11853 -39.05945 -13.018799 
312459777395509 1379576967619094393 -11.819458 -38.938904 -13.198853 
312459842495463 1379576967683059237 -11.639404 -38.938904 -13.499451 
312459904665462 1379576967746200106 -11.51886 -39.05945 -13.739014 
312459968269918 1379576967810195467 -11.459351 -38.938904 -14.039612 
312460040511639 1379576967873366854 -11.219788 -38.938904 -14.279175 
312460133903979 1379576967937301180 -11.099243 -39.179993 -14.579773 
312460158411837 1379576968000442049 -10.679626 -39.419556 -15.119934 
312460222443580 1379576968064437411 -10.679626 -39.65912 -15.238953 
312460288947470 1379576968127653828 -10.559082 -40.019226 -15.478516 
312460349560930 1379576968191649189 -10.559082 -40.319824 -15.7196045 
312460417896043 1379576968254851093 -10.499573 -40.499878 -16.018677 
312460477258167 1379576968318815937 -10.739136 -40.499878 -16.19873 
312460540038574 1379576968381987324 -11.099243 -40.79895 -16.558838 
312460603978753 1379576968445952168 -11.459351 -40.559387 -16.619873 
312460670665767 1379576968510100117 -12.11853 -40.559387 -16.619873 
312460736284567 1379576968573027363 -12.478638 -40.379333 -16.679382 
312460794090152 1379576968636229267 -12.779236 -40.319824 -16.738892 
312460858732302 1379576968700682392 -13.198853 -40.19928 -16.619873 
312460921482187 1379576968763396015 -13.55896 -40.13977 -16.259766 
312460987741915 1379576968827360859 -13.679504 -40.25879 -16.018677 
312461048599537 1379576968890532246 -13.439941 -40.438843 -15.7196045 
312461112570238 1379576968954497090 -13.378906 -41.038513 -15.359497 
312461176022093 1379576969017668476 -12.89978 -41.519165 -14.819336 
312461255283499 1379576969081633320 -12.478638 -41.999817 -14.338684 
312461321390625 1379576969144987812 -12.179565 -42.539978 -13.739014 
312461366652337 1379576969208708515 -11.759949 -42.89856 -13.439941 
312461429860029 1379576969271879902 -11.399841 -43.199158 -13.139343 
312461493891770 1379576969335844746 -10.798645 -43.43872 -12.89978 
312461557068941 1379576969399016132 -10.559082 -43.73932 -12.599182 
312461621131202 1379576969463042011 -10.079956 -43.919373 -12.359619 
312461684277853 1379576969526213398 -10.079956 -43.97888 -12.059021 
312461748675839 1379576969590147724 -10.018921 -43.859863 -11.878967 
312461811822489 1379576969653349629 -10.198975 -43.73932 -11.579895 
312461919376281 1379576969717375507 -10.258484 -43.73932 -11.039734 
312461938451514 1379576969780571324 -10.079956 -43.73932 -10.679626 
312462022535140 1379576969844505650 -9.959412 -43.859863 -10.438538 
312462070360563 1379576969907707554 -9.658813 -43.67981 -10.198975 
312462129600606 1379576969971702916 -9.719849 -43.43872 -10.018921 
312462211059480 1379576970034843785 -9.539795 -43.319702 -9.838867 
312462259159586 1379576970098900181 -9.4192505 -43.37921 -9.599304 
312462320108771 1379576970162010533 -9.298706 -43.258667 -9.298706 
312462385422367 1379576970226005894 -9.059143 -43.199158 -9.298706 
312462471367736 1379576970289238316 -8.999634 -43.019104 -9.298706 
312462514767705 1379576970353081090 -9.118652 -42.83905 -9.1796875 
312462575564286 1379576970416252476 -9.298706 -42.718506 -8.999634 
312462641183087 1379576970480247838 -9.539795 -42.539978 -9.118652 
312462704512860 1379576970543463382 -9.899902 -42.059326 -8.999634 
312462765462042 1379576970607428225 -10.198975 -41.758728 -8.938599 
312462829554826 1379576970670660647 -10.379028 -41.758728 -8.999634 
312462892823557 1379576970734594973 -10.739136 -41.459656 -8.81958 
312462955756564 1379576970797766360 -11.338806 -41.578674 -8.578491 
312463072588549 1379576970861761722 -11.759949 -41.758728 -8.459473 
312463082812874 1379576970924933108 -12.059021 -41.819763 -8.338928 
312463146630975 1379576970988806399 -11.999512 -41.999817 -8.099365 
312463211822489 1379576971052008304 -11.639404 -42.419434 -8.399963 
312463278540022 1379576971116064700 -11.279297 -42.77954 -8.578491 
312463337261219 1379576971179144534 -10.739136 -43.019104 -9.118652 
312463429860030 1379576971243689212 -9.838867 -43.319702 -9.539795 
312463515408633 1379576971306738528 -9.1796875 -43.618774 -10.079956 
312463533934499 1379576971370306643 -8.459473 -43.79883 -10.379028 
312463593082980 1379576971433416995 -7.499695 -44.158936 -10.618591 
312463674480812 1379576971497412356 -6.5994263 -44.3985 -11.219788 
312463718552231 1379576971560553225 -5.8792114 -44.519043 -11.639404 
312463782522932 1379576971624518069 -5.3390503 -44.639587 -12.11853 
312463848874221 1379576971687689456 -4.798889 -44.578552 -12.599182 
312463929600605 1379576971751959475 -5.039978 -44.639587 -12.95929 
312463989756259 1379576971815283450 -4.798889 -44.699097 -13.499451 
312464051376892 1379576971879400882 -4.499817 -44.578552 -13.739014 
312464113852093 1379576971942419681 -4.499817 -44.578552 -14.039612 
312464177059784 1379576972006445559 -4.4387817 -44.639587 -14.279175 
312464247195601 1379576972069220218 -4.319763 -44.578552 -14.579773 
312464350720703 1379576972133185061 -3.8986206 -44.519043 -14.759827 
312464356763736 1379576972196380920 -3.8391113 -44.639587 -14.878845 
312464418292808 1379576972260376281 -3.1188965 -44.699097 -15.238953 
312464481622580 1379576972323517150 -2.4597168 -44.519043 -15.238953 
312464552124640 1379576972387481994 -2.279663 -44.758606 -15.59906 
312464629982110 1379576972450897521 -1.8585205 -44.699097 -16.139221 
312464687635093 1379576972515137023 -1.499939 -44.578552 -16.19873 
312464749103124 1379576972578247375 -1.5594482 -44.3985 -16.018677 
312464812921222 1379576972642273254 -1.6799927 -44.099426 -16.079712 
312464878631584 1379576972705353088 -1.8585205 -43.859863 -16.259766 
312464942968529 1379576972769592590 -2.279663 -43.618774 -16.319275 
312465056168590 1379576972832519836 -2.9388428 -43.37921 -16.43982 
312465060868727 1379576972896026916 -3.3599854 -43.258667 -16.558838 
312465117178814 1379576972959242415 -3.9596558 -43.078613 -16.558838 
312465183408022 1379576973023207258 -4.6188354 -43.13965 -16.619873 
312465246096867 1379576973086378645 -4.978943 -43.258667 -16.558838 
312465312936481 1379576973150343489 -5.039978 -43.43872 -16.918945 
312465373916186 1379576973213514876 -4.798889 -43.73932 -16.799927 
312465445486459 1379576973277998518 -4.6798706 -43.73932 -16.738892 
312465511624107 1379576973341108870 -4.1397095 -44.158936 -16.859436 
312465580447545 1379576973404676985 -3.6590576 -44.158936 -16.558838 
312465654428929 1379576973467787336 -3.2989502 -44.27948 -16.19873 
312465689618918 1379576973531752180 -3.1799316 -44.27948 -16.139221 
312465752796088 1379576973594923567 -3.0593872 -44.459534 -15.9591675 
312465818750613 1379576973658918928 -3.3599854 -44.758606 -15.539551 
312465880188122 1379576973722059797 -3.6590576 -44.639587 -15.179443 
312465952735048 1379576973786024641 -3.8986206 -45.059204 -14.819336 
312466033797156 1379576973849226545 -4.3792725 -45.118713 -14.338684 
312466091236498 1379576973913221907 -4.8599243 -45.298767 -13.978577 
312466143334773 1379576973976362776 -4.978943 -45.539856 -13.739014 
312466212097171 1379576974040449690 -5.0994873 -45.658875 -13.139343 
312466313028043 1379576974103743147 -5.0994873 -45.71991 -12.95929 
312466325663477 1379576974167402815 -5.0994873 -45.959473 -12.419128 
312466388565964 1379576974230604719 -4.978943 -46.31958 -12.179565 
312466452750307 1379576974294569563 -4.4387817 -46.37909 -11.698914 
312466515683315 1379576974357710432 -3.8986206 -46.31958 -11.279297 
312466579867658 1379576974421705794 -3.4194946 -46.499634 -10.919189 
312466662272664 1379576974485487532 -2.9388428 -46.739197 -10.798645 
312466722153635 1379576974549513411 -2.1591187 -46.798706 -10.679626 
312466788382843 1379576974612831354 -1.739502 -46.91925 -10.258484 
312466835933582 1379576974676613093 -1.3793945 -46.679688 -9.899902 
312466925175151 1379576974739326716 -1.1398315 -46.139526 -9.359741 
312466961341792 1379576974803261042 -1.499939 -45.899963 -9.1796875 
312467024274800 1379576974866432429 -1.6799927 -45.77942 -9.059143 
312467089069550 1379576974930427790 -1.7990112 -45.17975 -9.1796875 
312467152979211 1379576974993599177 -1.9195557 -44.578552 -9.239197 
312467215729096 1379576975057533503 -2.218628 -44.039917 -9.4192505 
312467278753666 1379576975120735407 -2.6397705 -43.43872 -9.658813 
312467342754886 1379576975184700251 -2.6397705 -42.959595 -9.959412 
312467406237260 1379576975247871638 -2.9388428 -42.89856 -10.198975 
312467474541854 1379576975312050104 -2.6992798 -42.599487 -10.438538 
312467532927325 1379576975375051974 -2.8793335 -42.059326 -10.739136 
312467596898026 1379576975439016817 -2.8793335 -41.879272 -10.798645 
312467660136238 1379576975502188204 -2.999878 -41.63971 -10.798645 
312467724015376 1379576975566153048 -3.0593872 -41.39862 -10.919189 
312467787162028 1379576975629293917 -2.8198242 -40.979004 -11.039734 
312467852017818 1379576975693319796 -2.758789 -40.618896 -11.219788 
312467914889786 1379576975756491182 -2.3986816 -40.019226 -11.399841 
312467978433201 1379576975820456026 -2.5787354 -39.538574 -11.51886 
312468049667750 1379576975883718966 -2.3986816 -39.179993 -11.51886 
312468128318749 1379576975947714327 -2.3986816 -38.63983 -11.579895 
312468168819284 1379576976010733126 -2.218628 -37.979126 -11.938477 
312468232667902 1379576976074697970 -2.4597168 -37.319946 -11.999512 
312468295845073 1379576976137869356 -2.6397705 -36.898804 -12.11853 
312468362135323 1379576976201834200 -2.8198242 -36.59973 -11.938477 
312468422474098 1379576976263662813 -3.239441 -36.479187 -11.759949 
312468487055206 1379576976329031466 -3.239441 -36.299133 -11.579895 
312468550751223 1379576976392233370 -3.239441 -36.11908 -11.639404 
312468614264118 1379576976456167696 -3.3599854 -36.358643 -11.459351 
312468679516675 1379576976519430636 -3.5385132 -36.59973 -11.219788 
312468748309593 1379576976583212374 -3.2989502 -36.95984 -11.158752 
312468809228257 1379576976646444796 -3.1799316 -37.319946 -10.739136 
312468868620900 1379576976710440157 -2.999878 -37.799072 -10.919189 
312468931889632 1379576976773611544 -2.5787354 -38.15918 -11.039734 
312468995921375 1379576976837576388 -2.3391724 -38.398743 -11.039734 
312469058945943 1379576976900747774 -2.3391724 -38.819885 -10.85968 
312469122825082 1379576976964682100 -2.0385742 -39.05945 -11.039734 
312469186093813 1379576977027974306 -1.7990112 -39.35852 -10.978699 
312469249942433 1379576977091939150 -1.3793945 -39.65912 -11.039734 
312469322245196 1379576977155080019 -1.2588501 -39.65912 -11.219788 
312469376907182 1379576977219014345 -1.1398315 -39.65912 -11.399841 
312469440236955 1379576977282216250 -1.1398315 -39.779663 -11.51886 
312469504238175 1379576977346242128 -1.0192871 -39.839172 -11.399841 
312469567415347 1379576977409413515 -0.7797241 -39.89868 -11.399841 
312469631752291 1379576977472706972 -0.7797241 -39.959717 -11.099243 
312469694624258 1379576977536549746 -0.95977783 -40.019226 -10.85968 
312469758533918 1379576977600514589 -1.3793945 -39.959717 -10.679626 
312469822382537 1379576977664265810 -1.1398315 -40.25879 -10.85968 
312469932133795 1379576977727772890 -1.2588501 -40.319824 -10.379028 
312469948767398 1379576977790791689 -1.3198853 -40.438843 -10.379028 
312470015118688 1379576977854862758 -1.6189575 -40.67993 -10.499573 
312470077624410 1379576977918095180 -1.8585205 -40.618896 -10.618591 
312470146234209 1379576977982060024 -1.979065 -40.73944 -11.158752 
312470222657220 1379576978045780727 -2.1591187 -40.979004 -11.639404 
312470279425113 1379576978109806606 -2.279663 -41.159058 -11.878967 
312470344158822 1379576978172947475 -2.4597168 -41.33911 -12.059021 
312470407671717 1379576978236881801 -2.9388428 -41.519165 -12.478638 
312470477288687 1379576978300094350 -3.4194946 -41.819763 -12.599182 
312470566225051 1379576978363387807 -3.8391113 -42.17987 -13.018799 
312470602635856 1379576978426559194 -4.319763 -42.599487 -13.378906 
312470648446934 1379576978490524038 -4.798889 -42.89856 -13.198853 
312470711563064 1379576978553664907 -5.0994873 -43.499756 -13.198853 
312470775472725 1379576978617660268 -5.6396484 -44.099426 -13.139343 
312470841732453 1379576978680831655 -6.1187744 -44.519043 -13.319397 
312470918552230 1379576978745559438 -6.059265 -45.059204 -13.55896 
312470981180034 1379576978808517202 -5.819702 -45.298767 -13.798523 
312471043533154 1379576978873641713 -5.8792114 -45.658875 -13.978577 
312471116598926 1379576978935928090 -5.4595947 -46.139526 -14.099121 
312471184323632 1379576978999557241 -5.279541 -46.499634 -14.338684 
312471220459753 1379576979062301381 -5.218506 -46.4386 -14.338684 
312471284064209 1379576979126310909 -4.8599243 -46.499634 -14.338684 
312471347241379 1379576979189451778 -4.6798706 -46.559143 -13.978577 
312471417438237 1379576979253447139 -4.6798706 -46.4386 -13.679504 
312471484003168 1379576979316679561 -4.6188354 -46.559143 -13.55896 
312471565065277 1379576979381346309 -4.6188354 -46.258545 -13.259888 
312471601659204 1379576979443754757 -4.978943 -45.899963 -13.018799 
312471667033841 1379576979508085811 -5.279541 -45.77942 -12.95929 
312471738359952 1379576979571053800 -5.4595947 -45.539856 -12.779236 
312471863554520 1379576979634988126 -5.6396484 -45.298767 -12.719727 
312471920139289 1379576979762063321 -6.1798096 -44.578552 -12.658691 
312471983133337 1379576979825204190 -6.4193726 -44.039917 -12.539673 
312472047256639 1379576979889199552 -6.5994263 -43.919373 -12.599182 
312472142266558 1379576979952615079 -6.539917 -43.559265 -12.539673 
312472189725740 1379576980016885099 -6.539917 -43.13965 -12.539673 
312472251590534 1379576980079995450 -6.478882 -42.718506 -12.478638 
312472318430148 1379576980143990811 -6.5994263 -42.419434 -12.539673 
312472380233901 1379576980207101163 -6.5994263 -42.478943 -12.478638 
312472454367888 1379576980271127042 -6.6589355 -42.359924 -12.779236 
312472491938466 1379576980333779630 -6.8984985 -42.17987 -12.719727 
312472555603962 1379576980397789630 -6.8389893 -41.999817 -12.838745 
312472624885207 1379576980460991534 -6.8984985 -41.93878 -13.198853 
312472687207806 1379576980524956378 -7.019043 -41.69922 -13.259888 
312472756336452 1379576980588097247 -7.258606 -41.578674 -13.378906 
312472825159891 1379576980652580890 -7.1395874 -41.279602 -13.55896 
312472891602740 1379576980715630206 -7.1395874 -40.979004 -13.55896 
312472950384978 1379576980779717120 -7.019043 -41.09955 -13.378906 
312473014630362 1379576980842796954 -6.539917 -41.33911 -13.55896 
312473108144783 1379576980906822833 -6.478882 -41.519165 -13.55896 
312473149499887 1379576980969505939 -5.999756 -41.758728 -13.378906 
312473191404358 1379576981033409747 -5.819702 -42.118835 -13.198853 
312473259892074 1379576981096611652 -5.1589966 -42.539978 -13.439941 
312473318765871 1379576981160607013 -4.6798706 -43.019104 -13.439941 
312473383835306 1379576981223717364 -4.019165 -43.319702 -13.439941 
312473471215132 1379576981288414630 -3.6590576 -43.43872 -13.499451 
312473523130285 1379576981351433429 -3.479004 -43.618774 -13.499451 
312473612219253 1379576981415672931 -2.999878 -43.67981 -13.259888 
312473635994622 1379576981478050861 -2.8198242 -43.67981 -13.198853 
312473703292043 1379576981541985187 -2.6992798 -43.618774 -13.378906 
312473781027432 1379576981605156573 -2.999878 -43.199158 -13.198853 
312473827082674 1379576981669090900 -3.2989502 -42.89856 -13.439941 
312473890381925 1379576981732292804 -3.8986206 -42.478943 -13.619995 
312473956000727 1379576981796227130 -4.499817 -41.879272 -13.798523 
312474018933734 1379576981859459552 -5.039978 -41.459656 -13.919067 
312474081592060 1379576981923424396 -5.999756 -40.73944 -13.919067 
312474144799750 1379576981986626300 -6.77948 -40.13977 -13.919067 
312474210296468 1379576982050739931 -7.0785522 -39.65912 -13.798523 
312474273168436 1379576982113941835 -7.3791504 -39.35852 -13.798523 
312474342266559 1379576982178120302 -7.978821 -38.879395 -13.319397 
312474400926714 1379576982241047548 -8.279419 -38.578796 -13.139343 
312474462852550 1379576982305012392 -8.279419 -38.15918 -12.838745 
312474526060240 1379576982368183778 -8.338928 -37.61902 -12.658691 
312474589939381 1379576982432148622 -8.1588745 -37.61902 -12.539673 
312474653635397 1379576982495320009 -7.978821 -37.5 -12.419128 
312474721878951 1379576982559315370 -7.9193115 -37.319946 -12.239075 
312474780630667 1379576982622486757 -7.798767 -36.898804 -12.239075 
312474844448765 1379576982686482118 -7.3791504 -36.779785 -12.239075 
312474908663628 1379576982749622987 -7.319641 -36.239624 -12.419128 
312475007335993 1379576982813801454 -7.258606 -36.05957 -12.658691 
312475034621205 1379576982876740927 -7.258606 -36.05957 -12.89978 
312475098500346 1379576982940705771 -7.4386597 -35.758972 -13.319397 
312475161708036 1379576983003877158 -7.6187134 -35.51941 -13.619995 
312475225983939 1379576983067842001 -7.8598022 -35.4599 -13.798523 
312475288977989 1379576983131013388 -8.1588745 -35.57892 -14.039612 
312475352918168 1379576983194978232 -8.578491 -35.81848 -14.4592285 
312475416186900 1379576983258149619 -8.758545 -36.05957 -14.579773 
312475480462805 1379576983322144980 -8.938599 -36.17859 -14.399719 
312475543426332 1379576983385316367 -9.239197 -36.299133 -14.338684 
312475653818519 1379576983449464316 -9.658813 -36.59973 -14.279175 
312475670513163 1379576983512422080 -10.198975 -36.71875 -14.219666 
312475734331263 1379576983576356406 -10.978699 -36.71875 -14.219666 
312475797508433 1379576983639558310 -11.51886 -36.538696 -14.279175 
312475864897416 1379576983703523154 -12.539673 -36.419678 -14.099121 
312475928898636 1379576983766664023 -13.919067 -35.879517 -13.919067 
312475990183543 1379576983830689902 -15.419006 -35.099792 -14.219666 
312476052902908 1379576983893861288 -17.399597 -33.839417 -14.279175 
312476115988518 1379576983957856650 -19.319153 -32.099915 -14.219666 
312476193968070 1379576984021028037 -21.359253 -30.178833 -14.219666 
312476243075349 1379576984085023398 -23.278809 -27.95868 -14.15863 
312476306099917 1379576984148103232 -25.439453 -25.439453 -13.859558 
312476370101139 1379576984212037558 -27.178955 -22.439575 -13.859558 
312476433583512 1379576984275300497 -28.799438 -20.039368 -13.859558 
312476498500346 1379576984339234824 -29.99878 -17.69867 -13.739014 
312476561036588 1379576984402436728 -30.599976 -15.7196045 -13.55896 
312476624518961 1379576984466582557 -31.019592 -13.679504 -13.679504 
312476687909775 1379576984529784461 -31.439209 -12.179565 -13.798523 
312476757954030 1379576984593718788 -31.678772 -10.798645 -14.15863 
312476832240617 1379576984656859657 -31.739807 -9.719849 -14.219666 
312476878601062 1379576984720824500 -31.559753 -8.999634 -14.219666 
312476941808754 1379576984783995887 -31.318665 -8.1588745 -14.279175 
312477006817146 1379576984847930213 -30.958557 -7.4386597 -14.518738 
312477068987144 1379576984911132118 -30.659485 -6.7199707 -14.759827 
312477132896805 1379576984975096961 -30.358887 -6.4193726 -15.179443 
312477196073975 1379576985038268348 -29.87976 -5.6396484 -15.539551 
312477260563522 1379576985102263709 -29.699707 -5.1589966 -15.658569 
312477323435488 1379576985165435096 -29.399109 -4.8599243 -16.079712 
312477429341181 1379576985229796668 -29.219055 -4.559326 -16.259766 
312477450461279 1379576985292555390 -28.979492 -4.019165 -16.499329 
312477514401458 1379576985356520234 -28.858948 -3.779602 -16.378784 
312477577487068 1379576985419630585 -28.73993 -3.479004 -16.378784 
312477641488288 1379576985483625947 -28.799438 -3.1799316 -16.19873 
312477705001184 1379576985546888886 -28.919983 -3.2989502 -15.838623 
312477771291432 1379576985610823212 -28.559875 -3.1799316 -15.478516 
312477832759462 1379576985673994599 -28.49884 -3.0593872 -15.238953 
312477896028194 1379576985737959443 -28.49884 -3.1188965 -15.179443 
312478008373685 1379576985801161347 -28.318787 -3.5385132 -15.119934 
312478022992944 1379576985865065156 -28.259277 -3.6590576 -15.119934 
312478086292195 1379576985928236542 -28.379822 -3.8391113 -15.119934 
312478150171334 1379576985992201386 -28.318787 -3.8986206 -15.058899 
312478213287465 1379576986055342255 -28.138733 -3.9596558 -15.119934 
312478277319206 1379576986119337617 -28.259277 -3.9596558 -15.119934 
312478340557418 1379576986182509003 -28.199768 -4.019165 -15.179443 
312478404589159 1379576986246504365 -28.379822 -3.8391113 -14.878845 
312478467735809 1379576986309675751 -28.49884 -3.718567 -14.518738 
312478591465400 1379576986373854218 -28.73993 -3.6590576 -14.279175 
312478597752596 1379576986437483369 -28.919983 -3.4194946 -13.679504 
312478658732299 1379576986500746308 -29.039001 -3.1799316 -13.319397 
312478721878950 1379576986563917695 -29.458618 -3.0593872 -12.719727 
312478786215894 1379576986628187714 -29.759216 -2.999878 -12.419128 
312478851895735 1379576986691084443 -29.93927 -2.8793335 -11.819458 
312478929478523 1379576986755568085 -29.818726 -2.999878 -11.759949 
312478989756257 1379576986818647919 -29.93927 -2.9388428 -11.579895 
312479058640738 1379576986882673798 -29.93927 -2.8793335 -11.51886 
312479117026211 1379576986945900140 -29.818726 -2.999878 -11.698914 
312479210845836 1379576987010139642 -29.87976 -3.1188965 -11.759949 
312479245455938 1379576987072731195 -29.579163 -3.0593872 -11.819458 
312479294563216 1379576987136635003 -29.3396 -3.0593872 -12.179565 
312479357740387 1379576987199806390 -29.3396 -3.0593872 -12.179565 
312479422504617 1379576987263801751 -29.399109 -2.6397705 -12.239075 
312479485590226 1379576987326973138 -29.219055 -2.218628 -12.179565 
312479551025906 1379576987390968499 -29.039001 -2.0385742 -12.11853 
312479613073822 1379576987454109369 -28.919983 -1.3793945 -11.999512 
312479676037350 1379576987518074212 -28.858948 -0.71868896 -11.938477 
312479739275562 1379576987581276117 -28.919983 -0.23956299 -11.819458 
312479803581986 1379576987645240960 -28.919983 0.4196167 -11.459351 
312479904146613 1379576987708578640 -28.919983 1.0787964 -11.219788 
312479933842935 1379576987772299343 -29.039001 1.499939 -10.739136 
312479994822639 1379576987835470730 -29.3396 1.7990112 -10.679626 
312480058335534 1379576987899466091 -29.579163 2.279663 -10.319519 
312480120780215 1379576987962637478 -29.87976 2.218628 -10.079956 
312480184628835 1379576988026632839 -30.119324 2.1591187 -10.018921 
312480248721616 1379576988089834744 -30.119324 2.218628 -9.959412 
312480312997521 1379576988153738552 -30.059814 2.0996094 -10.139465 
312480374984398 1379576988216970974 -29.87976 2.0996094 -10.258484 
312480473168435 1379576988280905300 -29.638672 1.979065 -10.679626 
312480501979667 1379576988344015652 -29.638672 2.0996094 -11.099243 
312480566102968 1379576988408011013 -29.638672 2.0385742 -11.459351 
312480629097017 1379576988471151882 -29.399109 2.218628 -11.878967 
312480693037198 1379576988535116726 -29.09851 2.519226 -12.179565 
312480756244889 1379576988598318630 -29.09851 2.8198242 -12.719727 
312480820551313 1379576988662313992 -29.09851 3.0593872 -13.319397 
312480883972646 1379576988725515896 -29.159546 3.3599854 -14.15863 
312480949805090 1379576988789480740 -28.979492 3.479004 -14.639282 
312481044906571 1379576988852804714 -28.919983 3.479004 -15.179443 
312481074541852 1379576988916555935 -28.979492 3.5385132 -15.59906 
312481137719022 1379576988979727322 -29.159546 3.5385132 -16.19873 
312481203612507 1379576989043753201 -29.159546 3.3599854 -16.43982 
312481265050015 1379576989106955105 -29.3396 3.1799316 -16.679382 
312481329631123 1379576989170889431 -29.519653 2.999878 -16.619873 
312481394425874 1379576989234030300 -29.699707 2.6397705 -16.738892 
312481456260148 1379576989297995144 -29.638672 2.4597168 -17.098999 
312481519834085 1379576989361409386 -29.638672 2.4597168 -17.279053 
312481614905044 1379576989425465783 -29.399109 2.519226 -17.69867 
312481647348200 1379576989488484582 -29.579163 2.5787354 -17.63916 
312481710281207 1379576989552449425 -29.519653 2.519226 -18.359375 
312481780355983 1379576989615681847 -29.159546 2.758789 -18.719482 
312481837886886 1379576989679646691 -28.799438 2.8793335 -19.259644 
312481902773196 1379576989742787560 -28.49884 3.239441 -19.558716 
312481968910842 1379576989806721886 -28.619385 3.6590576 -19.67926 
312482035811499 1379576989872151574 -28.439331 3.718567 -19.799805 
312482093861248 1379576989935048302 -28.49884 3.718567 -19.619751 
312482156305930 1379576989998280724 -28.199768 3.5385132 -19.979858 
312482226960591 1379576990062398156 -28.49884 3.239441 -19.439697 
312482281744659 1379576990123646935 -28.619385 2.8793335 -19.319153 
312482348492713 1379576990189333002 -29.039001 2.3986816 -19.1391 
312482411273121 1379576990252504389 -29.3396 1.499939 -19.07959 
312482499263354 1379576990317537348 -29.759216 0.71868896 -19.018555 
312482552246719 1379576990380617182 -30.239868 -0.17852783 -18.838501 
312482615332328 1379576990444887201 -30.479431 -0.8392334 -18.959045 
312482678143255 1379576990507417719 -30.778503 -1.6799927 -18.778992 
312482738817756 1379576990571840326 -30.778503 -2.218628 -18.659973 
312482814905043 1379576990635377924 -31.019592 -2.8793335 -18.359375 
312482870635244 1379576990697908442 -31.079102 -3.2989502 -18.179321 
312482921360102 1379576990761049311 -31.13861 -3.479004 -17.69867 
312482983072297 1379576990825014155 -30.899048 -3.718567 -17.518616 
312483047989128 1379576990888246576 -30.899048 -3.779602 -17.338562 
312483110342248 1379576990952119867 -30.839539 -3.8986206 -17.098999 
312483176174692 1379576991015321772 -30.899048 -3.718567 -16.738892 
312483241854533 1379576991080751459 -31.019592 -3.5995483 -16.918945 
312483317453496 1379576991143434565 -31.079102 -3.6590576 -16.97998 
312483379806616 1379576991207643549 -30.899048 -3.5995483 -17.03949 
312483454734130 1379576991270509760 -30.899048 -3.6590576 -17.338562 
312483506923966 1379576991333528559 -31.079102 -3.718567 -17.399597 
312483554963033 1379576991396730463 -30.778503 -3.8391113 -17.63916 
312483619422059 1379576991460756342 -30.778503 -3.8986206 -17.999268 
312483683179116 1379576991523897211 -30.718994 -4.019165 -18.598938 
312483745990044 1379576991587801020 -30.778503 -4.1397095 -18.838501 
312483813562147 1379576991650972406 -30.899048 -3.9596558 -19.198608 
312483891785862 1379576991716157953 -31.199646 -3.8391113 -19.198608 
312483944555586 1379576991779629594 -31.498718 -3.5995483 -19.319153 
312484012280293 1379576991843472367 -31.799316 -3.3599854 -19.198608 
312484080218641 1379576991907223588 -32.099915 -2.9388428 -19.1391 
312484155146155 1379576991970639115 -32.63855 -2.519226 -19.018555 
312484249850870 1379576992033718949 -32.87964 -1.9195557 -19.018555 
312484263829200 1379576992096676713 -33.17871 -1.3793945 -19.018555 
312484316110598 1379576992158139115 -33.47931 -1.0192871 -19.07959 
312484381790440 1379576992223751908 -33.898926 -0.53863525 -19.018555 
312484445181253 1379576992286984330 -34.259033 -0.23956299 -18.959045 
312484513119603 1379576992350888139 -34.61914 0.059509277 -19.018555 
312484572023920 1379576992414029008 -35.099792 0.35858154 -18.899536 
312484637215437 1379576992478024369 -35.339355 0.47912598 -19.018555 
312484699019190 1379576992540890580 -35.81848 0.35858154 -19.018555 
312484764821112 1379576992605142597 -36.11908 0.35858154 -19.198608 
312484862516825 1379576992668497089 -36.299133 0.47912598 -19.07959 
312484890778689 1379576992732461933 -36.59973 0.47912598 -19.378662 
312484953437015 1379576992795419696 -36.71875 0.7797241 -19.619751 
312485017377194 1379576992859354022 -36.779785 0.95977783 -19.859314 
312485080676447 1379576992922647479 -36.65924 1.0192871 -20.159912 
312485144738708 1379576992986703876 -36.65924 1.3198853 -20.039368 
312485207946398 1379576993049753192 -36.479187 1.7990112 -19.859314 
312485273717802 1379576993115213397 -36.538696 1.9195557 -19.73877 
312485335155311 1379576993176889423 -36.358643 2.279663 -19.979858 
312485401079315 1379576993240854267 -36.05957 2.519226 -20.039368 
312485464134404 1379576993304025653 -36.239624 2.519226 -19.73877 
312485525114108 1379576993367044452 -36.05957 2.279663 -19.73877 
312485589176370 1379576993431131366 -36.358643 2.0996094 -19.558716 
312485653208111 1379576993495126728 -36.419678 1.6189575 -19.619751 
312485716537885 1379576993558542255 -36.538696 1.3793945 -19.378662 
312485778524760 1379576993620279315 -36.479187 0.8987427 -19.439697 
312485842220776 1379576993683481220 -36.779785 0.29907227 -19.319153 
312485905764193 1379576993747415546 -36.898804 -0.35858154 -19.378662 
312485972359644 1379576993810586933 -36.65924 -1.0192871 -19.73877 
312486035689417 1379576993874673847 -36.59973 -1.2588501 -19.979858 
312486122397796 1379576993937753681 -36.17859 -1.7990112 -20.458984 
312486159663170 1379576994001688007 -35.879517 -2.0385742 -20.819092 
312486222901381 1379576994064859394 -35.758972 -2.6992798 -21.479797 
312486286963643 1379576994128793720 -35.57892 -2.999878 -21.539307 
312486348492713 1379576994190647993 -35.339355 -3.1799316 -21.539307 
312486417377195 1379576994256230268 -35.339355 -3.3599854 -21.479797 
312486477654929 1379576994319401655 -35.4599 -3.479004 -21.299744 
312486541411986 1379576994383427534 -35.57892 -3.779602 -20.939636 
312486604802800 1379576994446537886 -35.879517 -3.479004 -20.399475 
312486697432130 1379576994510685835 -36.299133 -3.5385132 -19.619751 
312486731431826 1379576994573643598 -36.419678 -3.5385132 -18.899536 
312486802666374 1379576994637608442 -36.59973 -3.779602 -18.598938 
312486860594041 1379576994702488813 -36.479187 -4.258728 -18.359375 
312486925510872 1379576994767064009 -36.358643 -4.499817 -17.999268 
312486987925034 1379576994829899702 -36.05957 -4.6798706 -17.878723 
312487053177591 1379576994893895063 -35.879517 -5.039978 -17.878723 
312487119040554 1379576994957127485 -35.639954 -5.6396484 -18.058777 
312487179074127 1379576995020921617 -35.099792 -5.819702 -18.47992 
312487271947619 1379576995084184556 -34.799194 -5.999756 -18.659973 
312487308083740 1379576995149766832 -34.199524 -5.8792114 -19.07959 
312487369429689 1379576995211229234 -33.779907 -5.519104 -19.07959 
312487438100526 1379576995275346666 -33.358765 -5.218506 -19.018555 
312487506099916 1379576995338457017 -32.939148 -4.798889 -19.07959 
312487573519419 1379576995402391344 -32.759094 -4.1397095 -18.899536 
312487639229779 1379576995466234117 -32.27997 -3.779602 -18.778992 
312487701277698 1379576995530351549 -32.03888 -3.5995483 -18.47992 
312487766438692 1379576995594041734 -31.91986 -3.479004 -18.23883 
312487840694758 1379576995657731920 -31.91986 -3.3599854 -17.819214 
312487914157294 1379576995719774156 -32.03888 -3.479004 -17.878723 
312487942083434 1379576995783800035 -32.03888 -3.718567 -17.878723 
312488005077484 1379576995846910387 -32.03888 -4.0786743 -17.759705 
312488069109224 1379576995910875230 -31.799316 -4.499817 -17.939758 
312488133873455 1379576995975511461 -31.678772 -4.559326 -17.939758 
312488196379177 1379576996038041978 -31.678772 -4.6188354 -18.119812 
312488260899244 1379576996101243883 -31.439209 -4.73938 -18.359375 
312488323588090 1379576996165330797 -31.13861 -4.4387817 -18.659973 
312488385300282 1379576996227067857 -31.079102 -4.1397095 -18.659973 
312488480676445 1379576996292711168 -30.778503 -3.8986206 -18.899536 
312488516202160 1379576996355546861 -30.839539 -3.4194946 -18.719482 
312488580050778 1379576996419481187 -31.318665 -2.758789 -18.359375 
312488640786319 1379576996482622056 -31.739807 -1.979065 -17.759705 
312488706496680 1379576996546525865 -31.739807 -1.4389038 -17.219543 
312488771047268 1379576996609967417 -32.03888 -0.5996704 -16.679382 
312488832057493 1379576996674054331 -32.699585 -0.4196167 -15.9591675 
312488895326224 1379576996737256235 -33.059692 0.119018555 -15.359497 
312488962196360 1379576996802136606 -33.718872 0.7797241 -14.338684 
312489022168891 1379576996864300913 -33.898926 1.2588501 -13.499451 
312489086139592 1379576996928235239 -34.13849 1.5594482 -12.95929 
312489149438845 1379576996991498178 -34.379578 1.1993408 -12.779236 
312489213440065 1379576997055371469 -34.739685 1.1993408 -12.719727 
312489277624409 1379576997118603891 -34.91974 0.95977783 -12.779236 
312489342999046 1379576997184338755 -34.979248 1.0787964 -12.779236 
312489404314474 1379576997245709604 -35.21881 0.8392334 -12.539673 
312489467491645 1379576997309613413 -35.21881 0.53863525 -12.779236 
312489530882458 1379576997372815317 -35.639954 0.35858154 -12.95929 
312489594975240 1379576997436121196 -35.699463 0.119018555 -13.139343 
312489658030330 1379576997499963970 -35.81848 0.47912598 -12.89978 
312489722001029 1379576997563989849 -36.05957 0.35858154 -12.539673 
312489785636007 1379576997627405376 -36.11908 0.5996704 -12.298584 
312489849240462 1379576997691156597 -35.998535 0.53863525 -12.059021 
312489912417633 1379576997754327983 -35.879517 0.8392334 -11.639404 
312489977670189 1379576997818323345 -35.81848 1.0787964 -11.219788 
312490040664237 1379576997881433696 -35.639954 1.1398315 -10.85968 
312490103353083 1379576997945368022 -35.879517 1.2588501 -10.438538 
312490174404509 1379576998010553569 -35.699463 1.3198853 -10.559082 
312490230500953 1379576998072473735 -35.699463 1.6189575 -10.319519 
312490294166450 1379576998135706157 -35.51941 1.6189575 -10.258484 
312490357892987 1379576998199762554 -35.639954 1.6189575 -10.258484 
312490419757783 1379576998261621684 -35.639954 1.499939 -10.618591 
312490485193460 1379576998326807231 -35.398865 1.4389038 -10.978699 
312490548218030 1379576998390070171 -35.21881 1.5594482 -11.459351 
312490610693232 1379576998451990337 -34.55963 1.6799927 -11.878967 
312490674602890 1379576998515131206 -34.199524 2.1591187 -11.878967 
312490742968525 1379576998579126567 -33.718872 2.218628 -12.298584 
312490800377345 1379576998642267436 -33.718872 2.5787354 -12.539673 
312490864195446 1379576998706232280 -33.599854 2.8793335 -12.419128 
312490927403136 1379576998769403667 -33.17871 3.0593872 -12.359619 
312490991373836 1379576998833368511 -32.998657 3.1799316 -12.298584 
312491055893902 1379576998896570415 -32.939148 3.239441 -12.059021 
312491118704829 1379576998960535259 -32.998657 3.0593872 -11.999512 
312491183285939 1379576999023915239 -33.358765 2.6397705 -11.999512 
312491249057340 1379576999087880083 -33.718872 2.3986816 -11.938477 
312491338390469 1379576999151570269 -33.659363 1.7990112 -11.878967 
312491407580153 1379576999214955278 -33.718872 1.3793945 -11.938477 
312491435964099 1379576999278157183 -34.01947 0.8987427 -12.239075 
312491499812720 1379576999342091509 -34.199524 0.4196167 -12.539673 
312491563020411 1379576999405262896 -34.55963 -0.17852783 -12.89978 
312491627296314 1379576999469258257 -34.498596 -0.5996704 -13.319397 
312491707259690 1379576999532948443 -34.379578 -1.1398315 -13.739014 
312491771016748 1379576999596913286 -34.379578 -1.2588501 -14.039612 
312491835994620 1379576999660145708 -34.498596 -1.1993408 -14.399719 
312491885376582 1379576999723530718 -34.379578 -0.8987427 -14.99939 
312491997264267 1379576999786702105 -34.439087 -0.5996704 -15.238953 
312492008862009 1379576999850650991 -34.61914 -0.29907227 -15.478516 
312492071642415 1379576999913791861 -34.13849 0.35858154 -15.7196045 
312492135735196 1379576999977756704 -34.379578 0.95977783 -15.419006 
312492199034449 1379577000040958609 -34.498596 1.4389038 -15.539551 
312492296760681 1379577000104953970 -34.55963 1.5594482 -15.419006 
312492344555585 1379577000168674673 -34.498596 1.6189575 -15.299988 
312492390336143 1379577000232029165 -34.55963 1.5594482 -14.99939 
312492465660423 1379577000295536245 -34.259033 1.4389038 -14.878845 
312492540282732 1379577000359928335 -34.259033 1.0787964 -14.6987915 
312492592289446 1379577000422397818 -34.199524 0.5996704 -14.579773 
312492644204600 1379577000486301626 -33.898926 0.0 -14.6987915 
312492711837745 1379577000549473013 -33.599854 -0.23956299 -14.639282 
312492772725888 1379577000613437857 -33.059692 -0.5996704 -14.93988 
312492839504463 1379577000676639761 -32.818604 -0.5996704 -15.119934 
312492901064054 1379577000740574087 -32.63855 -0.71868896 -15.359497 
312492961769075 1379577000803745474 -32.57904 -0.47912598 -15.478516 
312493058213451 1379577000868503775 -32.03888 0.23956299 -15.9591675 
312493089100069 1379577000930973257 -31.91986 1.1398315 -16.319275 
312493179165687 1379577000995029653 -31.619263 2.5787354 -16.499329 
312493216034296 1379577001058048452 -31.318665 3.718567 -16.679382 
312493279943956 1379577001122013296 -30.778503 5.3985596 -16.738892 
312493343182167 1379577001185184683 -30.178833 7.258606 -16.799927 
312493420490272 1379577001249363150 -29.278564 8.999634 -16.799927 
312493485498664 1379577001312809195 -28.138733 10.739136 -17.098999 
312493563234053 1379577001376865591 -27.059937 12.779236 -16.738892 
312493613256943 1379577001440067495 -25.2594 14.759827 -16.43982 
312493678448457 1379577001504331535 -23.2193 16.619873 -16.558838 
312493749164161 1379577001567228263 -20.999146 18.719482 -16.619873 
312493821497443 1379577001630765861 -18.598938 20.518494 -16.918945 
312493851743132 1379577001693906730 -15.658569 22.019958 -17.219543 
312493915774873 1379577001757871574 -12.539673 23.339844 -17.759705 
312493979074125 1379577001821073478 -9.4192505 24.479675 -17.878723 
312494048446932 1379577001885068839 -5.999756 25.2594 -18.418884 
312494107381771 1379577001948240226 -3.1799316 25.85907 -18.778992 
312494171352472 1379577002012205070 -0.47912598 26.219177 -18.899536 
312494234193918 1379577002075376457 1.8585205 26.339722 -19.018555 
312494297554210 1379577002139280265 3.8986206 26.519775 -19.018555 
312494428822332 1379577002202512687 5.279541 26.519775 -18.838501 
312494433339347 1379577002266582656 6.1187744 26.69983 -18.418884 
312494487604569 1379577002329693008 6.77948 26.939392 -18.598938 
312494552429840 1379577002393535781 6.9595337 27.119446 -18.418884 
312494614660880 1379577002456737685 7.0785522 27.059937 -18.659973 
312494678631580 1379577002520672012 7.258606 26.998901 -18.838501 
312494741808751 1379577002583843398 7.6187134 26.998901 -18.838501 
312494805748931 1379577002647808242 7.739258 27.059937 -18.838501 
312494869750153 1379577002711010146 7.739258 26.998901 -18.838501 
312494934270219 1379577002775005508 8.099365 27.119446 -18.959045 
312494998912367 1379577002838176894 8.279419 27.059937 -18.959045 
312495073565198 1379577002902080703 8.459473 26.879883 -19.07959 
312495123282884 1379577002965282607 8.879089 26.998901 -19.1391 
312495187436708 1379577003029216934 8.938599 26.939392 -19.198608 
312495252963947 1379577003092449355 8.758545 27.059937 -19.198608 
312495321665306 1379577003156353164 8.758545 26.998901 -19.499207 
312495378952044 1379577003219555068 8.699036 27.119446 -19.558716 
312495441762970 1379577003283519912 8.518982 27.059937 -19.558716 
312495505550549 1379577003347210098 8.699036 27.059937 -19.378662 
312495569277086 1379577003410686660 8.81958 27.2995 -19.198608 
312495645303333 1379577003473858047 8.81958 27.119446 -18.659973 
312495695936630 1379577003537670303 8.999634 27.23999 -18.359375 
312495761067105 1379577003602916885 9.47876 26.939392 -18.23883 
312495825037807 1379577003666851211 9.838867 26.69983 -17.939758 
312495889130588 1379577003730663467 10.198975 26.638794 -17.69867 
312495952277239 1379577003794048476 10.258484 26.519775 -17.459106 
312496015698572 1379577003857250381 10.139465 26.399231 -17.219543 
312496079516670 1379577003921484841 10.139465 25.91858 -17.098999 
312496142693841 1379577003984503640 10.198975 25.79956 -17.098999 
312496222840340 1379577004048743142 10.018921 25.379944 -16.918945 
312496272802189 1379577004113531960 9.899902 25.138855 -16.738892 
312496333568250 1379577004175635232 9.599304 24.958801 -16.558838 
312496396745420 1379577004238776101 9.658813 24.899292 -16.43982 
312496461051846 1379577004302863015 9.899902 24.659729 -16.43982 
312496527983022 1379577004365210427 10.139465 24.539185 -16.319275 
312496588108155 1379577004430029763 10.379028 24.719238 -16.19873 
312496651407408 1379577004493231667 10.139465 24.958801 -16.079712 
312496716293718 1379577004557837380 10.079956 25.379944 -15.7196045 
312496805626849 1379577004620306863 9.899902 25.85907 -15.478516 
312496842190255 1379577004684131716 9.838867 26.098633 -15.119934 
312496905397946 1379577004747364138 9.599304 26.219177 -14.878845 
312496969338127 1379577004811298464 9.239197 26.399231 -14.639282 
312497032698419 1379577004874561404 8.999634 26.45874 -14.639282 
312497097889935 1379577004939380739 8.578491 26.579285 -14.4592285 
312497162867807 1379577005001697634 8.399963 26.759338 -14.039612 
312497223816991 1379577005065631960 8.099365 26.879883 -14.099121 
312497287390927 1379577005128925417 7.739258 26.879883 -13.919067 
312497387253584 1379577005191639040 7.1395874 26.939392 -13.798523 
312497414050472 1379577005255909060 6.6589355 26.998901 -13.798523 
312497477960131 1379577005319843386 6.539917 26.759338 -13.739014 
312497541167822 1379577005383045290 6.539917 26.519775 -13.55896 
312497607519113 1379577005447010134 6.539917 26.219177 -13.679504 
312497672161261 1379577005510273073 6.5994263 25.91858 -13.739014 
312497732316915 1379577005574115847 6.77948 25.679016 -13.739014 
312497795585647 1379577005637378786 7.0785522 25.379944 -13.739014 
312497859647907 1379577005701374148 7.6797485 24.958801 -13.798523 
312497988596481 1379577005766651247 8.1588745 24.778748 -13.55896 
312497996257094 1379577005828357790 8.578491 24.778748 -13.619995 
312498052506141 1379577005891559695 8.758545 24.659729 -13.378906 
312498113821569 1379577005955585573 9.059143 24.598694 -13.139343 
312498176876658 1379577006018726443 9.239197 24.41864 -13.198853 
312498241488287 1379577006082630251 9.359741 23.999023 -13.198853 
312498306252516 1379577006147846316 9.539795 23.878479 -13.378906 
312498367995230 1379577006209796999 9.658813 23.999023 -13.319397 
312498431416564 1379577006273029421 10.018921 23.638916 -13.499451 
312498495539865 1379577006337264020 10.079956 23.278809 -13.739014 
312498585513924 1379577006399611433 10.018921 23.039246 -14.15863 
312498622443574 1379577006464278181 9.959412 22.738647 -14.4592285 
312498685529184 1379577006527480085 10.079956 22.37854 -14.759827 
312498749530404 1379577006591566999 10.079956 22.079468 -15.299988 
312498812585494 1379577006654616315 10.139465 21.659851 -15.539551 
312498878601059 1379577006718642194 10.018921 21.418762 -15.539551 
312498939885966 1379577006781874616 10.079956 21.238708 -15.7196045 
312499004039789 1379577006845808942 10.198975 21.299744 -15.7196045 
312499069017662 1379577006908949811 10.559082 21.359253 -15.59906 
312499197111665 1379577006975142438 10.978699 21.359253 -15.419006 
312499208678886 1379577007036025007 11.219788 21.418762 -15.238953 
312499260166755 1379577007099971789 11.698914 21.418762 -14.759827 
312499322367273 1379577007163234728 11.999512 21.539307 -14.579773 
312499383926864 1379577007225734728 12.539673 21.299744 -14.639282 
312499446798832 1379577007288387316 12.539673 21.479797 -14.518738 
312499510739011 1379577007352321642 12.599182 21.418762 -14.279175 
312499578524758 1379577007415523546 12.779236 21.418762 -13.978577 
312499643044825 1379577007479488390 12.779236 21.479797 -14.15863 
312499706405119 1379577007542659777 12.539673 21.539307 -14.15863 
312499788504919 1379577007606594103 12.419128 21.418762 -14.15863 
312499828181404 1379577007669765490 12.239075 21.479797 -14.039612 
312499891602737 1379577007733699816 11.999512 21.539307 -14.15863 
312499954810430 1379577007796871203 11.999512 21.479797 -14.279175 
312500020276628 1379577007860897081 11.938477 21.479797 -14.338684 
312500083667441 1379577007924037951 11.639404 21.539307 -14.579773 
312500146112123 1379577007988033312 11.459351 21.77887 -14.4592285 
312500209563978 1379577008051204699 11.698914 22.138977 -14.399719 
312500274267166 1379577008115169542 11.878967 22.918701 -14.4592285 
312500338939835 1379577008178432482 11.878967 23.098755 -14.579773 
312500405352165 1379577008242275255 12.059021 23.579407 -14.4592285 
312500463462955 1379577008305446642 12.179565 23.878479 -14.219666 
312500527830421 1379577008369380968 12.359619 24.299622 -14.15863 
312500592533609 1379577008432552355 12.478638 24.479675 -14.099121 
312500656290666 1379577008496578234 12.359619 24.659729 -13.978577 
312500718216502 1379577008559749621 11.999512 24.839783 -14.219666 
312500782217725 1379577008623714464 11.579895 24.899292 -14.279175 
312500846341026 1379577008686885851 11.338806 25.19989 -14.219666 
312500920871775 1379577008751121503 11.039734 25.079346 -14.338684 
312500972084959 1379577008814201337 10.739136 25.318909 -14.759827 
312501036025139 1379577008878166181 10.438538 25.379944 -15.119934 
312501099202312 1379577008941337567 10.258484 25.439453 -15.7196045 
312501163111971 1379577009005271894 10.018921 25.559998 -15.9591675 
312501226991109 1379577009068504315 10.018921 25.85907 -16.139221 
312501291419614 1379577009132469159 9.899902 25.79956 -16.319275 
312501357404660 1379577009195640546 10.018921 25.91858 -16.558838 
312501428242445 1379577009259605390 9.838867 26.278687 -16.619873 
312501501582899 1379577009323142987 9.658813 26.339722 -16.679382 
312501572420683 1379577009387504560 9.47876 26.519775 -16.679382 
312501709487675 1379577009450462323 9.359741 26.69983 -16.679382 
312501735063748 1379577009577031023 8.879089 26.339722 -17.098999 
312501801720240 1379577009640965349 8.518982 26.579285 -17.098999 
312501864592209 1379577009704167253 7.978821 26.579285 -17.338562 
312501945227031 1379577009768742449 7.499695 26.69983 -17.63916 
312502009045131 1379577009831974870 6.9595337 26.818848 -17.878723 
312502068285173 1379577009895970232 6.298828 26.879883 -18.23883 
312502131828588 1379577009958866960 5.6991577 26.998901 -18.47992 
312502193540782 1379577010022984392 5.039978 27.2995 -18.959045 
312502266057185 1379577010086064226 4.6188354 27.479553 -19.259644 
312502333842932 1379577010149845964 4.258728 27.418518 -19.799805 
312502370803103 1379577010212712175 3.8986206 27.418518 -20.098877 
312502437642719 1379577010276677019 3.779602 27.2995 -20.458984 
312502507473330 1379577010339848406 3.8391113 27.178955 -20.698547 
312502565004234 1379577010403782732 3.9596558 27.119446 -20.759583 
312502628791811 1379577010466954118 4.1992188 26.759338 -20.759583 
312502705184304 1379577010531407243 4.3792725 26.579285 -20.579529 
312502779348808 1379577010594487077 4.6188354 26.219177 -20.579529 
312502816400539 1379577010658085710 5.039978 25.738525 -20.579529 
312502891389094 1379577010721440202 5.519104 25.439453 -20.518494 
312502943273728 1379577010785221941 5.3985596 25.079346 -20.399475 
312503009289293 1379577010848393327 5.4595947 24.659729 -20.458984 
312503071703456 1379577010912358171 5.5786133 24.479675 -20.939636 
312503140343772 1379577010975529558 5.758667 24.179077 -21.238708 
312503199675375 1379577011039494402 6.059265 23.579407 -21.418762 
312503295265181 1379577011103062517 6.3598633 23.579407 -21.539307 
312503325602433 1379577011166839599 6.5994263 23.579407 -21.539307 
312503388016594 1379577011230102539 6.77948 23.458862 -21.479797 
312503481286852 1379577011293945312 7.4386597 23.458862 -21.598816 
312503598118836 1379577011357238769 7.9193115 23.638916 -21.299744 
312503642281816 1379577011484283447 8.518982 24.179077 -20.339966 
312503711593581 1379577011548248291 8.938599 24.479675 -19.799805 
312503773763580 1379577011611419677 9.239197 24.839783 -19.378662 
312503844357201 1379577011675842285 9.658813 25.019836 -19.259644 
312503911715662 1379577011738922119 9.838867 25.559998 -19.319153 
312503976907178 1379577011802978515 10.079956 25.79956 -19.1391 
312504038344687 1379577011866058349 10.438538 26.098633 -19.198608 
312504102101746 1379577011930114746 10.258484 26.399231 -18.959045 
312504188840643 1379577011993237434 10.139465 26.339722 -18.659973 
312504239962268 1379577012056988655 9.899902 26.759338 -18.598938 
312504276189950 1379577012118237434 9.719849 26.818848 -18.418884 
312504341961351 1379577012183941780 9.4192505 26.998901 -18.119812 
312504408862008 1379577012247113167 9.47876 27.059937 -17.759705 
312504469353386 1379577012311139045 9.239197 27.119446 -17.338562 
312504543182166 1379577012374615608 9.059143 26.998901 -17.03949 
312504605993093 1379577012438672004 9.239197 26.879883 -16.918945 
312504671703454 1379577012501782356 9.4192505 26.939392 -16.97998 
312504733812413 1379577012565808235 9.539795 26.939392 -16.738892 
312504797386348 1379577012628888069 9.539795 26.939392 -16.679382 
312504880493322 1379577012693127571 9.359741 26.69983 -16.558838 
312504936559246 1379577012755658088 9.1796875 26.519775 -16.558838 
312504982980731 1379577012819622932 9.298706 26.69983 -16.558838 
312505040999960 1379577012882794319 9.4192505 26.399231 -16.43982 
312505105001181 1379577012946728645 9.4192505 26.219177 -16.499329 
312505186612656 1379577013010174690 9.719849 25.91858 -16.378784 
312505246127383 1379577013074566780 10.139465 25.738525 -16.19873 
312505312081907 1379577013137555061 10.438538 25.679016 -15.7196045 
312505374923353 1379577013201672493 10.85968 25.738525 -15.658569 
312505435597854 1379577013264721809 11.219788 25.498962 -15.7196045 
312505506099914 1379577013327862678 11.399841 24.958801 -15.9591675 
312505564393825 1379577013391369758 11.639404 25.019836 -16.079712 
312505613440063 1379577013455273567 11.698914 24.839783 -16.378784 
312505677777008 1379577013519390999 11.639404 24.899292 -16.859436 
312505748889477 1379577013582649053 11.639404 24.659729 -17.518616 
312505822840338 1379577013646278204 11.579895 24.479675 -18.539429 
312505884216807 1379577013710395635 11.51886 24.539185 -19.259644 
312505944494542 1379577013773475469 11.338806 24.719238 -19.499207 
312506011334157 1379577013837531866 11.279297 24.899292 -19.799805 
312506074175605 1379577013900611700 11.099243 25.019836 -20.039368 
312506141717188 1379577013964973272 11.279297 25.2594 -20.219421 
312506229829503 1379577014027900518 11.039734 25.138855 -20.098877 
312506249118379 1379577014091224493 10.978699 25.379944 -20.159912 
312506312234508 1379577014154395880 10.919189 25.138855 -20.219421 
312506376235730 1379577014218360723 11.039734 25.2594 -20.039368 
312506439748624 1379577014281532110 10.798645 25.619507 -20.159912 
312506524442657 1379577014346015753 10.559082 25.498962 -20.339966 
312506580813785 1379577014409199623 10.319519 25.619507 -20.639038 
312506645028649 1379577014473164467 9.899902 25.559998 -20.698547 
312506711257857 1379577014535969643 10.018921 25.619507 -20.999146 
312506779806613 1379577014600544838 9.838867 25.79956 -21.299744 
312506881836218 1379577014663075356 9.719849 26.039124 -21.1792 
312506892121583 1379577014726887612 9.359741 25.91858 -21.359253 
312506952216196 1379577014790120034 9.298706 25.738525 -21.359253 
312507012402371 1379577014854054360 9.298706 26.039124 -21.1792 
312507079638750 1379577014917225746 9.298706 26.219177 -20.939636 
312507143426329 1379577014981190590 9.359741 26.399231 -20.819092 
312507205687889 1379577015044331459 9.1796875 26.638794 -20.458984 
312507280981648 1379577015108967690 8.879089 26.759338 -19.979858 
312507344799746 1379577015172017006 8.338928 26.818848 -19.799805 
312507424366357 1379577015236134438 8.21991 27.059937 -19.259644 
312507471398250 1379577015299183754 7.798767 27.059937 -18.959045 
312507547119294 1379577015362568764 7.019043 27.119446 -18.179321 
312507583774262 1379577015425770668 6.3598633 27.119446 -17.63916 
312507648233288 1379577015489704994 5.758667 27.2995 -17.399597 
312507715622270 1379577015552906899 5.039978 27.119446 -16.799927 
312507775228557 1379577015616871743 4.559326 26.998901 -16.43982 
312507851956774 1379577015680378823 4.3792725 26.879883 -16.079712 
312507915072903 1379577015744679360 4.019165 26.399231 -16.139221 
312507989451050 1379577015807698159 3.8986206 26.098633 -16.079712 
312508055802340 1379577015871876625 3.8391113 25.79956 -16.259766 
312508117026207 1379577015935139565 3.6590576 25.138855 -16.139221 
312508168361474 1379577015998550174 3.3599854 24.539185 -15.838623 
312508219696739 1379577016061691044 3.1188965 24.299622 -16.018677 
312508283697960 1379577016125594852 3.1188965 23.878479 -15.9591675 
312508351147983 1379577016188827274 3.0593872 23.399353 -16.018677 
312508438344688 1379577016253066776 3.1799316 23.15979 -15.838623 
312508486841559 1379577016316451786 3.2989502 22.859192 -15.658569 
312508552307758 1379577016380477665 3.8391113 22.499084 -15.59906 
312508617010946 1379577016443618534 4.3792725 22.31903 -15.359497 
312508679821873 1379577016507613895 5.0994873 22.198486 -14.99939 
312508757954027 1379577016570998905 5.9387207 22.138977 -14.579773 
312508837368035 1379577016634231327 6.478882 22.259521 -14.219666 
312508855161412 1379577016697341678 7.1990967 22.37854 -13.679504 
312508919223673 1379577016761306522 8.099365 22.31903 -13.499451 
312508982370324 1379577016824551206 8.999634 22.259521 -13.259888 
312509046341025 1379577016888546567 9.959412 22.37854 -13.079834 
312509109548716 1379577016951717954 10.919189 22.439575 -13.198853 
312509173549937 1379577017015682798 11.759949 22.738647 -13.378906 
312509238131044 1379577017078854184 12.359619 23.039246 -13.679504 
312509301552379 1379577017142849546 13.018799 23.15979 -13.919067 
312509406756102 1379577017206112485 13.679504 23.2193 -14.15863 
312509431538644 1379577017269924741 14.099121 23.939514 -14.039612 
312509491053369 1379577017333126645 14.579773 24.539185 -14.099121 
312509554963031 1379577017397091489 14.93988 24.839783 -14.219666 
312509618201242 1379577017460262876 15.179443 25.138855 -14.399719 
312509682110901 1379577017524227720 15.478516 25.318909 -14.6987915 
312509745288071 1379577017587399106 15.658569 25.19989 -14.878845 
312509810845831 1379577017651394468 15.899658 25.439453 -14.759827 
312509873717800 1379577017714535337 15.779114 26.039124 -14.878845 
312509957374139 1379577017778500180 15.7196045 25.91858 -15.179443 
312509999583814 1379577017841671567 15.478516 25.91858 -15.478516 
312510063676596 1379577017905605893 14.93988 26.399231 -15.7196045 
312510126670643 1379577017968807798 14.518738 26.759338 -15.838623 
312510190732907 1379577018032772641 14.099121 26.818848 -15.779114 
312510254886729 1379577018095974546 13.859558 26.879883 -15.838623 
312510319071071 1379577018159939389 13.499451 26.879883 -16.018677 
312510381332631 1379577018223110776 13.439941 26.519775 -16.378784 
312510445455933 1379577018287075620 13.439941 26.579285 -16.43982 
312510544830267 1379577018350369077 13.439941 26.45874 -16.619873 
312510575564281 1379577018414362270 13.679504 25.91858 -16.918945 
312510635323169 1379577018477503139 13.978577 25.379944 -17.158508 
312510703047877 1379577018541498500 14.219666 24.839783 -17.219543 
312510766041924 1379577018604669887 14.399719 24.479675 -17.399597 
312510827723597 1379577018668665248 14.639282 23.999023 -17.63916 
312510890900767 1379577018731836635 14.6987915 23.638916 -17.57965 
312510955451355 1379577018795801479 14.819336 23.039246 -17.69867 
312511018140201 1379577018858911830 14.99939 22.37854 -17.63916 
312511084094726 1379577018923120815 15.058899 22.138977 -17.338562 
312511147058253 1379577018986078578 15.419006 21.71936 -17.158508 
312511213684226 1379577019050073940 15.779114 21.11969 -17.338562 
312511274389246 1379577019113336879 16.43982 20.27893 -17.279053 
312511335674154 1379577019177210170 17.338562 19.259644 -17.338562 
312511402117004 1379577019240396132 18.47992 18.119812 -17.399597 
312511462944108 1379577019304391494 19.558716 16.859436 -17.518616 
312511530211007 1379577019367562880 20.819092 15.359497 -17.459106 
312511592503089 1379577019431527724 22.259521 13.439941 -17.518616 
312511692152103 1379577019494851699 23.399353 11.878967 -17.279053 
312511716507360 1379577019558633437 24.719238 10.499573 -16.799927 
312511779654011 1379577019621774306 26.039124 8.938599 -16.558838 
312511843899394 1379577019685800185 26.879883 7.3791504 -16.19873 
312511907595412 1379577019748971572 27.83966 5.8792114 -15.7196045 
312511973122650 1379577019812905898 28.49884 4.0786743 -15.299988 
312512036177740 1379577019876107802 29.039001 2.5787354 -15.238953 
312512098317219 1379577019940072646 29.3396 1.2588501 -14.99939 
312512161433348 1379577020003244033 29.638672 -0.119018555 -15.119934 
312512280890086 1379577020067147841 29.638672 -1.3198853 -15.419006 
312512288489659 1379577020130349746 29.818726 -2.0385742 -15.238953 
312512352155154 1379577020194284072 30.358887 -2.6397705 -14.6987915 
312512417041467 1379577020257516494 30.839539 -3.1188965 -14.518738 
312512479730311 1379577020321481337 31.559753 -3.3599854 -14.099121 
312512543914654 1379577020384622207 32.099915 -3.5385132 -13.798523 
312512606847662 1379577020448617568 32.818604 -3.5995483 -13.55896 
312512670635240 1379577020511788955 33.599854 -3.8391113 -13.55896 
312512735887797 1379577020575753798 34.55963 -3.8986206 -13.378906 
312512821070156 1379577020638894668 35.279846 -3.8391113 -13.619995 
312512866698113 1379577020702859511 36.05957 -3.779602 -14.279175 
312512923984851 1379577020766030898 36.65924 -3.718567 -14.99939 
312512993449220 1379577020829965224 37.01935 -3.779602 -16.018677 
312513055100371 1379577020893287958 37.799072 -3.718567 -16.679382 
312513118063899 1379577020957252802 38.459778 -3.8391113 -17.219543 
312513178311114 1379577021020454706 39.118958 -4.019165 -17.518616 
312513243227947 1379577021084389032 39.65912 -4.6798706 -17.878723 
312513306008352 1379577021147621454 40.19928 -5.6991577 -18.418884 
312513369612808 1379577021211586298 40.379333 -6.298828 -18.838501 
312513484949295 1379577021275307001 40.979004 -6.9595337 -18.659973 
312513496516516 1379577021338661493 41.69922 -7.8598022 -18.119812 
312513559724208 1379577021401863397 42.17987 -8.758545 -17.69867 
312513624518958 1379577021465858759 42.539978 -9.779358 -17.459106 
312513687055201 1379577021529030145 42.658997 -10.618591 -17.158508 
312513753040245 1379577021592994989 42.959595 -11.158752 -16.97998 
312513815851171 1379577021656166376 43.258667 -11.698914 -16.679382 
312513882202462 1379577021720237441 43.37921 -12.539673 -16.319275 
312513941747708 1379577021783378310 43.019104 -13.079834 -16.679382 
312514013043299 1379577021847434707 42.718506 -13.319397 -17.03949 
312514068376733 1379577021910484023 42.29889 -13.55896 -17.399597 
312514132194831 1379577021974418349 42.059326 -13.859558 -17.939758 
312514195372003 1379577022037620254 41.93878 -13.978577 -18.659973 
312514260594038 1379577022101585097 41.63971 -14.4592285 -19.1391 
312514323374444 1379577022164787002 40.979004 -14.93988 -19.499207 
312514386734737 1379577022228751845 40.859985 -15.539551 -19.67926 
312514481500494 1379577022292625136 40.859985 -16.079712 -19.619751 
312514544769225 1379577022355888076 40.319824 -16.499329 -19.499207 
312514584354147 1379577022419120498 40.319824 -16.97998 -19.378662 
312514658579694 1379577022483634658 40.078735 -17.098999 -19.1391 
312514703963487 1379577022546195693 39.718628 -17.399597 -18.838501 
312514768025749 1379577022610130019 39.65912 -17.459106 -18.23883 
312514833614029 1379577022673301406 39.718628 -17.459106 -17.819214 
312514899843236 1379577022737266250 39.538574 -17.518616 -17.338562 
312514973916180 1379577022800803847 39.419556 -17.878723 -16.738892 
312515038436247 1379577022864860244 39.65912 -18.119812 -16.378784 
312515113455323 1379577022927940078 39.59961 -18.179321 -16.018677 
312515166072445 1379577022991996474 39.538574 -18.47992 -15.7196045 
312515225526130 1379577023054740615 39.29901 -18.659973 -15.299988 
312515276647753 1379577023118644424 38.938904 -18.838501 -15.359497 
312515339824924 1379577023181846328 38.63983 -18.959045 -15.299988 
312515403795625 1379577023245811172 38.339233 -18.959045 -15.419006 
312515466881235 1379577023308952041 38.038635 -19.198608 -15.539551 
312515531126618 1379577023373251329 37.61902 -19.319153 -15.779114 
312515603307298 1379577023436361681 37.139893 -19.499207 -15.899658 
312515659220621 1379577023501394640 36.839294 -19.378662 -15.899658 
312515721299059 1379577023563375841 36.839294 -19.319153 -15.9591675 
312515838039482 1379577023627462755 36.71875 -19.378662 -16.079712 
312515849545663 1379577023690573106 36.779785 -19.259644 -15.9591675 
312515912326068 1379577023754476915 36.65924 -19.198608 -15.779114 
312515976205209 1379577023817678819 36.65924 -18.838501 -15.478516 
312516039504460 1379577023881643663 36.71875 -18.47992 -15.058899 
312516109304552 1379577023944815050 37.1994 -18.359375 -14.93988 
312516168636156 1379577024008810411 37.319946 -18.23883 -14.819336 
312516229890542 1379577024071981798 37.438965 -18.058777 -14.579773 
312516294166448 1379577024135946641 37.61902 -17.878723 -14.039612 
312516357954025 1379577024199163126 37.739563 -17.819214 -13.919067 
312516428395044 1379577024263127970 37.85858 -17.69867 -13.919067 
312516484583050 1379577024326299357 37.979126 -17.759705 -13.978577 
312516550507054 1379577024390264200 38.09967 -17.999268 -14.219666 
312516612616013 1379577024453435587 37.919617 -18.23883 -14.338684 
312516676250988 1379577024517400431 37.979126 -18.539429 -14.518738 
312516738756711 1379577024580571818 37.919617 -18.899536 -14.639282 
312516803002095 1379577024644536661 37.85858 -18.598938 -15.119934 
312516866576030 1379577024707769083 37.739563 -18.539429 -15.238953 
312516932164311 1379577024771672892 37.61902 -18.47992 -15.539551 
312517014386194 1379577024834844279 37.55951 -18.179321 -15.899658 
312517057786163 1379577024898839640 37.55951 -17.518616 -15.899658 
312517119773039 1379577024961919474 37.5 -17.03949 -16.018677 
312517183713220 1379577025025884318 37.438965 -16.259766 -15.9591675 
312517246951431 1379577025089055704 37.379456 -15.59906 -16.018677 
312517310983173 1379577025153020548 37.5 -15.779114 -15.7196045 
312517374160343 1379577025216222452 37.379456 -15.539551 -15.478516 
312517438222604 1379577025280217814 37.799072 -15.179443 -14.93988 
312517501491337 1379577025343389200 37.919617 -15.058899 -14.399719 
312517571810274 1379577025407323527 37.919617 -15.359497 -14.219666 
312517629493778 1379577025470525431 37.799072 -15.539551 -13.55896 
312517693983324 1379577025534490275 37.739563 -15.779114 -13.378906 
312517757038414 1379577025597661661 37.85858 -16.139221 -12.95929 
312517819971423 1379577025661626505 37.61902 -16.319275 -12.719727 
312517883697959 1379577025724797892 37.678528 -16.378784 -12.838745 
312517947058252 1379577025788762736 37.1994 -16.259766 -13.018799 
312518012158206 1379577025852080653 37.078857 -16.139221 -12.779236 
312518075579540 1379577025916106532 37.078857 -15.9591675 -12.599182 
312518151270064 1379577025979399989 37.078857 -15.7196045 -12.658691 
312518227479433 1379577026043273280 37.078857 -15.419006 -12.478638 
312518264256482 1379577026106322597 37.078857 -14.93988 -12.419128 
312518331584424 1379577026170256923 37.139893 -14.399719 -12.239075 
312518391373832 1379577026233458827 36.839294 -14.279175 -11.819458 
312518460258314 1379577026297423671 36.95984 -14.399719 -11.759949 
312518518430143 1379577026360564540 36.898804 -14.219666 -11.878967 
312518582431364 1379577026424529384 36.898804 -14.039612 -11.459351 
312518646432584 1379577026487731288 36.65924 -13.679504 -11.51886 
312518717850256 1379577026551726649 36.419678 -13.739014 -11.459351 
312518781912517 1379577026614942141 36.17859 -13.798523 -11.399841 
312518836788148 1379577026678937502 35.939026 -13.739014 -11.459351 
312518903230997 1379577026742108889 36.05957 -13.55896 -11.878967 
312518963874976 1379577026806043215 35.879517 -13.439941 -12.059021 
312519039870703 1379577026869275637 35.639954 -13.319397 -12.239075 
312519093769681 1379577026933240481 35.279846 -13.198853 -13.139343 
312519156397488 1379577026996411868 35.398865 -13.139343 -13.319397 
312519218628526 1379577027060387002 35.398865 -12.719727 -13.55896 
312519282904429 1379577027123649942 35.51941 -12.478638 -13.978577 
312519348340107 1379577027187523233 35.81848 -12.239075 -14.219666 
312519410967911 1379577027250664102 35.998535 -12.059021 -14.219666 
312519473015830 1379577027314659463 36.17859 -11.639404 -14.279175 
312519536589765 1379577027377830850 36.65924 -11.579895 -14.639282 
312519600560465 1379577027441765176 37.01935 -11.51886 -14.639282 
312519663890236 1379577027504967080 37.1994 -11.279297 -15.119934 
312519726884285 1379577027568931924 37.55951 -11.279297 -15.539551 
312519790519264 1379577027632103311 37.61902 -11.039734 -16.018677 
312519854673085 1379577027696068155 37.678528 -10.978699 -16.499329 
312519957404657 1379577027759392129 38.038635 -11.219788 -17.03949 
312519981027426 1379577027823143350 38.21869 -11.878967 -17.939758 
312520056534827 1379577027886481913 38.398743 -12.419128 -18.539429 
312520120108763 1379577027950416239 38.69934 -12.838745 -19.1391 
312520176235727 1379577028013557108 38.879395 -13.139343 -20.098877 
312520239779143 1379577028077521952 39.239502 -13.079834 -20.698547 
312520298591901 1379577028140693339 39.779663 -13.439941 -21.1792 
312520369612806 1379577028204658182 40.13977 -13.679504 -21.958923 
312520426838505 1379577028267890604 40.79895 -13.739014 -22.619629 
312520491389093 1379577028332015727 41.159058 -13.378906 -22.918701 
312520555237711 1379577028395065044 41.519165 -13.198853 -23.15979 
312520616888865 1379577028459029887 41.758728 -13.139343 -23.399353 
312520679974473 1379577028522140239 42.118835 -13.679504 -23.2193 
312520743853614 1379577028586074565 42.359924 -14.338684 -23.458862 
312520811181554 1379577028649337505 42.959595 -14.579773 -23.458862 
312520873107389 1379577028713302348 43.258667 -14.878845 -23.699951 
312520936162479 1379577028776473735 43.13965 -15.359497 -24.058533 
312520998637681 1379577028840408061 43.559265 -16.079712 -24.238586 
312521070543678 1379577028903609966 43.73932 -16.859436 -24.35913 
312521144769224 1379577028967544292 44.099426 -17.69867 -24.778748 
312521191312792 1379577029030715678 44.459534 -18.23883 -25.19989 
312521252536658 1379577029094680522 44.758606 -19.1391 -25.079346 
312521315774871 1379577029157955763 44.519043 -19.319153 -25.498962 
312521379745570 1379577029221859572 44.758606 -19.619751 -25.079346 
312521460716118 1379577029285397169 45.118713 -19.859314 -24.958801 
312521521512700 1379577029349484083 45.17975 -19.979858 -24.839783 
312521582370322 1379577029412563917 45.47882 -19.979858 -24.899292 
312521647378715 1379577029476559279 45.41931 -19.799805 -24.539185 
312521739855444 1379577029539700148 45.17975 -19.859314 -24.179077 
312521807854833 1379577029603481886 44.81964 -19.619751 -24.238586 
312521824274795 1379577029666439650 44.578552 -20.579529 -24.058533 
312521888306535 1379577029730435011 44.099426 -21.11969 -23.999023 
312521954596783 1379577029793575880 43.43872 -21.899414 -23.458862 
312522016003774 1379577029857540724 42.599487 -22.31903 -23.278809 
312522144250377 1379577029921078322 41.578674 -23.039246 -23.15979 
312522161921673 1379577029985165236 40.79895 -23.638916 -22.799683 
312522206206733 1379577030046017287 39.839172 -24.119568 -22.859192 
312522270177433 1379577030111813185 39.118958 -24.778748 -22.679138 
312522354138978 1379577030174984572 38.15918 -25.138855 -22.31903 
312522415912211 1379577030238979933 37.61902 -25.379944 -22.439575 
312522463707116 1379577030302120802 37.078857 -24.839783 -22.619629 
312522529356436 1379577030366055128 36.898804 -24.778748 -22.198486 
312522591312792 1379577030429287550 36.538696 -24.35913 -22.019958 
312522655710778 1379577030493221876 36.419678 -23.75946 -21.958923 
312522725480348 1379577030556393263 36.65924 -23.339844 -21.359253 
312522778524755 1379577030620388624 36.65924 -22.619629 -21.058655 
312522853879555 1379577030683895704 36.95984 -22.019958 -20.878601 
312522920352926 1379577030748100064 36.839294 -21.479797 -20.219421 
312522984537269 1379577030811149380 36.95984 -21.299744 -19.67926 
312523055222452 1379577030875236294 37.139893 -20.939636 -19.259644 
312523107320727 1379577030937919399 37.5 -20.698547 -18.659973 
312523159785247 1379577031001884243 37.379456 -20.698547 -17.999268 
312523222962419 1379577031065055630 37.319946 -20.819092 -17.518616 
312523286994159 1379577031129020474 37.1994 -20.819092 -17.219543 
312523351483705 1379577031192191860 36.898804 -21.11969 -16.799927 
312523425495608 1379577031255210659 36.65924 -21.598816 -16.319275 
312523492670948 1379577031319694302 36.299133 -22.138977 -15.899658 
312523556183844 1379577031383781216 35.758972 -22.439575 -15.9591675 
312523618750606 1379577031447746060 35.21881 -22.738647 -15.9591675 
312523715286545 1379577031510734341 34.799194 -22.799683 -15.59906 
312523736223520 1379577031573704326 34.439087 -22.979736 -15.238953 
312523795555123 1379577031637669170 34.07898 -23.399353 -14.4592285 
312523864225962 1379577031700840556 33.898926 -23.458862 -13.859558 
312523934300736 1379577031765110576 33.599854 -23.638916 -13.259888 
312524003917705 1379577031828342998 33.47931 -23.519897 -12.658691 
312524064439603 1379577031892399394 33.239746 -23.75946 -11.759949 
312524126823245 1379577031955519147 32.939148 -24.179077 -11.039734 
312524192075800 1379577032019575543 32.759094 -24.479675 -10.379028 
312524265385735 1379577032082655377 32.27997 -24.719238 -10.079956 
312524306771360 1379577032146254010 31.678772 -24.659729 -9.899902 
312524367384819 1379577032209364362 31.019592 -24.659729 -9.658813 
312524433217263 1379577032273329205 30.239868 -24.839783 -9.47876 
312524499385429 1379577032336531110 29.519653 -25.019836 -9.1796875 
312524558930676 1379577032400587506 28.979492 -24.899292 -9.059143 
312524622168888 1379577032463179059 28.379822 -24.598694 -8.81958 
312524689679951 1379577032527662701 27.719116 -24.119568 -8.938599 
312524749896646 1379577032590834088 27.418518 -23.638916 -9.059143 
312524815607007 1379577032655867047 27.418518 -23.098755 -8.999634 
312524885925945 1379577032717939801 27.23999 -22.259521 -9.1796875 
312524939916484 1379577032781919124 27.418518 -21.058655 -9.47876 
312525003215736 1379577032845151546 27.479553 -19.979858 -9.779358 
312525070177434 1379577032909085872 27.598572 -19.07959 -9.779358 
312525130333087 1379577032972287776 28.019714 -17.878723 -9.899902 
312525194303787 1379577033036222102 28.49884 -17.098999 -10.018921 
312525262181096 1379577033099424006 28.619385 -16.079712 -10.018921 
312525325968674 1379577033163419368 28.73993 -15.058899 -10.198975 
312525389847814 1379577033226590754 29.219055 -14.279175 -10.079956 
312525454947768 1379577033290555598 29.519653 -13.798523 -10.018921 
312525521176975 1379577033353696467 29.759216 -13.319397 -10.319519 
312525575747401 1379577033417630794 30.239868 -13.018799 -10.739136 
312525638802491 1379577033480832698 30.53894 -12.89978 -10.739136 
312525702712150 1379577033544767024 30.899048 -12.89978 -10.919189 
312525766164005 1379577033607968928 31.559753 -12.95929 -11.219788 
312525835109525 1379577033671994807 32.03888 -13.439941 -11.51886 
312525896485994 1379577033735135676 32.458496 -13.679504 -11.999512 
312525957679342 1379577033799100520 32.939148 -13.919067 -12.179565 
312526040175907 1379577033862271907 33.358765 -14.039612 -12.239075 
312526084125244 1379577033926175715 33.659363 -14.039612 -12.478638 
312526151849949 1379577033989377620 34.01947 -14.099121 -12.478638 
312526211608838 1379577034053311946 34.379578 -14.099121 -12.298584 
312526280066035 1379577034116605403 34.739685 -14.15863 -11.878967 
312526342754879 1379577034180509212 34.858704 -14.099121 -11.459351 
312526402513768 1379577034243680598 35.21881 -14.338684 -10.85968 
312526466362386 1379577034307614924 35.51941 -14.279175 -10.379028 
312526531096096 1379577034370786311 35.939026 -14.219666 -9.838867 
312526599492251 1379577034434932999 36.239624 -14.279175 -9.239197 
312526699324389 1379577034498073869 36.239624 -14.279175 -8.999634 
312526723435483 1379577034562008195 36.479187 -14.4592285 -8.879089 
312526784842471 1379577034625210099 36.479187 -14.639282 -8.879089 
312526852506138 1379577034689174943 36.71875 -14.639282 -8.938599 
312526918094417 1379577034752376847 36.538696 -14.6987915 -8.938599 
312526975564279 1379577034816341691 36.59973 -14.579773 -8.938599 
312527041183079 1379577034879513078 36.479187 -14.4592285 -8.879089 
312527102040702 1379577034943447404 36.59973 -14.15863 -8.938599 
312527164943190 1379577035006618790 36.479187 -13.978577 -8.938599 
312527235475770 1379577035070614152 36.239624 -13.198853 -8.578491 
312527291785856 1379577035133755021 35.998535 -12.658691 -8.21991 
312527355634476 1379577035197689347 35.758972 -11.938477 -7.9193115 
312527418842167 1379577035260966873 35.57892 -11.279297 -7.739258 
312527486749995 1379577035324931717 35.1593 -10.919189 -7.6797485 
312527564882149 1379577035388621903 34.739685 -10.85968 -7.6187134 
312527624610517 1379577035452708817 34.01947 -10.798645 -7.6187134 
312527694013843 1379577035515727616 33.599854 -10.798645 -7.319641 
312527761769071 1379577035580028153 33.059692 -11.279297 -7.8598022 
312527879730310 1379577035642924881 32.27997 -11.639404 -7.978821 
312527931767544 1379577035769481278 31.498718 -12.719727 -8.338928 
312527995799285 1379577035833476639 30.839539 -13.439941 -8.399963 
312528076647753 1379577035896648026 30.178833 -13.859558 -8.639526 
312528130974015 1379577035961162186 29.699707 -14.639282 -8.578491 
312528194608991 1379577036024303055 29.278564 -15.179443 -9.059143 
312528259495303 1379577036088359452 28.678894 -15.299988 -8.999634 
312528319925639 1379577036150981522 28.439331 -15.478516 -9.1796875 
312528384384666 1379577036214915848 27.95868 -15.838623 -8.938599 
312528473259990 1379577036278483963 27.2995 -15.838623 -8.999634 
312528500087397 1379577036342021561 26.939392 -15.9591675 -9.059143 
312528563203529 1379577036405162430 26.638794 -16.139221 -9.1796875 
312528631386040 1379577036469188309 26.399231 -16.19873 -9.239197 
312528694258006 1379577036532329178 26.098633 -16.319275 -9.118652 
312528771260906 1379577036596751786 26.098633 -16.619873 -9.059143 
312528832667896 1379577036659831620 25.738525 -17.098999 -8.999634 
312528894258008 1379577036723888016 25.679016 -17.459106 -9.359741 
312528958381309 1379577036786967850 25.979614 -18.23883 -9.599304 
312529023053977 1379577036850993729 26.098633 -18.778992 -9.838867 
312529090961806 1379577036913884535 26.278687 -19.439697 -10.018921 
312529135643631 1379577036977788343 26.159668 -20.039368 -10.079956 
312529203856665 1379577037041020765 26.098633 -20.698547 -10.438538 
312529275945783 1379577037105351820 26.098633 -21.539307 -10.919189 
312529343121122 1379577037168645277 25.85907 -22.31903 -11.279297 
312529403581980 1379577037232793226 25.619507 -23.039246 -11.51886 
312529466881233 1379577037295720472 25.19989 -23.399353 -11.819458 
312529533598766 1379577037359990492 25.138855 -24.238586 -12.179565 
312529593876502 1379577037422917738 24.539185 -25.19989 -12.298584 
312529673534674 1379577037487035169 23.939514 -26.219177 -12.779236 
312529736986527 1379577037549840345 23.2193 -27.23999 -12.95929 
312529774892831 1379577037613530531 22.019958 -28.379822 -12.95929 
312529839107695 1379577037676776429 21.299744 -29.759216 -13.079834 
312529898591900 1379577037740710755 19.979858 -31.259155 -12.95929 
312529963081447 1379577037803882142 18.23883 -32.87964 -12.599182 
312530031477601 1379577037867846986 16.259766 -34.13849 -12.359619 
312530088916941 1379577037931048890 14.399719 -35.279846 -12.359619 
312530154901987 1379577037994983216 12.359619 -36.239624 -12.239075 
312530221619520 1379577038058185121 9.959412 -37.319946 -12.298584 
312530280157595 1379577038122119447 7.559204 -37.85858 -12.298584 
312530343243203 1379577038185321351 5.218506 -38.459778 -12.298584 
312530414386191 1379577038249286195 2.8198242 -38.69934 -12.539673 
312530470635239 1379577038312518617 0.71868896 -38.819885 -12.838745 
312530534422816 1379577038376391908 -1.3198853 -38.879395 -12.95929 
312530597752590 1379577038439563295 -3.2989502 -38.879395 -12.89978 
312530661479127 1379577038503497621 -4.6188354 -38.938904 -12.89978 
312530724656297 1379577038566730043 -5.8792114 -38.75885 -13.079834 
312530788596478 1379577038630633851 -6.8389893 -38.75885 -13.319397 
312530853086024 1379577038693896791 -8.1588745 -38.519287 -13.259888 
312530973061608 1379577038757861634 -8.879089 -38.519287 -13.378906 
312530979654008 1379577038821002504 -9.47876 -38.578796 -13.55896 
312531042922739 1379577038884936830 -10.198975 -38.578796 -13.679504 
312531106130432 1379577038948138734 -10.499573 -38.879395 -13.919067 
312531169979050 1379577039012012025 -11.279297 -39.05945 -13.978577 
312531235048485 1379577039075274964 -11.759949 -39.419556 -13.739014 
312531298195134 1379577039139270326 -12.239075 -39.59961 -13.499451 
312531361158664 1379577039202624818 -12.478638 -39.59961 -13.798523 
312531424488436 1379577039266406556 -12.95929 -39.718628 -13.859558 
312531492487824 1379577039329724435 -13.378906 -39.718628 -13.859558 
312531554200017 1379577039393689279 -13.859558 -39.718628 -13.919067 
312531614721916 1379577039456830148 -14.518738 -39.59961 -14.099121 
312531678662095 1379577039520794992 -14.93988 -39.419556 -14.099121 
