#SysTm EventTmStmp Gyro:x Gyro:y Gyro:z
312458670421604 1379576966338216189 -0.11752 0.0183 -0.09753 
312458680737490 1379576966402181033 -0.13034 0.13899 0.04239 
312458707442815 1379576966529317264 -0.10684 -0.06075 -0.03131 
312458761830119 1379576966592488650 -0.16666 -0.06822 0.03384 
312458819849347 1379576966656453494 -0.10791 -0.28612 0.09793 
312458903658290 1379576966719685916 -0.01071 0.0183 -0.08151 
312458943151651 1379576966783559207 -0.125 0.14433 -0.17551 
312459010479593 1379576966846730594 -0.20297 -0.03191 -0.04092 
312459073595723 1379576966910832123 -0.07693 -0.03725 0.13425 
312459135399477 1379576966974003510 -0.00751 -0.08852 0.08832 
312459199187055 1379576967037998871 0.04056 -0.05327 0.0018 
312459262455786 1379576967101139740 0.04483 0.01509 -0.12637 
312459326640130 1379576967165104584 0.06406 0.01936 -0.22464 
312459388474404 1379576967228275971 0.02347 -0.01054 -0.26523 
312459475610067 1379576967292515473 0.01599 0.02577 -0.20221 
312459515958000 1379576967355422518 0.02133 0.05034 -0.07083 
312459579470894 1379576967419387362 -0.12927 -0.05647 -0.11783 
312459643472116 1379576967482558749 -0.01819 0.13045 0.07016 
312459708022702 1379576967546523592 -0.00217 0.09413 0.01782 
312459770528425 1379576967609694979 -0.07159 0.0952 -0.03772 
312459833675076 1379576967673659823 -0.10043 0.08238 0.005 
312459898195142 1379576967736831209 -0.11966 0.16249 -0.00888 
312459961830119 1379576967800796053 -0.2991 -0.02336 -0.08685 
312460025129371 1379576967863967440 0.01599 0.36543 0.02209 
312460129905810 1379576967927932284 0.0256 0.03539 0.09259 
312460150659663 1379576967991073153 -0.09616 -0.03404 0.04453 
312460214874526 1379576968055037997 -0.04596 0.35475 -0.07083 
312460279089390 1379576968118209383 0.12387 0.05995 0.19193 
312460342663326 1379576968182249775 -0.07373 -0.23592 0.1524 
312460410693235 1379576968245451679 -0.19016 -0.4207 0.1994 
312460470818369 1379576968309416523 -0.16772 -0.1259 0.30942 
312460533263052 1379576968372587910 -0.07907 -0.09172 0.33932 
312460596653864 1379576968436552754 -0.10257 -0.09386 0.28378 
312460661234972 1379576968500700703 -0.03314 -0.11736 0.18231 
312460726273885 1379576968563658466 0.00531 -0.28612 0.06268 
312460787528272 1379576968626829853 -0.35999 -0.35555 -0.40408 
312460851773657 1379576968690825215 -0.04276 -0.12376 -0.27911 
312460915194990 1379576968753996601 0.34711 0.07704 0.08405 
312460978982568 1379576968817961445 0.16873 -0.47197 -0.02277 
312461041885055 1379576968881132832 0.22427 0.0215 -0.17337 
312461106130439 1379576968945097675 0.42508 0.07918 -0.03879 
312461169338131 1379576969008269062 0.31827 -0.10667 -0.13171 
312461232454261 1379576969072233906 0.0993 0.05568 -0.36456 
312461317178814 1379576969135527363 0.11853 0.07597 -0.25882 
312461359357968 1379576969199339619 -0.06519 -0.06181 -0.18832 
312461422229936 1379576969262511006 -0.48816 -0.24553 -0.08151 
312461486505840 1379576969326475849 -0.23715 -0.34273 -0.08151 
312461549194685 1379576969389616718 -0.30017 0.0717 -0.03665 
312461613745272 1379576969453642597 0.12067 -0.27223 -0.11676 
312461676891922 1379576969516813984 0.19223 0.03752 -0.10608 
312461741991877 1379576969580748310 0.24136 0.19026 0.08618 
312461805321649 1379576969643950215 0.10358 -0.09599 0.06802 
312461914462501 1379576969707976093 0.06833 0.05888 0.10541 
312461931859113 1379576969771202427 0.02774 -0.09706 -0.05054 
312462012646540 1379576969835167271 -0.54904 -0.23271 -0.4169 
312462059922596 1379576969898338658 0.13135 0.13472 -0.09753 
312462121970513 1379576969962303502 0.18475 -0.02229 0.00607 
312462186429539 1379576970025474888 0.16446 0.10802 -0.01956 
312462251132728 1379576970089500767 0.1228 0.17638 -0.11356 
312462313516370 1379576970152611119 0.19971 -0.01268 -0.09647 
312462378005916 1379576970216606480 -0.05557 0.13579 -0.11035 
312462466026670 1379576970279869420 -0.03741 0.38466 -0.16803 
312462503902453 1379576970343712193 -0.28094 0.77773 -0.19794 
312462566652337 1379576970406853062 -0.48389 -0.82552 0.13638 
312462631325007 1379576970470848423 -0.1955 -0.2263 0.41302 
312462694746339 1379576970534050328 0.08649 -0.84901 0.33826 
312462758930683 1379576970598059329 0.33856 -0.5414 0.43866 
312462822260457 1379576970661261233 0.42294 0.23833 0.18658 
312462886536361 1379576970725226077 0.31613 -0.31175 0.16415 
312462948614797 1379576970788397464 0.1196 -0.28932 0.06161 
312463068559860 1379576970852362307 0.06833 -0.14299 0.03598 
312463075457464 1379576970915564212 -0.03314 -0.00307 0.05948 
312463138726198 1379576970979437503 -0.47427 -0.39934 -0.30154 
312463203063142 1379576971042639407 -0.06839 0.14326 -0.40088 
312463268498820 1379576971106604251 0.10037 -0.12163 -0.07297 
312463330546737 1379576971169775638 0.08435 0.00121 -0.26523 
312463409350338 1379576971234137210 -0.03528 0.7585 -0.07831 
312463475640588 1379576971297186526 0.30331 0.37077 -0.09967 
312463521726350 1379576971360937747 0.07794 0.13686 -0.03665 
312463587863996 1379576971424048098 0.20398 0.05141 -0.13812 
312463669689114 1379576971488012942 -0.05984 0.29707 -0.04733 
312463712478677 1379576971551184329 -0.39203 -0.28612 -0.09753 
312463775838971 1379576971615149173 -0.06519 0.05247 0.23679 
312463840481119 1379576971678320559 -0.13675 -0.45702 -0.02704 
312463907992181 1379576971742285403 -0.11859 -0.00734 0.16629 
312463972237565 1379576971805700931 0.36206 0.05675 0.23465 
312464033400393 1379576971869848880 0.24777 -0.07356 0.0787 
312464096424961 1379576971932867679 0.22534 -0.12697 -0.13705 
312464160548263 1379576971996893557 0.06299 -0.05327 -0.23746 
312464228791816 1379576972059759768 -0.21259 0.2426 -0.1456 
312464338237871 1379576972123785647 -0.92075 -0.45168 -0.74374 
312464352918170 1379576972187012023 0.14951 0.50429 0.05414 
312464410418552 1379576972250976867 -0.0043 -0.37477 0.11395 
312464473565202 1379576972314148254 -0.06198 0.3131 0.03278 
312464541137306 1379576972378113098 0.16873 0.25008 0.13638 
312464611425723 1379576972441284484 0.10144 -0.10988 0.052 
312464673076875 1379576972505554504 0.13562 0.20949 0.11823 
312464732866286 1379576972568695373 -0.16666 0.05888 0.43011 
312464796165537 1379576972632721252 -0.19229 0.03111 0.3233 
312464861051850 1379576972695770568 -0.2489 0.00121 0.35428 
312464926518048 1379576972759979553 -0.10684 -0.25835 0.33398 
312465048691099 1379576972822967834 0.17621 0.05034 0.33505 
312465058366057 1379576972886658019 0.33002 -0.11415 0.17911 
312465110433811 1379576972949829406 0.11639 -0.17076 -0.13065 
312465173763584 1379576973013838362 0.08542 -0.25728 -0.27805 
312465236635550 1379576973077009749 0.0224 -0.06715 -0.14667 
312465302254351 1379576973140974592 -0.65692 0.13579 -0.54187 
312465364149667 1379576973204145979 -0.01926 0.30028 -0.32397 
312465431202925 1379576973268446516 0.1933 -0.14833 0.12036 
312465495722993 1379576973331587385 0.06619 -0.03618 -0.22678 
312465563478219 1379576973395277571 0.1431 0.31523 -0.09433 
312465618781133 1379576973458418440 0.19864 0.02043 0.11823 
312465682202468 1379576973522383284 0.08115 -0.03725 0.16629 
312465745898484 1379576973585554670 -0.01392 0.04393 0.21542 
312465809808144 1379576973649519514 0.1228 -0.01268 0.31155 
312465873046355 1379576973712690901 -0.30338 -0.05006 0.32437 
312465937230698 1379576973776655745 0.08008 0.23833 0.24854 
312466003337825 1379576973839827131 0.16873 0.18065 0.45575 
312466074023007 1379576973903822493 -0.06091 -0.08745 -0.06976 
312466131279226 1379576973966993879 0.06192 0.24901 -0.1691 
312466194670039 1379576974030989241 0.173 0.04393 -0.13385 
312466307931141 1379576974094435286 0.02988 -0.1291 -0.14133 
312466318643792 1379576974158064436 0.00638 -0.15474 -0.13278 
312466381332636 1379576974221235823 0.07474 -0.11949 -0.13705 
312466444662409 1379576974285200667 -0.1752 -0.13979 -0.30154 
312466508633109 1379576974348341536 -0.21259 -0.25728 -0.68927 
312466572878493 1379576974412336897 0.25098 0.13152 -0.31757 
312466640542159 1379576974475813460 0.05765 -0.14726 -0.13705 
312466704665461 1379576974539808821 0.17834 0.20094 -0.12637 
312466771138832 1379576974603187800 0.26166 0.05782 0.06802 
312466830958761 1379576974667305231 0.15698 0.00975 0.1994 
312466920230850 1379576974729957819 0.26059 -0.06822 0.38312 
312466954169505 1379576974793892145 -0.13248 -0.10881 0.11395 
312467017346675 1379576974857063532 -0.38989 -0.06609 0.17377 
312467082080385 1379576974921028376 -0.34717 -0.14833 -0.10822 
312467146295249 1379576974984230280 -0.30872 0.46904 0.03278 
312467208556808 1379576975048164606 -0.24997 0.25114 0.19727 
312467271764501 1379576975111366511 0.11319 -0.01054 0.23038 
312467336376128 1379576975175300837 0.21786 0.03218 0.1524 
312467399522778 1379576975238502741 0.05978 -0.02443 -0.09326 
312467464225968 1379576975302589655 0.0459 0.0717 -0.05801 
312467526212843 1379576975365608454 -0.10791 -0.15581 0.04773 
312467590000422 1379576975429647921 -0.77121 -0.45061 -0.37097 
312467652475624 1379576975492819307 -0.06198 0.33873 -0.0014 
312467716293722 1379576975556784151 0.02347 -0.30855 -0.10181 
312467779562455 1379576975619925020 0.10999 0.29173 -0.32291 
312467844906571 1379576975683950899 0.28729 0.27357 -0.13278 
312467908663630 1379576975747122286 0.16232 0.08025 -0.06442 
312467971352474 1379576975811087130 0.0694 0.08665 -0.08365 
312468040175914 1379576975874258516 -0.12607 -0.0522 -0.01529 
312468123435490 1379576975938345431 -0.13248 0.01616 0.20795 
312468161769078 1379576976001364229 -0.47214 -0.31709 -0.09326 
312468224976768 1379576976065329073 0.03629 0.56944 0.20261 
312468288184460 1379576976128500460 0.10571 -0.36409 0.24106 
312468352521405 1379576976192465304 0.2905 0.22978 0.25815 
312468415790137 1379576976254263399 0.75726 0.05461 0.13318 
312468479730316 1379576976319632052 0.53937 0.05675 -0.14346 
312468543914659 1379576976382833956 0.32895 -0.31389 -0.23532 
312468607549636 1379576976446768282 -0.08548 -0.22523 -0.14026 
312468672008663 1379576976509939669 -0.40591 -0.34593 -0.14453 
312468742815926 1379576976573843477 -0.48816 -0.65248 -0.69888 
312468797935719 1379576976637045382 0.38449 0.62071 -0.09113 
312468861296011 1379576976701040743 0.13882 -0.07143 0.13104 
312468924503702 1379576976764212130 -0.02567 0.045 -0.16589 
312468988382843 1379576976828176974 0.0929 0.21696 0.0285 
312469052323022 1379576976891348360 0.10251 -0.02336 0.146 
312469116476845 1379576976955313204 -0.01712 0.11122 -0.04626 
312469178982567 1379576977018484591 -0.20297 0.55235 -0.15842 
312469242556503 1379576977082539736 -0.18054 0.32912 0.02744 
312469317911303 1379576977145741640 -0.25317 0.19026 -0.05908 
312469369002406 1379576977209645449 -0.20618 -0.02443 0.31689 
312469432545821 1379576977272847353 0.03842 -0.25728 0.16522 
312469497004846 1379576977336842714 0.47314 0.17851 0.11716 
312469560212539 1379576977400014101 0.41653 0.12404 0.11288 
312469624763125 1379576977463307558 0.23282 -0.15688 0.0488 
312469687970817 1379576977527150332 0.14523 -0.05006 -0.00888 
312469752338282 1379576977591115175 0.03308 -0.14833 -0.01315 
312469814325158 1379576977654286562 -0.98056 -0.5916 -0.62091 
312469927097934 1379576977718403994 0.31934 0.00548 0.64694 
312469941686672 1379576977781392275 0.16125 -0.08638 0.19513 
312470007763278 1379576977845326601 0.05231 0.46156 0.04025 
312470069689114 1379576977908695766 0.03415 -0.18037 0.23251 
312470134331263 1379576977972660610 -0.35571 0.54167 0.0755 
312470201384521 1379576978036106655 -0.11325 0.20308 -0.04199 
312470264287008 1379576978100285121 0.0694 -0.36729 0.14279 
312470329356441 1379576978163273403 -0.14636 -0.40041 -0.21823 
312470392045286 1379576978227238246 -0.07266 0.01295 0.1257 
312470454581530 1379576978290440151 -0.06839 -0.48265 0.06482 
312470548462195 1379576978354018911 0.05551 0.03218 0.17056 
312470591831644 1379576978417190297 0.17087 -0.19426 0.31583 
312470641518810 1379576978481155141 0.13776 -0.31496 0.31903 
312470704177134 1379576978544296010 0.10358 -0.14085 0.00287 
312470767476388 1379576978608291371 0.03308 -0.02763 -0.10394 
312470832820504 1379576978671462758 -0.3963 0.01936 -0.33252 
312470900514690 1379576978735915883 -0.50525 0.25862 -0.4938 
312470962898330 1379576978798965200 0.03842 0.42952 0.10968 
312471028456090 1379576978862960561 -0.17093 -0.20708 -0.09433 
312471097432133 1379576978926101430 0.07901 0.17317 -0.03665 
312471179043607 1379576978990249379 0.21573 0.00655 0.14066 
312471213195905 1379576979052932485 0.07474 -0.1996 0.07977 
312471276922441 1379576979116942012 0.10144 0.18492 -0.0484 
312471339885970 1379576979180082882 0.03522 0.29066 0.03812 
312471406572984 1379576979244047725 -0.24036 -0.12804 -0.02277 
312471472191784 1379576979307280147 -0.13889 0.33125 0.05734 
312471541930835 1379576979371702755 -0.16025 -0.06075 0.10327 
312471595799292 1379576979434385860 0.01813 -0.19533 0.25815 
312471660349879 1379576979498777950 0.16446 0.01936 0.15454 
312471730302574 1379576979561522090 0.1965 -0.27864 0.11182 
312471859281668 1379576979625588712 0.02347 -0.06288 -0.07724 
312471866362394 1379576979688821134 0.06299 -0.07677 -0.10287 
312471912600757 1379576979752694425 0.02347 0.02577 -0.03238 
312471975320122 1379576979815835294 -0.59604 -0.35341 -0.30475 
312472039748628 1379576979879830655 -0.15918 0.27892 -0.04306 
312472108480506 1379576979943002042 0.20825 0.22551 0.28806 
312472173916186 1379576980007333097 -0.07693 -0.36195 -0.0217 
312472236086185 1379576980070382413 0.19971 0.28426 0.01141 
312472299476997 1379576980134438809 0.30759 -0.01375 0.07016 
312472361524913 1379576980197549161 0.19864 -0.05968 0.1257 
312472431386048 1379576980261575040 0.12067 -0.07677 0.12891 
312472487390930 1379576980324410733 -0.37494 -0.10988 -0.1424 
312472548462195 1379576980388390216 0.10251 0.61751 0.15668 
312472613226424 1379576980451592120 -0.00644 -0.41536 0.14279 
312472677532849 1379576980515556964 -0.03528 -0.05861 0.00928 
312472742846447 1379576980578728351 0.22321 -0.17183 0.11075 
312472807580156 1379576980643028888 0.31613 -0.02016 0.099 
312472872619069 1379576980706078204 0.22855 -0.06395 -0.14026 
312472934972190 1379576980770165118 0.17728 -0.16756 -0.00354 
312472998515604 1379576980833244952 0.09396 -0.05754 -0.02704 
312473063554520 1379576980897270831 -0.49136 -0.18465 -0.2695 
312473144280904 1379576980960137042 0.32895 0.84715 0.00394 
312473183804785 1379576981024071368 0.22855 0.26717 0.07657 
312473248752138 1379576981087242755 0.1431 -0.23485 -0.12531 
312473312203991 1379576981151207599 0.05338 0.57158 -0.24707 
312473374038267 1379576981214348468 0.30118 0.15501 0.03171 
312473446096865 1379576981278710040 0.0224 -0.1024 0.2197 
312473507107090 1379576981341850909 -0.0983 0.17744 0.14279 
312473599492257 1379576981405968341 -0.01285 0.28426 0.16309 
312473628242448 1379576981468681964 -0.28201 0.07704 0.17697 
312473692121587 1379576981532616290 -0.16879 0.37611 0.33505 
312473776418855 1379576981595787677 -0.23929 -0.12697 0.41943 
312473820825998 1379576981659722003 -0.39523 -0.14726 0.37564 
312473882599231 1379576981722923907 -0.27988 -0.03404 0.26776 
312473946722534 1379576981786858234 0.07687 0.11229 0.38098 
312474012646538 1379576981850060138 -0.07907 -0.10027 0.11502 
312474074419771 1379576981914055499 -0.05771 -0.11522 0.13318 
312474138207350 1379576981977226886 0.08115 -0.02122 0.23999 
312474202544294 1379576982041401552 -0.27774 -0.05647 -0.19687 
312474266148750 1379576982104542421 -0.05344 0.9828 0.10968 
312474330485695 1379576982168659853 0.14951 0.437 0.51984 
312474395280445 1379576982231678651 0.13776 -0.12483 0.54333 
312474455771824 1379576982295643495 0.04056 0.17851 -0.05267 
312474518155464 1379576982358814882 0.05231 -0.13231 -0.09326 
312474582004084 1379576982422779726 -0.00858 -0.09172 -0.2663 
312474647165078 1379576982485951112 0.01279 -0.16542 -0.20969 
312474713821573 1379576982549946474 -0.05344 -0.18571 -0.25668 
312474773763583 1379576982613117860 0.11639 -0.06181 -0.01529 
312474837093355 1379576982677082704 -0.32474 -0.17503 -0.02811 
312474901613422 1379576982740254091 -0.2019 0.36543 -0.00247 
312474999248094 1379576982804341005 -0.08868 -0.11736 0.12143 
312475027509959 1379576982867372031 -0.12393 -0.25514 0.03384 
312475090839732 1379576982931336874 0.20398 -0.03404 0.05521 
312475153833780 1379576982994508261 -0.03528 -0.09813 -0.09753 
312475218201245 1379576983058473105 0.03629 -0.15154 -0.01102 
312475281714141 1379576983121644492 0.00745 -0.20708 -0.02917 
312475345227035 1379576983185609335 -0.16238 -0.29787 -0.15201 
312475409075654 1379576983248780722 -0.11752 0.17638 -0.23212 
312475473778843 1379576983312745566 0.40372 0.3633 0.22717 
312475537169656 1379576983375947470 0.26059 -0.36089 0.42371 
312475648446934 1379576983440034384 0.17941 0.00548 0.20154 
312475664012324 1379576983503053183 0.19223 0.21803 0.47391 
312475726640129 1379576983566987509 -0.00003 -0.18465 0.63306 
312475790336145 1379576983630189413 0.02347 -0.05968 0.7858 
312475855252977 1379576983694154257 0.10678 -0.01695 0.99728 
312475918216506 1379576983757295126 -0.58536 -0.38118 1.1105 
312475983072296 1379576983821290488 -0.42194 -0.21562 1.28354 
312476045761141 1379576983884492392 -0.02353 0.17638 1.68942 
312476108633108 1379576983948457236 -0.1485 -0.52858 1.92227 
312476177700710 1379576984011628622 -0.04916 -0.16435 1.72574 
312476236177745 1379576984075654501 -0.04489 -0.04045 1.48969 
312476299141272 1379576984138734335 0.01279 -0.19319 1.55057 
312476362593127 1379576984202668662 -0.08548 -0.25407 1.4523 
312476427418397 1379576984265901083 0.01813 0.05461 1.05176 
312476491297538 1379576984329835410 -0.10471 -0.05754 0.65762 
312476554230545 1379576984393037314 -0.48282 -0.38332 0.2731 
312476617682398 1379576984457002158 -0.04703 0.56303 0.48779 
312476680768008 1379576984520385047 0.0694 -0.28719 0.68326 
312476750690181 1379576984584319374 0.05444 -0.19746 0.42905 
312476828059326 1379576984647490760 0.14096 -0.03618 0.47604 
312476870940449 1379576984711455604 0.23816 -0.05006 0.66296 
312476934209181 1379576984774626991 0.21252 -0.08424 0.52518 
312476998546126 1379576984838591834 0.18475 0.19774 0.30621 
312477062242142 1379576984901763221 0.20718 0.21803 0.25922 
312477126945332 1379576984965728065 0.16766 0.43379 0.24106 
312477188230239 1379576985028899452 0.00638 0.29921 0.16949 
312477253879560 1379576985092894813 0.16446 0.23512 0.37991 
312477317026210 1379576985156035682 -0.01498 -0.41109 0.34787 
312477424457921 1379576985220336219 0.07794 0.13258 0.24854 
312477442770145 1379576985283171913 0.23816 -0.0287 0.21222 
312477506893447 1379576985347151337 0.24457 -0.09065 0.10754 
312477569734894 1379576985410322724 0.20825 -0.05647 0.11182 
312477633858195 1379576985474257050 0.20825 -0.14513 0.09045 
312477698134100 1379576985537489472 -0.42621 -0.18892 -0.23532 
312477762410004 1379576985601454316 0.25952 0.45943 -0.05695 
312477826289143 1379576985664625703 0.02454 -0.24126 -0.14987 
312477888855907 1379576985728590546 0.14844 0.15929 -0.30154 
312478001140357 1379576985791761933 0.23389 0.20415 -0.24387 
312478015179728 1379576985855696259 0.22534 -0.03404 0.08511 
312478078234817 1379576985918867646 0.04697 -0.07143 0.08084 
312478142144477 1379576985982832490 0.18048 0.10909 0.18765 
312478206237259 1379576986045973359 0.11533 0.18813 0.13531 
312478270391082 1379576986109968720 -0.39844 -0.24126 -0.05801 
312478332896804 1379576986173140107 -0.14529 0.47118 -0.08472 
312478396653861 1379576986237104951 -0.21152 -0.31602 0.08618 
312478460838205 1379576986300306855 -0.17307 -0.26155 0.04559 
312478585330804 1379576986364393769 0.05017 -0.05968 0.00607 
312478593601826 1379576986428114472 0.11853 0.03752 0.01996 
312478651529492 1379576986491377412 -0.02673 -0.21349 0.01462 
312478714279377 1379576986554548798 0.14203 -0.04259 0.07016 
312478778341638 1379576986618513642 0.02774 -0.11736 0.02637 
312478842953266 1379576986681685029 -0.35144 -0.23698 -0.31543 
312478912295553 1379576986745985566 0.10464 0.40175 -0.12744 
312478973580460 1379576986809095917 0.33749 0.0984 0.15454 
312479038558333 1379576986873091279 0.23923 0.05247 0.02423 
312479099934801 1379576986936348138 0.26807 0.54701 -0.16055 
312479177426027 1379576987000587640 0.0459 -0.03404 -0.01422 
312479241396728 1379576987063301263 -0.0983 0.14006 -0.10181 
312479286841562 1379576987127266107 0.02454 0.20094 -0.04626 
312479350842783 1379576987190437494 -0.03207 0.1454 0.09473 
312479415851175 1379576987254402337 -0.41232 -0.24446 -0.01208 
312479478967305 1379576987317573724 -0.10898 0.48399 0.18765 
312479542785405 1379576987381569085 -0.17627 -0.38652 0.21115 
312479606420381 1379576987444740472 -0.14316 0.23512 0.17697 
312479668895583 1379576987508705316 0.05017 0.09627 0.37778 
312479732255876 1379576987571876703 0.03094 -0.03618 0.397 
312479796928544 1379576987635841546 -0.0545 -0.2231 0.13852 
312479896486000 1379576987699104486 0.0929 -0.24767 0.11182 
312479926365444 1379576987762930447 0.06299 -0.04045 -0.02383 
312479985941211 1379576987826101833 -0.73276 -0.67384 -0.5376 
312480051376889 1379576987890097195 -0.01819 0.44981 -0.47778 
312480114218335 1379576987953268581 0.06085 -0.30214 0.01035 
312480177334466 1379576988017233425 -0.12607 -0.0789 -0.32184 
312480241457768 1379576988080435329 0.0961 0.13579 -0.37097 
312480305428469 1379576988144369656 -0.03955 -0.10454 -0.01315 
312480368666680 1379576988207571560 -0.14316 0.10161 -0.02383 
312480468468298 1379576988271536404 0.07153 0.28426 0.12357 
312480494959981 1379576988334646755 -0.14957 -0.30641 0.08298 
312480558198192 1379576988398642117 -0.01071 0.0685 -0.1424 
312480621924730 1379576988461782986 -0.03207 0.33446 0.0285 
312480685285024 1379576988525778347 -0.00323 -0.24446 0.0723 
312480749774570 1379576988588949734 0.17834 0.13686 0.20474 
312480814080994 1379576988652914578 0.0256 0.53847 -0.0687 
312480877319205 1379576988716116482 0.02774 -0.03084 -0.04733 
312480941289906 1379576988780081326 0.15698 0.00548 0.06909 
312481038405731 1379576988843344265 0.11853 -0.10133 -0.06122 
312481067033840 1379576988907187038 -0.13568 -0.03297 -0.15414 
312481129783725 1379576988970358425 -0.50204 -0.20815 -0.49167 
312481195066803 1379576989034384304 0.10037 0.24474 0.005 
312481257847208 1379576989097586208 -0.04382 -0.50508 -0.09753 
312481322947162 1379576989161490017 0.19864 0.00121 0.02316 
312481386276935 1379576989224661404 0.05978 0.20308 -0.00461 
312481449393064 1379576989288595730 -0.26706 0.33125 -0.15201 
312481513455328 1379576989351797634 -0.12073 0.39427 -0.03452 
312481610540631 1379576989416096886 0.05978 -0.01161 0.23785 
312481639779147 1379576989479115685 -0.06625 0.33553 0.26562 
312481702284870 1379576989543050011 -0.42087 -0.47731 -0.13812 
312481769338127 1379576989606312951 0.14203 0.64528 0.34573 
312481831294485 1379576989670247277 -0.19336 -0.24339 0.08511 
312481894532696 1379576989733418664 0.07047 -0.29787 0.35321 
312481957892988 1379576989797352990 0.15591 -0.00627 0.18124 
312482083484321 1379576989917073449 -0.02246 -0.0287 -0.03238 
312482146692013 1379576989980702599 -0.10898 -0.04579 -0.06763 
312482222626698 1379576990044240197 -0.61241 -0.33311 -0.52014 
312482274084046 1379576990105977257 0.42081 0.0336 0.08333 
312482337810583 1379576990171358149 0.17122 0.03502 0.00891 
312482401079316 1379576990234926264 0.07829 0.12404 -0.084 
312482474755495 1379576990298708002 0.21608 0.02612 0.1524 
312482530333092 1379576990362428705 0.08505 -0.32065 0.0965 
312482593907027 1379576990425996821 0.22534 -0.36906 -0.02454 
312482662577865 1379576990489015619 0.10785 0.18492 -0.1844 
312482721329583 1379576990553163569 0.17656 0.09769 0.1759 
312482784811957 1379576990616701166 -0.30087 -0.78136 0.05342 
312482865172097 1379576990679903071 -0.23145 0.39214 0.17661 
312482909609759 1379576990743471186 -0.4173 -0.16612 -0.01849 
312482973580461 1379576990807039301 0.1203 -0.05183 -0.06477 
312483038619374 1379576990870607416 0.40442 0.15892 0.21043 
312483104055051 1379576990934175531 0.27625 0.0126 0.09152 
312483163813941 1379576990997743647 0.18332 -0.15865 0.00677 
312483228334008 1379576991061311762 0.15805 0.14433 -0.12103 
312483292854075 1379576991125154535 -0.04596 0.22942 -0.13527 
312483357435183 1379576991188844721 -0.64587 -0.3121 -0.5141 
312483420398711 1379576991252351801 0.22569 0.57051 0.08333 
312483488550702 1379576991314790766 0.11319 -0.23448 -0.01849 
312483545227034 1379576991379152338 0.15627 0.44127 -0.04341 
312483609289295 1379576991442720453 0.21608 0.23726 0.03171 
312483672496986 1379576991506288569 -0.07587 -0.07106 0.10362 
312483736437167 1379576991569856684 -0.0787 -0.03226 -0.11177 
312483799675378 1379576991633424799 0.14452 0.0457 0.2261 
312483873412598 1379576991697389643 -0.31761 -0.10881 0.14635 
312483928837594 1379576991761349565 -0.04951 -0.11984 0.0463 
312483993144019 1379576991824673539 0.14131 0.16605 0.18159 
312484056046506 1379576991888272172 0.10927 -0.18785 0.1232 
312484120688654 1379576991951748734 0.22391 0.22621 0.15916 
312484242434420 1379576992015438920 0.31221 -0.07285 0.35748 
312484259556348 1379576992078610307 -0.00145 -0.12767 0.22646 
312484307473332 1379576992140499955 -0.0481 0.02257 -0.08221 
312484372115482 1379576992205746537 -0.16095 -0.43565 0.05235 
312484435475774 1379576992269314652 -0.22362 0.06351 0.0228 
312484499599078 1379576992332852250 -0.50311 -0.15082 -0.33821 
312484562410003 1379576992396450883 0.18404 0.39925 -0.11391 
312484626594348 1379576992460018998 0.04056 -0.16933 -0.10002 
312484690900771 1379576992523190385 0.19543 0.36543 -0.03842 
312484753803258 1379576992587137226 0.19827 0.11726 0.05164 
312484857847208 1379576992650827411 0.08221 -0.09599 0.14172 
312484880676446 1379576992714273456 -0.00038 0.11086 0.05948 
312484943884137 1379576992777841571 0.03345 -0.02406 0.12 
312485007885358 1379576992841409687 -0.14066 0.35439 0.13994 
312485072222303 1379576992904947284 -0.21828 -0.28291 -0.01279 
312485135124791 1379576992968698505 -0.10292 0.45799 0.30977 
312485198179879 1379576993032114032 -0.18802 -0.47624 0.08333 
312485262242142 1379576993095682147 0.07224 0.15501 0.08012 
312485325449832 1379576993159250263 0.22783 0.01439 0.06339 
312485389420532 1379576993222848895 0.0491 -0.17538 -0.06512 
312485452780825 1379576993286386493 -0.09544 -0.24409 -0.21039 
312485517361933 1379576993348978046 -0.13318 -0.08994 -0.24991 
312485579562453 1379576993413522724 -0.63519 -0.11592 -0.57533 
312485643563673 1379576993477090839 0.32254 0.41847 -0.18547 
312485706801886 1379576993540658954 0.14238 -0.13942 0.2318 
312485833675072 1379576993674081806 0.09396 -0.3 -0.22678 
312485897401611 1379576993738016132 0.18582 0.21162 -0.14774 
312485960853464 1379576993801218036 0.16766 -0.04259 0.00714 
312486024732604 1379576993865182880 0.04803 0.11656 -0.01849 
312486117392455 1379576993928354267 0.06619 0.68053 0.05948 
312486151483710 1379576993992319110 -0.32047 0.00761 -0.13705 
312486214813482 1379576994055490497 -0.13889 0.13152 0.20154 
312486278784184 1379576994119455341 -0.14529 -0.5681 0.11395 
312486340801580 1379576994181039813 -0.08334 -0.09492 0.15988 
312486406115177 1379576994246830854 0.2702 -0.30321 0.18018 
312486469231307 1379576994310002241 0.24457 -0.35341 0.2699 
312486533171486 1379576994373997602 0.16339 -0.11629 0.00714 
312486596501259 1379576994437168989 0.06299 -0.30214 0.15881 
312486688398100 1379576994501225386 0.02347 -0.14619 0.16629 
312486723404967 1379576994564274702 -0.47 -0.36836 -0.24066 
312486787436709 1379576994628239546 0.23175 0.39748 -0.11462 
312486915164466 1379576994748661909 0.17834 0.29884 -0.05374 
312486978372158 1379576994812260542 0.16446 0.07205 0.10114 
312487042495461 1379576994875859175 0.00034 -0.15901 0.10114 
312487109457157 1379576994939427290 0.04874 0.2394 0.01105 
312487169429689 1379576995002916246 0.29547 0.38145 0.14777 
312487265141576 1379576995066545396 -0.2254 0.15715 0.09259 
312487296516519 1379576995130113512 -0.397 0.02008 -0.32539 
312487359815772 1379576995193620592 -0.12463 -0.05183 0.30157 
312487424274798 1379576995257249742 -0.13603 -0.54103 0.28592 
312487487513009 1379576995320817857 -0.10506 0.16142 0.23322 
312487558320272 1379576995383745103 0.35992 -0.14085 0.11038 
312487616064817 1379576995448167711 0.12209 0.14326 -0.15735 
312487679577713 1379576995511735826 0.35138 0.00761 -0.08614 
312487742632802 1379576995575303941 0.01813 0.00798 -0.17372 
312487814721921 1379576995638933092 0.00851 0.00085 -0.34534 
312487907503853 1379576995702196031 -0.02602 0.03181 -0.57462 
312487933446169 1379576995765764146 0.73233 0.18349 0.14136 
312487995372006 1379576995829332262 0.36348 0.17708 -0.02988 
312488059403746 1379576995892900377 -0.10898 0.46298 -0.06512 
312488123374447 1379576995956468492 0.15485 0.20912 0.22397 
312488186795781 1379576996020036607 -0.0253 0.03253 0.11502 
312488249820349 1379576996083604722 -0.26456 0.28674 -0.19009 
312488315622273 1379576996147203355 -0.14458 -0.21989 0.24426 
312488377242904 1379576996209337144 -0.47711 0.09627 -0.10251 
312488468895582 1379576996274431138 -0.36639 0.14896 -0.11284 
312488504329734 1379576996337877183 -0.36247 -0.78242 0.01852 
312488568086792 1379576996401475816 -0.99658 -0.71799 -0.07973 
312488631233443 1379576996465013414 -0.41873 -0.0141 0.17484 
312488695082061 1379576996528551012 0.63406 -0.26724 0.21329 
312488762684686 1379576996591997056 0.12209 0.01616 0.07764 
312488822413056 1379576996656018442 0.01849 -0.46413 0.06624 
312488885590226 1379576996719586557 -0.09082 -0.25977 0.08688 
312488949652488 1379576996783093637 -0.38739 0.11086 -0.13989 
312489016675224 1379576996846692270 -0.36426 -0.55101 -0.3318 
312489076556195 1379576996910260386 0.2645 0.4523 -0.09076 
312489140923662 1379576996973797983 0.22961 -0.03725 -0.2079 
312489203795628 1379576997037366098 0.25702 0.46405 -0.24707 
312489267247482 1379576997100964731 0.12636 0.07277 -0.11569 
312489331004539 1379576997164502329 -0.01854 0.01439 0.01462 
312489394090149 1379576997228100962 -0.04559 0.08914 -0.07297 
312489457908249 1379576997291669077 0.04163 -0.0262 0.16486 
312489521115939 1379576997355237192 -0.27347 -0.12019 -0.05551 
312489590183542 1379576997418085308 0.11496 0.28532 -0.05089 
312489648385891 1379576997482385845 -0.19122 -0.11949 -0.11426 
312489712295551 1379576997545953960 -0.03421 -0.01125 -0.09682 
312489775472723 1379576997609522075 0.14807 0.02612 0.08191 
312489839626545 1379576997673120708 0.19864 -0.16292 0.17946 
312489902864756 1379576997736688823 0.09859 -0.16791 0.06375 
312489970894666 1379576997800226421 -0.00287 -0.1031 0.01497 
312490031477605 1379576997863825054 -0.05771 0.03253 -0.07938 
312490093769686 1379576997927362651 -0.81215 -0.08067 -0.40158 
312490160395658 1379576997990930766 -0.10185 0.42418 -0.27092 
312490220887036 1379576998054498882 0.05586 0.34656 0.07834 
312490284216809 1379576998118097515 0.08969 0.22372 -0.17621 
312490351392148 1379576998181665630 0.22284 0.25221 -0.04555 
312490411791966 1379576998243921489 0.16837 -0.05861 0.15027 
312490475426941 1379576998308771343 0.14345 0.04855 0.09401 
312490538512552 1379576998372369975 -0.10933 0.52101 -0.02383 
312490666209788 1379576998505762309 -0.10471 -0.00948 0.57538 
312490729875285 1379576998569727153 -0.172 -0.1964 -0.14453 
312490792289447 1379576998632898540 -0.07159 0.13686 0.04346 
312490856077026 1379576998696863384 -0.04916 -0.58626 -0.0484 
312490919315238 1379576998760034770 -0.09296 -0.04045 -0.12958 
312490983255417 1379576998823999614 0.28195 -0.37798 0.01462 
312491048172248 1379576998887171001 0.25311 -0.13765 0.10434 
312491110586410 1379576998951135845 0.16446 -0.11949 -0.07083 
312491175442203 1379576999014307231 0.04376 -0.19319 -0.02811 
312491237764803 1379576999078480669 -0.13034 0.13792 -0.13171 
312491315713833 1379576999141926714 -0.58963 -0.21776 -0.48953 
312491400682549 1379576999205616900 0.23709 0.38573 -0.15735 
312491427845680 1379576999268788286 0.26593 0.26823 -0.00247 
312491491663781 1379576999332722612 0.24457 0.27464 0.04666 
312491554840951 1379576999395893999 0.08755 0.01723 0.08298 
312491619025293 1379576999459889360 -0.02246 0.092 0.04453 
312491687848732 1379576999523304888 -0.03101 0.07384 0.2229 
312491752185679 1379576999587422319 -0.06091 0.15715 0.26776 
312491813531627 1379576999650441118 -0.45291 -0.01802 0.1759 
312491873382076 1379576999714161821 0.14417 0.4669 0.31262 
312491991984242 1379576999777333208 -0.08762 -0.1996 0.10327 
312492001750762 1379576999841298052 -0.04596 -0.31816 0.20581 
312492063676598 1379576999904422964 -0.12286 -0.18678 0.18872 
312492127677818 1379576999968418325 0.22641 -0.4175 0.26883 
312492190946550 1379577000031589712 0.03735 -0.24553 0.05307 
312492257816686 1379577000095585073 0.05872 -0.10988 0.03064 
312492320169808 1379577000159000601 -0.078 -0.20067 0.02316 
312492382522928 1379577000222690786 -0.35358 0.02364 -0.22571 
312492445516977 1379577000285892691 -0.17413 -0.26048 -0.16269 
312492514523539 1379577000350132193 0.23389 0.19347 0.02423 
312492584109987 1379577000413028921 0.14523 -0.37477 -0.08365 
312492636116701 1379577000476963247 0.20398 0.2896 -0.04413 
312492699446474 1379577000540104116 0.11639 0.16249 0.05414 
312492763264572 1379577000604068960 -0.05878 0.00227 0.22824 
312492826655386 1379577000667270864 -0.06305 0.05995 0.2699 
312492890656606 1379577000731205191 0.20505 -0.14833 0.55188 
312492955237716 1379577000794376577 0.10358 0.04393 0.55829 
312493023664389 1379577000858799185 -0.33649 -0.31496 0.31049 
312493080920609 1379577000921573843 0.1666 0.56197 0.67365 
312493174160346 1379577000985599722 -0.125 -0.4239 0.72278 
312493208068479 1379577001048679556 0.08969 -0.27223 0.92145 
312493271795016 1379577001112644400 0.15485 0.30455 0.90329 
312493335277391 1379577001175815786 0.07581 -0.23485 1.1778 
312493399309132 1379577001239780630 0.02774 -0.16115 1.17032 
312493464470128 1379577001303135122 0.11533 -0.2263 1.27286 
312493528746032 1379577001367161001 0.12494 -0.06395 1.38501 
312493592014764 1379577001430362905 -0.35785 -0.34166 1.3786 
312493657023156 1379577001494687980 0.37915 -0.1291 1.63281 
312493719650961 1379577001557706779 0.23602 0.54274 1.54843 
312493816400541 1379577001621396964 0.15378 -0.21349 1.64456 
312493843563673 1379577001684537834 0.23389 0.42632 1.52066 
312493907686974 1379577001748533195 0.17728 0.23085 1.64883 
312493970955706 1379577001811704582 0.12814 0.20522 1.63708 
312494035048489 1379577001875699943 0.15698 0.05354 1.06351 
312494098225659 1379577001938840812 -0.03421 0.03004 0.70035 
312494162043759 1379577002002836173 -0.33969 -0.09599 0.33292 
312494225373531 1379577002065977043 0.17941 0.28319 0.37991 
312494289191628 1379577002129972404 -0.13782 -0.02657 0.19193 
312494423206584 1379577002193143791 -0.25851 -0.61296 0.16095 
312494430928238 1379577002257352775 0.10464 0.01723 0.05734 
312494479486151 1379577002320324111 0.23602 0.14647 0.06696 
312494543212687 1379577002384197402 0.04483 -0.06609 -0.04626 
312494606511941 1379577002447368789 0.51373 0.20735 -0.01849 
312494670482640 1379577002511333633 0.64938 0.28212 0.21756 
312494733690332 1379577002574474502 -0.41339 0.52885 0.15988 
312494797630512 1379577002638469863 -0.39951 -0.11629 -0.13705 
312494861051847 1379577002701610732 -0.03421 0.26823 -0.00568 
312494925022546 1379577002765636611 0.0726 0.00548 -0.04306 
312494990091979 1379577002828777480 0.32788 0.13365 0.03812 
312495064042842 1379577002892742324 0.26059 0.4669 -0.06976 
312495115286547 1379577002955913711 0.19223 0.02364 0.14813 
312495179226727 1379577003019878555 0.09396 0.09306 0.16309 
312495242617541 1379577003083080459 -0.0043 -0.07143 0.04559 
312495306374599 1379577003146953750 -0.05237 0.00334 -0.06549 
312495369704372 1379577003210155654 -0.13995 -0.02443 -0.15628 
312495433583510 1379577003274120498 -0.51593 -0.39079 -0.12103 
312495496821723 1379577003337322402 0.14203 0.62605 0.16843 
312495560853463 1379577003401287246 -0.13675 -0.28291 0.15561 
312495639016137 1379577003464458633 -0.07373 0.04927 0.27097 
312495751422668 1379577003585308242 0.09894 -0.04649 0.34216 
312495815393369 1379577003648876357 -0.12215 -0.01054 0.06552 
312495878601060 1379577003712444473 -0.09189 -0.29109 -0.10643 
312495942663322 1379577003776012588 -0.41054 -0.11308 -0.30617 
312496005962574 1379577003839611221 -0.12607 -0.10417 -0.31009 
312496071611894 1379577003903387917 0.41226 0.55305 -0.04269 
312496132774720 1379577003966956033 0.08008 -0.11201 -0.16376 
312496217804478 1379577004030585183 0.29156 0.67909 -0.32254 
312496267247481 1379577004094092263 0.14345 0.10338 0.06268 
312496324015374 1379577004157660378 -0.04062 -0.05576 0.02707 
312496387192544 1379577004221228493 0.08257 0.03111 0.01176 
312496451346368 1379577004284827126 0.03522 -0.12198 0.05414 
312496517239851 1379577004347479714 -0.37956 -0.06857 -0.06726 
312496578463718 1379577004411963357 -0.35144 -0.24089 -0.03522 
312496641640889 1379577004475531472 -0.23003 -0.38652 0.11929 
312496705581068 1379577004539099587 -0.57681 -0.22523 -0.0484 
312496794975239 1379577004602667702 -0.04559 0.10872 0.08475 
312496832606858 1379577004666205300 0.07581 -0.16364 0.00287 
312496896821722 1379577004729724978 0.05621 -0.17894 -0.22 
312496959724209 1379577004793323611 0.02026 -0.15082 -0.21075 
312497023053982 1379577004856922243 0.09111 -0.25336 -0.08328 
312497087360407 1379577004920459841 -0.0018 0.17815 -0.00104 
312497151178504 1379577004984027956 -0.64552 -0.48586 -0.51089 
312497214264114 1379577005047626589 0.15982 0.52422 -0.16624 
312497279028345 1379577005111194704 0.06654 -0.41002 -0.47955 
312497380600143 1379577005173297976 0.06868 0.18599 -0.22678 
312497404406034 1379577005238330935 0.16302 0.04036 0.07051 
312497468346214 1379577005301868532 0.28195 0.11513 0.28165 
312497531553905 1379577005365436648 0.23245 0.30775 0.33682 
312497595585647 1379577005429004763 0.11212 -0.04686 0.23607 
312497658915419 1379577005492603396 0.02312 0.02257 0.26028 
312497724564740 1379577005555957888 -0.38632 -0.10951 0.10149 
312497785941208 1379577005619739626 -0.18517 0.05318 0.35071 
312497849942429 1379577005683307741 -0.08121 -0.35376 0.01924 
312497981149510 1379577005746967409 -0.08832 0.07312 0.11858 
312497993723903 1379577005810382937 0.14024 -0.01231 0.1111 
312498040297992 1379577005873981570 0.04411 -0.08852 0.00607 
312498105031702 1379577005937519167 0.1114 -0.0287 -0.10963 
312498167293261 1379577006001148318 0.18225 -0.06929 0.02921 
312498231325003 1379577006064655398 0.07437 0.01332 -0.08649 
312498294410612 1379577006128284548 -0.33862 -0.20992 -0.07794 
312498358381313 1379577006191822146 0.40335 0.55128 0.0876 
312498421711085 1379577006255420779 0.56963 0.31024 0.11893 
312498485681785 1379577006319228132 0.03593 0.2426 -0.29193 
312498581149510 1379577006381941755 0.13597 0.01082 -0.02667 
312498612738095 1379577006446333845 0.45605 0.04321 0.11893 
312498675854226 1379577006509901960 0.13632 -0.07533 -0.0135 
312498739916487 1379577006573531110 0.13419 0.06351 -0.06371 
312498803032617 1379577006637038190 -0.22754 0.00975 -0.01137 
312498867308522 1379577006700636823 -0.59711 -0.50258 -0.07687 
312498931706507 1379577006764174421 -0.11716 0.40816 0.29874 
312498994212229 1379577006827742536 -0.23145 -0.54887 0.14207 
312499057480961 1379577006891310651 -0.20618 0.10695 0.13852 
312499188291278 1379577006955000837 -0.02139 0.03325 0.16486 
312499202330649 1379577007018446882 0.07367 0.00833 0.08191 
312499248507972 1379577007082014997 0.00603 -0.06964 0.03847 
312499312783876 1379577007145565050 0.06583 -0.13124 0.09473 
312499375228558 1379577007207729357 -0.00252 0.09163 -0.00069 
312499502406950 1379577007342922228 -0.05771 0.39427 -0.21182 
312499565584121 1379577007406124132 0.13028 -0.09492 -0.0249 
312499629463259 1379577007470119494 0.02988 -0.02229 -0.25989 
312499692731992 1379577007533290880 0.11319 0.30028 -0.19046 
312499781546275 1379577007597225206 0.22855 0.08131 0.02103 
312499819727261 1379577007660396593 0.08649 0.03325 -0.02704 
312499883453798 1379577007724361437 0.13028 0.11229 -0.00995 
312499946630971 1379577007787502306 0.2168 -0.07997 0.14493 
312500011120516 1379577007851497667 -0.22968 -0.0287 0.07336 
312500074206125 1379577007914638537 -0.38669 -0.14619 -0.02597 
312500138054743 1379577007978694933 0.00317 0.14861 0.29874 
312500201170876 1379577008041805285 -0.10898 -0.29893 0.02957 
312500265202616 1379577008105770128 -0.06305 0.02257 0.10968 
312500330485692 1379577008168941515 0.09183 0.07384 0.01248 
312500392411527 1379577008232875841 0.00638 -0.09172 -0.03986 
312500455375056 1379577008296077746 0.07474 -0.09813 0.02744 
312500519406798 1379577008360042589 0.08115 -0.16969 0.02637 
312500582492407 1379577008423183458 -0.02673 -0.04152 0.02103 
312500646585188 1379577008487209337 -0.41446 -0.49547 -0.38165 
312500709884440 1379577008550350206 0.08862 0.5844 -0.16269 
312500773855142 1379577008614315050 0.09503 -0.38225 -0.23746 
312500837032313 1379577008677486437 0.10037 0.31737 -0.21609 
312500902467990 1379577008741722089 0.29797 0.16035 -0.04626 
312500964058101 1379577008804832440 0.12067 0.02684 0.11929 
312501028028802 1379577008868797284 0.15912 -0.10988 0.05734 
312501091236495 1379577008931968671 0.02881 0.07918 0.06696 
312501154932511 1379577008995933515 0.17194 0.07277 0.17484 
312501218475925 1379577009059104901 -0.28522 0.08772 -0.09113 
312501282446625 1379577009123100263 -0.35358 0.09734 -0.09433 
312501345623796 1379577009186241132 -0.00751 0.05461 0.36496 
312501410510109 1379577009250236493 -0.03314 -0.24767 0.16095 
312501474938614 1379577009313621503 0.13028 -0.0255 0.12357 
312501541289904 1379577009377799970 -0.05344 -0.13017 0.09366 
312501699568555 1379577009440696698 0.10785 -0.14513 0.03171 
312501713363764 1379577009504478437 0.06192 -0.14726 0.01996 
312501726884288 1379577009567662126 -0.07587 -0.01054 0.0018 
312501790763427 1379577009631596452 -0.53302 -0.53392 -0.37738 
312501854276323 1379577009694798357 -0.03528 0.80336 -0.17337 
312501924747862 1379577009759007341 0.26807 -0.46663 0.0253 
312501982522928 1379577009822270281 -0.03314 0.03111 -0.28552 
312502047317678 1379577009886326677 0.13776 0.32912 -0.24921 
312502110525368 1379577009949314958 0.21573 0.05568 0.00607 
312502174068784 1379577010013401872 -0.06732 -0.09813 0.0285 
312502237886882 1379577010076420671 0.05338 0.05995 0.06268 
312502327647297 1379577010140507585 0.04376 0.05141 0.04559 
312502362684684 1379577010203343279 -0.23181 -0.15688 -0.10822 
312502426655386 1379577010267308122 -0.16666 0.53633 -0.02704 
312502494624254 1379577010330479509 -0.08868 0.02577 0.38098 
312502553894818 1379577010394444353 -0.12714 -0.56596 0.00714 
312502617133029 1379577010457585222 0.01599 0.2159 0.29233 
312502682049862 1379577010521855241 0.07047 -0.06181 0.19833 
312502745959521 1379577010584935075 -0.05664 -0.18999 0.10968 
312502808098998 1379577010648716814 0.18582 -0.1291 0.12357 
312502872222301 1379577010711979753 0.18903 0.02577 0.11502 
312502935185829 1379577010775853044 -0.24036 -0.25835 -0.13065 
312502998332479 1379577010839024431 -0.18375 -0.1259 -0.65402 
312503062303181 1379577010902989275 0.42935 0.60255 -0.02811 
312503128044062 1379577010966160661 0.30331 -0.2968 -0.04733 
312503189359490 1379577011030125505 0.16766 0.41243 -0.18405 
312503259037500 1379577011093479997 0.09396 0.19774 0.099 
312503318887950 1379577011157470703 -0.07159 -0.16435 0.22717 
312503381210551 1379577011220764160 -0.01819 0.09734 -0.01208 
312503446646229 1379577011284606933 -0.06305 -0.2765 0.11075 
312503585178198 1379577011347869873 -0.02673 0.08879 0.00821 
312503602086485 1379577011411712646 -0.52661 -0.31602 -0.17764 
312503634254958 1379577011474914550 -0.07907 0.74889 0.19513 
312503698195138 1379577011538879394 -0.23822 -0.48051 -0.0452 
312503761433349 1379577011602050781 -0.19016 -0.03297 0.05521 
312503826411221 1379577011666290283 0.12173 0.18385 0.23999 
312503890565044 1379577011729370117 0.07047 0.01936 0.04346 
312503954963031 1379577011793426513 0.03201 -0.19106 -0.00995 
312504017621355 1379577011856506347 0.09717 -0.11415 0.005 
312504081531015 1379577011920562744 -0.72635 -0.35982 -0.53439 
312504145074430 1379577011983654915 -0.0748 0.39641 -0.40942 
312504234377040 1379577012047650276 0.25204 0.05461 0.03812 
312504268620898 1379577012108868538 0.18369 -0.07463 -0.28445 
312504333903973 1379577012174572883 0.21252 0.3633 -0.19687 
312504397111664 1379577012237744270 0.19543 0.19133 -0.03452 
312504461021324 1379577012301709114 -0.06732 0.10161 -0.08044 
312504525541391 1379577012365063606 -0.14529 -0.02657 -0.13385 
312504589298450 1379577012429120003 0.16553 0.11336 0.25708 
312504652475620 1379577012492230354 0.00317 0.12297 -0.00888 
312504716843086 1379577012556256233 -0.27026 -0.43672 -0.28232 
312504779531930 1379577012619336067 0.12708 -0.29039 -0.12103 
312504844753966 1379577012683514534 0.20932 0.03432 -0.15094 
312504924503699 1379577012746289192 -0.02246 0.14967 -0.42972 
312504969673849 1379577012810254036 -0.06198 0.02043 -0.00034 
312505032698418 1379577012873425422 0.1431 0.16142 0.31796 
312505096760680 1379577012937390266 0.01813 -0.03404 0.37778 
312505159998892 1379577013000531135 0.06833 -0.21562 0.43439 
312505225648213 1379577013064892708 -0.10043 0.092 0.22076 
312505289954637 1379577013127880989 -0.59711 -0.38118 -0.59634 
312505354505224 1379577013192028938 0.08649 0.37291 -0.48633 
312505418079161 1379577013255108772 1.01254 -0.04152 0.62131 
312505482751829 1379577013318280159 0.55432 -0.32991 -0.15628 
312505558137149 1379577013382000862 0.28516 0.46049 -0.293 
312505605413205 1379577013445935188 0.38983 0.29814 -0.31116 
312505668651417 1379577013509076057 0.18048 0.14754 -0.28659 
312505732866281 1379577013573310675 0.09076 -0.02229 0.04132 
312505796959062 1379577013636726202 0.23495 0.06636 0.33612 
312505861936935 1379577013700843634 -0.35785 -0.62898 -0.32077 
312505924900463 1379577013763862432 -0.28842 0.60469 0.25281 
312505989176367 1379577013827888311 -0.2959 -0.51363 0.30835 
312506053513313 1379577013890968145 -0.18909 -0.01375 0.1225 
312506119040552 1379577013955238165 -0.12607 -0.04579 0.12784 
312506224366356 1379577014018165411 -0.04596 -0.07997 0.13318 
312506240999960 1379577014081886114 0.07794 -0.18571 0.22717 
312506304177130 1379577014145026983 0.1965 -0.06822 0.18124 
312506368086791 1379577014208991827 0.08755 0.02898 -0.01315 
312506431630205 1379577014272163214 -0.41766 -0.20921 -0.23532 
312506496943802 1379577014336524786 -0.1282 -0.26048 -0.48312 
312506563111969 1379577014399556069 0.53723 0.8322 0.16522 
312506625159886 1379577014463520912 0.27341 -0.32671 0.14386 
312506687207804 1379577014526356606 -0.2756 0.10374 0.05093 
312506755146152 1379577014590870766 0.07901 -0.09599 0.29233 
312506875732143 1379577014653614907 0.05017 0.12938 0.05093 
312506885132418 1379577014717549233 -0.06091 0.0215 0.12997 
312506940191169 1379577014780720619 -0.24783 -0.06395 0.01462 
312507003917708 1379577014844685463 -0.32047 -0.19426 -0.01208 
312507067308520 1379577014907856850 -0.34717 0.2928 0.06268 
312507134209176 1379577014971821694 -0.27988 -0.4442 -0.01315 
312507194303790 1379577015034962563 -0.06839 -0.0052 0.08618 
312507261540170 1379577015099324135 0.17407 -0.03297 0.06696 
312507325297228 1379577015162281899 0.03308 -0.09599 0.005 
312507386673696 1379577015226460366 -0.0481 -0.19319 0.01035 
312507454337362 1379577015289631752 -0.04062 -0.37263 0.005 
312507535796236 1379577015353230385 -0.34396 0.20735 -0.36243 
312507575716883 1379577015416401772 -0.63663 -0.43138 -0.31116 
312507639687584 1379577015480336098 0.33215 0.54701 0.27417 
312507703078397 1379577015543538002 0.20612 -0.0992 0.1727 
312507766957536 1379577015607502846 0.30011 0.21696 0.17697 
312507831569165 1379577015670857338 0.33215 0.09947 0.13104 
312507896363915 1379577015735066323 0.35672 -0.05968 0.11182 
312507958594954 1379577015797963051 0.1228 0.01402 -0.13919 
312508023267623 1379577015862141518 0.08542 0.16249 -0.12851 
312508090626084 1379577015925282387 0.14417 0.092 -0.13705 
312508162623644 1379577015989181278 -0.29697 -0.17503 -0.1723 
312508211517280 1379577016052322147 0.14844 0.39748 0.10754 
312508275640582 1379577016116256473 -0.02994 -0.46236 0.22504 
312508338787233 1379577016179458378 0.43042 0.00227 0.15134 
312508403520941 1379577016243423221 0.30011 -0.0757 0.3703 
312508467491643 1379577016306808231 -0.20084 -0.17931 0.16309 
312508531523383 1379577016370956180 -0.14102 -0.11201 -0.03238 
312508594608993 1379577016433974979 0.02347 -0.15047 0.16522 
312508659617387 1379577016498000858 -0.16666 -0.01054 -0.03558 
312508722489353 1379577016561233280 -0.53622 -0.21989 -0.28232 
312508832423735 1379577016624862430 -0.0043 0.58546 -0.10608 
312508847073513 1379577016687972782 0.10358 -0.01161 0.33505 
312508911013693 1379577016751968143 0.02133 0.1689 0.1962 
312508974251905 1379577016815182309 0.14737 0.28639 0.16522 
312509038375206 1379577016879177671 0.03629 0.25328 0.1759 
312509101949143 1379577016942349057 0.00851 0.09627 -0.03558 
312509165339956 1379577017006313901 0.01172 0.15501 -0.06015 
312509228791810 1379577017069454770 0.0459 0.1219 0.00287 
312509292670950 1379577017133450132 -0.26706 0.03645 0.00821 
312509392289446 1379577017196743589 0.14737 0.12297 0.04453 
312509422016288 1379577017260586362 -0.52448 -0.50081 0.14066 
312509482995991 1379577017323757749 -0.31299 0.1187 0.2197 
312509546814092 1379577017387692075 0.30225 0.05888 0.27737 
312509610632190 1379577017450893979 0.19116 -0.01268 0.07764 
312509674145084 1379577017514858823 0.00745 -0.07249 -0.08472 
312509737200172 1379577017578030210 -0.10471 -0.05327 -0.13599 
312509801353995 1379577017641995054 -0.15598 0.00441 -0.13919 
312509864531168 1379577017705135923 -0.55438 -0.43352 -0.49487 
312509949652485 1379577017769100766 0.08969 0.67732 -0.05161 
312509991556956 1379577017832302671 0.35138 -0.50401 0.10327 
312510055619217 1379577017896236997 -0.13782 -0.04793 -0.05588 
312510118552225 1379577017959438901 0.03522 0.0952 0.03812 
312510182583968 1379577018023403745 -0.03207 -0.08745 0.17804 
312510246127382 1379577018086605649 -0.13354 0.23192 0.10007 
312510311532539 1379577018150539975 0.0993 -0.0255 0.42691 
312510373153171 1379577018213711362 0.15591 -0.13017 0.45148 
312510437093351 1379577018277676206 -0.03635 -0.049 0.18445 
312510537383296 1379577018340939145 -0.15598 0.14433 0.22183 
312510564210703 1379577018404812436 -0.03635 -0.08852 0.28485 
312510627357352 1379577018468134242 -0.08334 -0.43993 0.33932 
312510691328054 1379577018532129604 0.01065 0.19026 0.39059 
312510754505224 1379577018595300991 0.03308 -0.1494 0.43118 
312510818659046 1379577018659296352 -0.03635 -0.24553 0.29233 
312510881744656 1379577018722467739 -0.21579 -0.28612 0.31476 
312510945715356 1379577018786432582 -0.02887 -0.01909 0.35748 
312511009014610 1379577018849573451 -0.00751 -0.03084 0.60529 
312511073015831 1379577018913660366 -0.2959 -0.36836 0.60208 
312511136986530 1379577018976679164 -0.31406 0.11015 0.48566 
312511199980578 1379577019040674526 0.63336 0.38786 0.9599 
312511263310351 1379577019103937465 0.3909 -0.25835 0.93533 
312511326853766 1379577019167810756 0.22534 0.03539 0.95883 
312511396531776 1379577019230982143 0.11426 0.09306 1.13293 
312511454306841 1379577019294992080 0.18369 0.12617 1.22479 
312511517545053 1379577019358163466 -0.11966 -0.02443 1.16711 
312511581454713 1379577019422158828 0.22855 0.25969 1.08273 
312511682843390 1379577019485391250 0.1431 0.24474 1.02612 
312511708480502 1379577019549264541 0.05551 0.46049 0.68753 
312511771535592 1379577019612405410 -0.4903 0.20308 0.4472 
312511835628374 1379577019676431289 -0.22968 0.25862 0.9097 
312511898805543 1379577019739572158 -0.28522 -0.39827 0.85736 
312511962837285 1379577019803506484 -0.04916 -0.10988 1.00262 
312512026167058 1379577019866738906 -0.11325 -0.44527 0.77939 
312512089924117 1379577019930703750 -0.15277 -0.24339 0.2699 
312512153223368 1379577019993844619 0.13669 -0.05113 0.21115 
312512275365899 1379577020057809462 -0.50525 -0.14513 -0.11569 
312512282294023 1379577020120980849 -0.32687 0.22765 -0.15948 
312512343945174 1379577020184915175 -0.05878 1.51686 0.01462 
312512407549631 1379577020248117080 0.13882 0.41563 -0.00674 
312512471459290 1379577020312081923 0.05017 0.12297 0.01569 
312512534605941 1379577020375253310 0.04269 0.03004 0.29019 
312512598485079 1379577020439248671 -0.05237 -0.26476 0.44934 
312512661662250 1379577020502389541 -0.10364 -0.45061 0.32758 
312512725755033 1379577020566384902 -0.12286 0.03752 -0.05481 
312512793021933 1379577020629525771 -0.1282 0.00121 -0.23212 
312512861051844 1379577020693521132 -0.53195 -0.40681 -0.47458 
312512915927473 1379577020756662001 0.18582 0.28426 0.41837 
312512979867652 1379577020820626845 0.03522 -0.72084 0.36923 
312513043227946 1379577020883767714 0.01065 -0.40895 0.49954 
312513107015524 1379577020947914423 0.10571 0.54808 0.33826 
312513170192695 1379577021011085809 0.15912 0.69121 0.08939 
312513234285477 1379577021074989618 0.25098 -0.10454 0.10541 
312513297554209 1379577021138222040 0.40479 -0.08424 0.23679 
312513361372308 1379577021202217401 0.09824 0.08025 -0.00247 
312513479760832 1379577021265449823 -0.51593 -0.50935 -0.55789 
312513488642260 1379577021329323114 0.48596 1.67174 0.53693 
312513551605789 1379577021392494501 0.27341 0.42738 0.80075 
312513615698570 1379577021456459345 0.08328 -0.39186 -0.00995 
312513678997822 1379577021519630731 0.26486 0.46584 0.03064 
312513742938002 1379577021583595575 0.08328 -0.22737 0.12784 
312513806328815 1379577021646766962 -0.15918 -0.28078 -0.10608 
312513870604721 1379577021710792841 -0.0043 -0.18251 -0.16589 
312513933293565 1379577021774009414 -0.16879 -0.27971 0.00394 
312513998790285 1379577021837943740 -0.23395 -0.56169 -0.18832 
312514060349875 1379577021901115127 0.0961 0.1924 0.18231 
312514124015371 1379577021965049453 -0.06946 -0.56917 -0.0751 
312514187253584 1379577022028251357 0.64191 -0.13872 -0.04306 
312514251498967 1379577022092185683 0.48276 -0.30107 0.02103 
312514314767699 1379577022155387588 0.28088 -0.04366 0.11395 
312514378585796 1379577022219382949 0.21146 -0.03511 -0.03665 
312514455283492 1379577022283256240 0.20184 -0.03618 -0.17337 
312514517941818 1379577022346519179 -0.18268 0.1689 -0.01956 
312514573824619 1379577022409660049 -0.42407 -0.2733 -0.32077 
312514653543832 1379577022473594375 -0.16238 -0.0052 0.07657 
312514695875588 1379577022536796279 -0.03741 0.06422 -0.03345 
312514759815768 1379577022600761123 0.14844 0.46049 0.07336 
312514823267623 1379577022663932510 0.14951 0.16249 0.29553 
312514887177282 1379577022727897353 0.05658 0.11229 0.2197 
312514951972032 1379577022791251845 -0.06946 0.25542 0.04773 
312515016247937 1379577022855308242 -0.23608 -0.01482 0.12784 
312515079882912 1379577022918388076 -0.46786 -0.06609 -0.06015 
312515144067256 1379577022982444472 -0.11325 0.04286 0.10434 
312515213440062 1379577023045402236 -0.21686 -0.65141 0.18979 
312515268956619 1379577023109275527 0.03735 0.1924 0.0755 
312515331737026 1379577023172477431 0.24564 -0.07677 0.30087 
312515395585644 1379577023236442275 0.19971 -0.1729 0.16415 
312515458823856 1379577023299583144 0.08328 -0.17183 0.11609 
312515523374443 1379577023363731094 0.31293 -0.07249 0.07764 
312515586337971 1379577023426992784 -0.03421 -0.0255 -0.06763 
312515651163242 1379577023492025743 -0.44757 -0.26796 -0.39233 
312515713119598 1379577023554006944 -0.08868 0.50642 -0.03879 
312515777059779 1379577023618002306 0.16553 0.03966 0.14493 
312515840633714 1379577023681143175 0.00638 -0.2263 -0.07831 
312515904207649 1379577023745108018 0.29797 0.47011 -0.22678 
312515967476382 1379577023808309923 0.24991 0.05782 0.05841 
312516031416562 1379577023872274766 -0.03528 0.00441 -0.09967 
312516094959977 1379577023935415636 0.09396 0.23405 -0.12637 
312516158808595 1379577023999410997 -0.14209 0.02364 -0.0452 
312516221833164 1379577024062612901 -0.38562 -0.22417 0.03064 
312516285803866 1379577024126547227 -0.14209 0.33125 0.005 
312516350659656 1379577024189718614 -0.13568 0.12511 0.28485 
312516417255109 1379577024253759073 -0.27133 -0.47517 0.25708 
312516476159428 1379577024316899943 -0.05557 0.05995 0.11288 
312516540465851 1379577024380895304 -0.3429 -0.00627 0.30621 
312516603276779 1379577024444066691 0.0929 -0.15901 0.17377 
312516667186438 1379577024508031534 -0.0011 -0.11522 0.05948 
312516730821414 1379577024571202921 0.04483 -0.21776 0.0488 
312516794395350 1379577024635137247 -0.32687 -0.16969 -0.08365 
312516857664081 1379577024698369669 -0.90366 -0.80629 -0.69995 
312516922855597 1379577024762273478 0.12387 0.79909 -0.26096 
312517008862007 1379577024825475382 0.92496 -0.18785 0.19513 
312517048752133 1379577024889409708 -0.30017 -0.60014 -0.62091 
312517111624100 1379577024952550577 -0.06412 0.27678 -0.58673 
312517175564279 1379577025016545939 0.34924 -0.17824 -0.14346 
312517238833012 1379577025079686808 0.23282 -0.1024 0.04453 
312517302834232 1379577025143651652 0.21786 0.17531 0.09366 
312517366041924 1379577025206853556 -0.36746 -0.22096 -0.0484 
312517430470430 1379577025270818400 0.02667 0.67305 0.15988 
312517493403438 1379577025334020304 -0.09189 -0.13658 0.12143 
312517562867805 1379577025397954630 -0.0748 -0.06822 0.25494 
312517620795472 1379577025461126017 0.11319 0.03966 0.26028 
312517684460968 1379577025525090861 0.13348 0.03645 0.28912 
312517747699180 1379577025588292765 0.05551 -0.12163 0.146 
312517811639361 1379577025652227091 0.11105 -0.10667 0.14386 
312517875030174 1379577025715398478 -0.02567 -0.08318 0.07336 
312517938665150 1379577025779363322 -0.71674 -0.29466 -0.40302 
312518001994922 1379577025842681239 0.05338 0.69868 -0.08151 
312518065996143 1379577025906737636 0.30011 0.04927 0.18658 
312518129875283 1379577025969939540 0.22961 -0.31282 0.07764 
312518222229929 1379577026033812831 0.15805 0.43379 -0.14133 
312518256290665 1379577026096953700 0.10785 0.12617 0.07443 
312518319986681 1379577026160918544 0.11639 0.14113 0.14279 
312518383285934 1379577026224089931 -0.04382 0.0215 0.1759 
312518447470278 1379577026288054774 -0.18268 0.0247 -0.00461 
312518510891611 1379577026351195644 -0.34396 -0.31068 -0.0719 
312518574312945 1379577026415191005 -0.13354 0.28319 -0.18512 
312518637703757 1379577026478362392 -0.03314 0.41243 0.16949 
312518701552377 1379577026542327235 -0.03635 -0.6653 0.16843 
312518768514073 1379577026605468104 0.09396 0.07063 0.29019 
312518828639208 1379577026669568606 0.12494 -0.07463 0.31049 
312518891968980 1379577026732739993 -0.19763 -0.26689 0.08084 
312518955726037 1379577026796704836 -0.22006 -0.32884 0.00607 
312519019452575 1379577026859876223 -0.03848 -0.06502 0.04025 
312519083362235 1379577026923871584 -0.2254 0.01402 -0.14026 
312519146325764 1379577026987012453 -0.44009 -0.35341 -0.50983 
312519211089994 1379577027050977297 0.33109 0.88774 -0.10181 
312519273748318 1379577027114158975 0.17728 -0.29039 0.08511 
312519338146303 1379577027178123819 0.12387 0.0215 -0.22571 
312519400743586 1379577027241295205 0.1196 0.29601 -0.15414 
312519464470126 1379577027305290567 -0.09616 -0.15047 0.05307 
312519527647296 1379577027368431436 -0.0043 -0.07249 0.02209 
312519591679036 1379577027432365762 0.09396 -0.04472 0.09045 
312519655252971 1379577027495598184 0.12601 0.37505 0.10434 
312519718887948 1379577027559532510 -0.16879 -0.27544 -0.00354 
312519781943039 1379577027622734414 0.07901 0.4135 0.09366 
312519846005300 1379577027686668741 -0.0011 0.01295 0.17804 
312519947455016 1379577027749931680 0.26913 -0.20708 0.28699 
312519973000568 1379577027813804971 0.18689 -0.19533 0.25922 
312520036605024 1379577027876976358 0.14737 -0.34166 -0.00568 
312520100697807 1379577027941047342 0.13348 -0.08104 -0.15948 
312520163539253 1379577028004188212 -0.34183 0.08025 -0.51303 
312520227357351 1379577028068183573 -0.59283 0.02364 -0.71811 
312520290687124 1379577028131324442 0.24457 0.91338 0.13104 
312520354413661 1379577028195289286 -0.13248 -0.63539 0.1962 
312520417896036 1379577028258521708 -0.02994 0.11977 -0.07297 
312520482019339 1379577028322555278 0.11319 0.16997 -0.0249 
312520546386803 1379577028385696147 -0.01071 -0.00841 0.02423 
312520608800965 1379577028449691509 0.07794 0.05995 -0.01849 
312520672008656 1379577028512771343 0.13028 -0.02122 0.09366 
312520735857275 1379577028576736186 0.06512 0.17424 0.01569 
312520799156528 1379577028639938091 -0.25104 -0.00948 -0.17337 
312520863188268 1379577028703902934 -0.15277 0.27037 0.10861 
312520926365439 1379577028767104839 -0.28735 -0.75395 0.08191 
312520990519262 1379577028831039165 0.10358 0.02364 0.21542 
312521053849035 1379577028894210551 0.24777 -0.1024 0.19727 
312521139672321 1379577028958175395 0.23175 -0.17717 0.17056 
312521180569621 1379577029021316264 0.29156 -0.14406 -0.10822 
312521244326678 1379577029085311626 0.60986 -0.13445 -0.24814 
312521307656452 1379577029148586867 0.659 0.49788 -1.11011 
312521371596631 1379577029212490675 -0.71033 -0.19533 -1.21692 
312521438314165 1379577029275845167 0.04803 0.36971 -0.1221 
312521501369254 1379577029339901564 -0.17841 -0.36195 0.2699 
312521564058099 1379577029403011915 -0.31512 0.03432 0.12036 
312521627632034 1379577029467037794 -0.05771 0.05034 0.28699 
312521698805544 1379577029530148146 -0.17627 0.06956 0.1759 
312521802544288 1379577029594174025 -0.17627 -0.049 0.07764 
312521816186895 1379577029657070753 0.06299 0.1657 0.16415 
312521880218637 1379577029721035597 0.05444 0.06636 0.25494 
312521943395807 1379577029784206984 -0.16666 -0.19853 0.13959 
312522007641192 1379577029848171828 0.22 0.35262 0.37885 
312522072832706 1379577029911495802 -0.06732 -0.56383 0.21542 
312522156458526 1379577029975582716 0.0993 0.08879 0.21649 
312522200438382 1379577030036709425 0.11853 -0.12056 0.35107 
312522263401911 1379577030102444288 0.08115 -0.01161 0.25067 
312522335124787 1379577030165615675 0.03415 -0.21989 0.11716 
312522410967911 1379577030229580519 0.0256 -0.09813 0.06589 
312522452170415 1379577030292751906 -0.87054 -0.35661 -0.53119 
312522516110594 1379577030356716749 0.10999 0.71791 -0.38379 
312522579226724 1379577030419888136 0.24243 -0.18144 0.21542 
312522643227946 1379577030483852980 0.06726 -0.31709 -0.11142 
312522706496677 1379577030547024367 0.11426 0.30669 -0.31009 
312522770345296 1379577030610989210 0.06085 0.05568 -0.17764 
312522835750454 1379577030674343703 -0.06625 0.14433 -0.17123 
312522899232827 1379577030738517544 0.05978 -0.0522 -0.06976 
312522963813936 1379577030801597378 0.28943 0.14647 0.09686 
312523027143708 1379577030865684292 -0.19656 -0.25941 -0.0452 
312523102376427 1379577030928550503 0.30545 0.57799 -0.12103 
312523151666828 1379577030992515347 -0.03635 -0.16649 0.01782 
312523214843999 1379577031055686733 0.05765 -0.23378 0.09366 
312523278692618 1379577031119651577 0.0961 -0.04579 0.052 
312523342052910 1379577031182822964 0.13455 -0.13979 0.21115 
312523407152864 1379577031245628140 0.05551 -0.10881 0.14813 
312523472374900 1379577031310142300 0.10571 -0.17183 -0.0249 
312523535429989 1379577031374229214 0.00531 -0.002 -0.05267 
312523597416866 1379577031437278530 -0.60779 -0.29253 -0.37738 
312523689649432 1379577031501243374 -0.0246 0.60469 -0.05801 
312523723893290 1379577031564335429 0.28836 0.67198 0.19727 
312523787284102 1379577031628300273 0.25418 0.01402 0.05948 
312523850766478 1379577031691471660 0.35992 0.21803 0.08939 
312523915744350 1379577031755528056 0.2937 0.00761 0.11716 
312523982889168 1379577031818760478 0.17087 0.00441 -0.02704 
312524043563668 1379577031882847392 0.1463 0.11549 -0.04092 
312524107473329 1379577031945927226 0.18369 0.03432 0.22076 
312524171627151 1379577032009993024 0.13135 -0.06075 0.20581 
312524236605024 1379577032073103375 -0.19443 0.22337 0.26562 
312524300972489 1379577032136885114 -0.27881 0.24901 0.46643 
312524359083278 1379577032199995465 -0.29163 -0.19106 0.33292 
312524423206581 1379577032263960309 0.03842 0.34087 0.16095 
312524494349568 1379577032327162213 0.0256 0.07811 0.31903 
312524550720696 1379577032391188092 0.03308 -0.07677 0.23251 
312524613775786 1379577032453779645 -0.06839 -0.11736 0.13104 
312524677654924 1379577032518263287 -0.05023 -0.23058 0.13318 
312524741045739 1379577032581434674 -0.26599 -0.20387 -0.15842 
312524805107999 1379577032645430035 -0.4166 -0.13765 -0.4639 
312524879303025 1379577032708570905 0.2168 0.34941 -0.15842 
312524931828586 1379577032772505231 0.02667 -0.51897 -0.09326 
312524995036276 1379577032835782649 -0.19229 0.14967 -0.41156 
312525058884896 1379577032899747493 0.00851 0.02684 -0.17017 
312525122092586 1379577032962918879 -0.13889 0.16783 -0.34427 
312525187070459 1379577033026853206 -0.3493 0.01295 -0.35815 
312525251132721 1379577033090024592 -0.01498 0.1187 -0.0687 
312525313638443 1379577033154019954 -0.14957 -0.40575 -0.16376 
312525377975389 1379577033217191340 -0.3963 0.32591 -0.0452 
312525440603192 1379577033281156184 -0.09296 -0.4442 0.26883 
312525503536200 1379577033344327571 -0.00537 -0.06075 0.20367 
312525567415340 1379577033408292415 0.0459 0.0183 0.13745 
312525630806153 1379577033471463801 0.09717 0.00655 0.06055 
312525694685293 1379577033535398128 0.13135 -0.18144 0.00287 
312525757801422 1379577033598600032 0.10144 -0.11201 0.005 
312525822504611 1379577033662625911 -0.17734 -0.20708 -0.03986 
312525885559701 1379577033725736262 -0.26813 -0.45168 -0.12851 
312525949438840 1379577033789701106 -0.37814 -0.18678 -0.27484 
312526012707572 1379577033852872493 0.39517 0.45088 0.31155 
312526076006825 1379577033916806819 0.22534 -0.06502 -0.1189 
312526139428158 1379577033980008723 -0.01285 0.35689 -0.21716 
312526203276777 1379577034043973567 0.26486 0.23726 0.04987 
312526266881234 1379577034107205989 0.10144 0.04927 0.04132 
312526333842930 1379577034171109797 -0.11539 0.17744 0.03278 
312526393723901 1379577034234281184 0.01813 -0.00948 0.18765 
312526457664080 1379577034298215510 -0.07907 0.11229 0.07336 
312526521207495 1379577034361386897 -0.44009 -0.05754 -0.28873 
312526584964554 1379577034425382258 -0.02032 0.15501 0.18445 
312526687177280 1379577034488704972 -0.07266 -0.41322 -0.05267 
312526711868262 1379577034552669816 0.07794 0.05675 0.19513 
312526775106473 1379577034615841203 0.26273 -0.06502 0.17911 
312526839229776 1379577034679806046 0.17621 -0.06929 0.1524 
312526902315385 1379577034742977433 0.13348 -0.09386 -0.03024 
312526966408167 1379577034806942277 0.02774 -0.05113 -0.01315 
312527031294479 1379577034870113664 -0.40485 0.0247 -0.2193 
312527093433956 1379577034934047990 -0.39737 0.05354 -0.50983 
312527156611128 1379577034997249894 0.34177 0.58012 0.02957 
312527224030630 1379577035061214738 0.16232 -0.19533 -0.06015 
312527283697958 1379577035124386124 0.14096 0.24046 -0.34747 
312527347607618 1379577035188350968 0.23389 0.28639 -0.20221 
312527410754268 1379577035251522355 0.13135 0.10802 -0.02704 
312527474786010 1379577035315562821 0.18155 -0.03831 0.16629 
312527542113951 1379577035378917313 0.05765 -0.01375 0.13425 
312527603246256 1379577035443034745 0.1196 0.07704 0.27737 
312527667827364 1379577035506236649 -0.31619 -0.39293 0.07443 
312527737413814 1379577035570323563 -0.09509 -0.45168 0.36069 
312527867400079 1379577035633189774 -0.08655 -0.16008 0.20367 
312527883301193 1379577035696971512 0.00211 0.03004 0.09259 
312527919406793 1379577035760112381 0.1228 -0.09492 0.24854 
312527983408014 1379577035824107743 0.10144 -0.17076 0.146 
312528046646227 1379577035887279129 0.12387 -0.15794 0.09686 
312528112142945 1379577035951457596 0.18689 0.06743 0.04025 
312528176968215 1379577036014690018 -0.0748 0.14433 -0.13812 
312528239779143 1379577036078746414 -0.59711 -0.26369 -0.70636 
312528301827059 1379577036141612625 0.20932 0.59721 -0.2428 
312528365462035 1379577036205516434 -0.05344 -0.3 -0.17657 
312528467552680 1379577036268870926 0.05765 0.2159 -0.12637 
312528491999498 1379577036332652664 0.05017 0.0247 -0.01315 
312528554963029 1379577036395793534 0.01599 -0.02443 0.08405 
312528619238932 1379577036459788895 -0.09723 -0.01054 -0.01422 
312528682385582 1379577036522960282 0.0491 0.19026 -0.0719 
312528748095943 1379577036587199784 0.10678 0.10695 0.07336 
312528814050467 1379577036650279618 -0.25851 -0.30428 0.17484 
312528874877572 1379577036714305496 -0.10577 0.0717 0.27097 
312528938573588 1379577036777446366 0.12387 0.04393 0.63092 
312529004772275 1379577036841472245 -0.16666 -0.49333 0.39594 
312529085071374 1379577036904515638 -0.02567 -0.03831 0.20154 
312529127555732 1379577036968449964 0.07047 0.05782 0.22931 
312529190946547 1379577037031651868 -0.00964 -0.23271 0.24319 
312529257511479 1379577037095738783 -0.03741 -0.24446 0.24213 
312529324229012 1379577037159093275 0.03308 -0.29253 0.34253 
312529383774258 1379577037223149671 0.10678 -0.1227 0.43439 
312529446737787 1379577037286076917 -0.33328 -0.22523 0.38632 
312529512875434 1379577037350316419 -0.29803 0.05568 0.22183 
312529574343463 1379577037413304701 0.49023 0.51817 0.8093 
312529642434414 1379577037477452650 0.13882 -0.67171 1.04962 
312529727097927 1379577037540501966 0.04376 0.05354 0.91611 
312529763508732 1379577037604161634 0.1463 0.40816 1.07953 
312529826655383 1379577037667333021 0.04056 0.10268 1.28995 
312529890351399 1379577037731372377 0.06619 0.07491 1.34335 
312529953620131 1379577037794513246 0.2403 0.19774 1.479 
312530017926556 1379577037858478089 0.21893 0.21803 1.60184 
312530080920604 1379577037921679994 -0.30551 0.04713 1.39569 
312530145013387 1379577037985644838 -0.16238 0.22978 1.2782 
312530208160036 1379577038048785707 -0.09616 0.72005 1.22266 
312530271947615 1379577038112781068 -0.31085 -0.48799 1.38181 
312530335216346 1379577038175952455 0.18582 0.26717 0.94281 
312530399064965 1379577038239917298 0.173 -0.02229 0.88406 
312530462577861 1379577038303088685 0.08008 -0.18465 0.742 
312530526243357 1379577038367023011 0.14203 -0.08211 0.62985 
312530589359488 1379577038430194398 0.06192 0.16463 0.57645 
312530653360708 1379577038494159242 -0.08121 0.27785 0.35214 
312530716751520 1379577038557361146 -0.49884 0.01189 0.11609 
312530780417018 1379577038621264955 -0.00537 0.3398 0.28058 
312530843899392 1379577038684527894 0.21146 0.04607 0.40555 
312530965736718 1379577038748492738 -0.12607 -0.50829 0.23038 
312530974648667 1379577038811633607 0.16019 0.20201 0.29233 
312531034804321 1379577038875598451 0.07794 0.05888 0.16843 
312531098012013 1379577038938769838 0.07367 0.0183 0.30942 
312531161738549 1379577039002643129 0.13242 0.07063 0.2966 
312531225343007 1379577039065875550 0.1666 0.05247 0.35001 
312531290839725 1379577039129870912 0.08542 0.20415 0.22504 
312531352490877 1379577039193042298 -0.13782 -0.13658 0.24854 
312531416339496 1379577039257007142 -0.03955 0.22978 0.32437 
312531479730309 1379577039320325021 0.19009 0.43059 0.28912 
312531543731530 1379577039384320382 0.06512 -0.30641 0.41837 
312531606603497 1379577039447461251 -0.0983 -0.21455 0.26028 
312531670665758 1379577039511426095 0.09824 0.32591 0.1225 
