#SysTm EventTmStmp Snd
194248701112491,1378670075425255204,-Infinity
194248707430208,1378670075426323319,-Infinity
194248713686884,1378670075426323319,-Infinity
194248720065642,1378670075426323319,-Infinity
194248725864512,1378670075426323319,-Infinity
194248735661552,1378670075426323319,-Infinity
194248738042141,1378670075435692216,67.41290532818124
194248744756623,1378670075436790849,-Infinity
194248749639882,1378670075489220048,-Infinity
194248756140721,1378670075490288163,68.20325499867857
194248763190927,1378670075490288163,-Infinity
194248769783328,1378670075490288163,-Infinity
194248778786837,1378670076060966874,66.09941569608009
194248785409758,1378670076062034989,-Infinity
194248791330711,1378670076062277871,-Infinity
194248797495826,1378670076062277871,70.04138262177797
194248804942797,1378670076062277871,-Infinity
194248815808049,1378670076062277871,-Infinity
194248818585403,1378670076071646768,68.36033577354448
194248824994681,1378670076072775918,-Infinity
194248829572737,1378670076125144082,-Infinity
194248835615771,1378670076126181680,66.71316987257381
194248842543895,1378670076126181680,-Infinity
194248848739531,1378670076126181680,-Infinity
194248854599442,1378670076126181680,66.70115004395082
194248865495215,1378670076126181680,-Infinity
194248868028406,1378670076135550576,-Infinity
194248873857797,1378670076136679727,-Infinity
194248880053433,1378670076188345987,-Infinity
194248885974386,1378670076189414102,-Infinity
194248891925858,1378670076189414102,-Infinity
194248897633168,1378670076189414102,68.86223641610324
194248903950885,1378670076189414102,-Infinity
194248913900526,1378670076189414102,-Infinity
194248916159033,1378670076198782998,68.38348957646446
194248922812475,1378670076199881631,-Infinity
194248954553661,1378670076252280313,70.66524871592968
194248961390225,1378670076253348428,-Infinity
194248968379390,1378670076253348428,-Infinity
194248974147741,1378670076253348428,67.12371406261816
194248980404418,1378670076253348428,-Infinity
194248989987815,1378670076253348428,-Infinity
194248992337884,1378670076262717325,-Infinity
194248999052366,1378670076263846475,-Infinity
194249004118747,1378670076315482217,-Infinity
194249010039700,1378670076316550332,-Infinity
194249016296376,1378670076316550332,67.59927922396813
194249022430971,1378670076316550332,-Infinity
194249029633778,1378670076316550332,68.15930075950222
194249045107607,1378670076316550332,-Infinity
194249047579757,1378670076325919229,-Infinity
194249053531230,1378670076327017862,-Infinity
194249058231367,1378670076379416543,68.76478233691076
194249065373134,1378670076380484658,-Infinity
194249073552594,1378670076380484658,68.47876021948059
194249081823614,1378670076380484658,-Infinity
194249089545269,1378670076380484658,67.7070711514204
194249102943713,1378670076380484658,-Infinity
194249106056791,1378670076389853555,-Infinity
194249114571975,1378670076390952188,68.08782443178606
194249123972249,1378670076442618448,-Infinity
194249131266618,1378670076443686563,-Infinity
194249137370692,1378670076443686563,67.52666738962436
194249148510628,1378670076443686563,-Infinity
194249154431580,1378670076443686563,70.17140613301522
194249165571516,1378670076443686563,-Infinity
194249168104707,1378670076453055459,68.13893891009488
194249180129733,1378670076454154092,-Infinity
194249188828039,1378670076506552774,-Infinity
194249195634082,1378670076507620889,67.68561953542333
194249203721982,1378670076507620889,-Infinity
194249209795536,1378670076507620889,-Infinity
194249219501015,1378670076507620889,-Infinity
194249229328575,1378670076507620889,-Infinity
194249231678644,1378670076516959268,-Infinity
194249237416474,1378670076518088418,66.10371167677306
194249252615619,1378670076569754678,67.68561953542333
194249271721372,1378670076570822793,66.4365497250977
194249290827125,1378670076570822793,65.36445993358842
194249303767762,1378670076570822793,-Infinity
194249309688714,1378670076570822793,68.42632640106184
194249319882519,1378670076570822793,-Infinity
194249323697565,1378670076580191690,-Infinity
194249329649038,1378670076581290323,-Infinity
194249334257615,1378670076633719522,68.29050165391796
194249340392210,1378670076634757119,-Infinity
194249346343682,1378670076634757119,-Infinity
194249352173073,1378670076634757119,-Infinity
194249358032985,1378670076634757119,68.18299606695514
194249368074187,1378670076634757119,-Infinity
194249370424256,1378670076644126016,-Infinity
194249376223126,1378670076645255166,67.17701565349275
194249381228467,1378670076696890908,-Infinity
194249387179940,1378670076697959024,-Infinity
194249393161933,1378670076697959024,-Infinity
194249399266007,1378670076697959024,-Infinity
194249405309041,1378670076697959024,-Infinity
194249415197641,1378670076697959024,-Infinity
194249417547710,1378670076707327920,66.11658688268032
194249423773867,1378670076708426553,-Infinity
194249480999564,1378670076760825235,70.36549218750143
194249490674522,1378670076761862832,68.08782443178606
194249501661856,1378670076761862832,-Infinity
194249510634846,1378670076761862832,-Infinity
194249519974080,1378670076761862832,-Infinity
194249534562819,1378670076761862832,-Infinity
194249537950580,1378670076771231729,67.05854777957043
194249547198253,1378670076772360879,-Infinity
194249554797826,1378670076824027139,69.89829165031871
194249561268144,1378670076825095254,-Infinity
194249567341698,1378670076825095254,-Infinity
194249573201610,1378670076825095254,-Infinity
194249579427766,1378670076825095254,-Infinity
194249589041683,1378670076825095254,-Infinity
194249591361231,1378670076834494668,-Infinity
194249597099061,1378670076835623819,65.15621546465351
194249601951800,1378670076887900430,-Infinity
194249607659110,1378670076888968545,-Infinity
194249613427460,1378670076888983212,-Infinity
194249620386105,1378670076888983212,-Infinity
194249626123935,1378670076888983212,-Infinity
194249636043056,1378670076888983212,-Infinity
194249638637287,1378670076898352109,70.71084912592129
194249644710842,1378670076899450742,-Infinity
194249649288898,1378670076951239072,-Infinity
194249654965687,1378670076952307187,69.46597666733787
194249661313925,1378670076952307187,-Infinity
194249667173836,1378670076952307187,-Infinity
194249673033747,1378670076952307187,67.8276394591775
194249683074950,1378670076952307187,-Infinity
194249685363978,1378670076961676083,-Infinity
194249691071287,1378670076962805234,-Infinity
194249695740904,1378670077015142880,71.55988969237059
194249702119662,1378670077016210995,-Infinity
194249708101655,1378670077016210995,-Infinity
194249713961566,1378670077016210995,66.82851181036533
194249720950731,1378670077016210995,-Infinity
194249730778292,1378670077016210995,-Infinity
194249733067320,1378670077025579892,-Infinity
194249739232435,1378670077026678525,-Infinity
194249762519479,1378670077078314267,66.59221631856194
194249772377559,1378670077079382382,65.89066874531147
194249781625232,1378670077079382382,-Infinity
194249789560529,1378670077079382382,-Infinity
194249800914107,1378670077079382382,-Infinity
194249810802707,1378670077079382382,-Infinity
194249814434632,1378670077089880429,67.23753384121392
194249822308889,1378670077089971982,-Infinity
194249827070067,1378670077142370663,-Infinity
194249834974844,1378670077143408261,65.14663011622591
194249841597765,1378670077143408261,-Infinity
194249849044735,1378670077143408261,-Infinity
194249854782565,1378670077143408261,68.8840916401336
194249866227705,1378670077143408261,-Infinity
194249868547253,1378670077152777158,-Infinity
194249874346124,1378670077153906308,-Infinity
194249884082123,1378670077205450497,68.69176437055496
194249890247238,1378670077206518613,-Infinity
194249895893506,1378670077206518613,69.01100793091163
194249903340477,1378670077206518613,-Infinity
194249909078307,1378670077206518613,69.60196587464128
194249920248763,1378670077206518613,-Infinity
194249922507271,1378670077215887509,-Infinity
194249928214580,1378670077216986142,-Infinity
194249948205424,1378670077269415341,65.6767802581145
194249954278978,1378670077270483456,68.06386765854177
194249960962939,1378670077270483456,-Infinity
194249968043666,1378670077270483456,-Infinity
194249973781496,1378670077270483456,65.32696683792554
194249985501320,1378670077270483456,-Infinity
194249987759827,1378670077279852353,-Infinity
194249993467138,1378670077280950986,-Infinity
194250011321555,1378670077332586728,67.02771126321595
194250021790043,1378670077333654843,-Infinity
194250027558393,1378670077333654843,-Infinity
194250035463169,1378670077333654843,67.30511647640327
194250045565412,1378670077333654843,67.18839498439857
194250061985373,1378670077333654843,-Infinity
194250066624469,1378670077343023740,-Infinity
194250074224042,1378670077344122372,67.68561953542333
194250083868479,1378670077396551572,-Infinity
194250091620654,1378670077397619687,69.25642119460596
194250101661856,1378670077397619687,-Infinity
194250107216564,1378670077397619687,-Infinity
194250114419372,1378670077397619687,68.01920040979523
194250124307972,1378670077397619687,-Infinity
194250126535959,1378670077406958066,-Infinity
194250133372523,1378670077408117734,-Infinity
194250138469425,1378670077459692441,66.33677658598448
194250145305989,1378670077460760556,-Infinity
194250152569838,1378670077460760556,-Infinity
194250158216106,1378670077460760556,67.42766831481129
194250165815679,1378670077460760556,-Infinity
194250175276994,1378670077460760556,-Infinity
194250177535502,1378670077470129452,66.60033251054871
194250184738310,1378670077471228085,-Infinity
194250202318044,1378670077523687802,70.52699298375015
194250209063046,1378670077524755917,-Infinity
194250216418456,1378670077524755917,66.74115161073237
194250222522531,1378670077524755917,-Infinity
194250228199320,1378670077524755917,-Infinity
194250239522378,1378670077524755917,-Infinity
194250241902967,1378670077534094296,-Infinity
194250248831092,1378670077535223447,-Infinity
194250265525735,1378670077586828671,62.6722491247022
194250272392819,1378670077587896786,-Infinity
194250279046260,1378670077587896786,-Infinity
194250285425018,1378670077587896786,-Infinity
194250291376490,1378670077587896786,61.58699188098266
194250303187875,1378670077587896786,-Infinity
194250305476903,1378670077597265683,-Infinity
194250311489417,1378670077598364316,-Infinity
194250329557478,1378670077650824033,59.2367127421317
194250336516123,1378670077651892148,58.7797934142304
194250343322166,1378670077651892148,-Infinity
194250349182078,1378670077651892148,-Infinity
194250354980948,1378670077651892148,55.625084307692944
194250365632558,1378670077651892148,-Infinity
194250367921586,1378670077661261044,-Infinity
194250373598375,1378670077662359677,-Infinity
194250392673608,1378670077713964902,56.433192787463604
194250400608904,1378670077715033017,-Infinity
194250406682458,1378670077715033017,-Infinity
194250412756012,1378670077715033017,-Infinity
194250419592576,1378670077715033017,-Infinity
194250429420136,1378670077715033017,-Infinity
194250432350091,1378670077724401913,-Infinity
194250439400297,1378670077725500546,56.66547683754636
194250456674828,1378670077777960263,56.754157802984444
194250465586776,1378670077779028378,-Infinity
194250471935014,1378670077779028378,-Infinity
194250478222210,1378670077779028378,56.472340824278106
194250484814611,1378670077779028378,-Infinity
194250495008415,1378670077779028378,-Infinity
194250497480565,1378670077788397275,56.85441086201063
194250504378169,1378670077789495908,-Infinity
194250519821477,1378670077841131650,55.581914418661064
194250527024285,1378670077842199765,-Infinity
194250533952410,1378670077842199765,56.127046955455235
194250540972096,1378670077842199765,-Infinity
194250547289813,1378670077842199765,-Infinity
194250558368708,1378670077842199765,57.386023667356376
194250561664908,1378670077851568661,-Infinity
194250568348870,1378670077852667294,-Infinity
194250583822698,1378670077905096493,60.56051254468208
194250591605393,1378670077906164609,-Infinity
194250598991323,1378670077906164609,-Infinity
194250606346733,1378670077906164609,-Infinity
194250613793705,1378670077906164609,56.9164863571499
194250627039547,1378670077906164609,-Infinity
194250629908462,1378670077915502988,-Infinity
194250637202832,1378670077916632138,56.67820112523483
194250647427156,1378670077968237363,-Infinity
194250655637136,1378670077969305478,55.480342210556934
194250665525737,1378670077969305478,-Infinity
194250672545422,1378670077969305478,-Infinity
194250680358638,1378670077969305478,-Infinity
194250692261583,1378670077969305478,-Infinity
194250695069457,1378670077978674374,55.80971304783058
194250702943713,1378670077979773007,-Infinity
194250710940050,1378670078032232724,-Infinity
194250719882519,1378670078033300839,-Infinity
194250727115848,1378670078033300839,-Infinity
194250734227094,1378670078033300839,56.380719366222074
194250742070830,1378670078033300839,-Infinity
194250754034816,1378670078033300839,-Infinity
194250756415405,1378670078042639218,59.751490075432095
194250763435090,1378670078043768368,-Infinity
194250773171089,1378670078094397031,56.71626250738937
194250780557019,1378670078095465146,-Infinity
194250786722134,1378670078095465146,-Infinity
194250793314534,1378670078095465146,-Infinity
194250800181618,1378670078095465146,-Infinity
194250810375422,1378670078095465146,-Infinity
194250812786532,1378670078104834042,-Infinity
194250819867258,1378670078105932675,-Infinity
194250838332083,1378670078159338437,58.32909052124167
194250847182992,1378670078160406552,-Infinity
194250855576094,1378670078160406552,55.40705633434447
194250863908156,1378670078160406552,-Infinity
194250871843452,1378670078160406552,56.85441086201063
194250885394497,1378670078160406552,-Infinity
194250888538096,1378670078169744931,-Infinity
194250896229230,1378670078170874081,58.83947973023354
194250902943711,1378670078222540341,-Infinity
194250908651021,1378670078223608456,-Infinity
194250914846656,1378670078223608456,64.65335018577676
194250920981252,1378670078223608456,-Infinity
194250926780123,1378670078223608456,-Infinity
194250937767458,1378670078223608456,59.2367127421317
194250941155220,1378670078232977353,-Infinity
194250946862530,1378670078234075986,-Infinity
194250965205273,1378670078286505185,55.392324651772356
194250972041836,1378670078287542783,-Infinity
194250978237472,1378670078287542783,56.81695145902566
194250984280506,1378670078287542783,-Infinity
194250989957295,1378670078287542783,56.841942338987586
194251004179788,1378670078287542783,-Infinity
194251007170785,1378670078298284970,-Infinity
194251015228163,1378670078298376523,60.04976893372612
194251028901289,1378670078349676572,56.81695145902566
194251047427155,1378670078350744687,-Infinity
194251055392972,1378670078350744687,57.942101132966286
194251062504219,1378670078350744687,-Infinity
194251068547253,1378670078350744687,-Infinity
194251078802098,1378670078350744687,56.04537558743111
194251081487890,1378670078360113583,-Infinity
194251087164679,1378670078361212216,-Infinity
194251092353143,1378670078413610898,-Infinity
194251099311787,1378670078414679013,-Infinity
194251105476903,1378670078414679013,-Infinity
194251111397855,1378670078414679013,-Infinity
194251117227246,1378670078414679013,58.88890686874668
194251127024285,1378670078414679013,-Infinity
194251129282793,1378670078424047909,-Infinity
194251135081663,1378670078425177060,-Infinity
194251155530314,1378670078476782284,57.71941393701893
194251163129886,1378670078477850400,-Infinity
194251169142400,1378670078477850400,-Infinity
194251174758148,1378670078477850400,58.49570138291209
194251181075865,1378670078477850400,-Infinity
194251190598221,1378670078477850400,-Infinity
194251192948290,1378670078487219296,-Infinity
194251198960803,1378670078488317929,-Infinity
194251219623095,1378670078540777646,61.39708318244527
194251227375269,1378670078542058118,-Infinity
194251234242354,1378670078542058118,58.06218799017247
194251241323081,1378670078542058118,-Infinity
194251248007043,1378670078542058118,57.40943156506956
194251263297750,1378670078542058118,-Infinity
194251266929674,1378670078551396497,-Infinity
194251275719541,1378670078552525647,54.65409708073366
194251284356807,1378670078604191907,-Infinity
194251293909683,1378670078605260022,57.628715203531456
194251312557630,1378670078605260022,60.536084048141774
194251334532298,1378670078605260022,60.988867443184034
194251356476446,1378670078605260022,57.291755986857595
194251373232130,1378670078605260022,-Infinity
194251375795841,1378670078614659436,57.79800564800389
194251382174599,1378670078615758069,-Infinity
194251387057858,1378670078668126233,-Infinity
194251393406096,1378670078669224866,-Infinity
194251399754333,1378670078669224866,-Infinity
194251405919448,1378670078669224866,-Infinity
194251412115084,1378670078669224866,53.74089555434294
194251423377101,1378670078669224866,-Infinity
194251425940812,1378670078678593763,-Infinity
194251432228009,1378670078679722913,-Infinity
194251437141789,1378670078731297620,57.50243727107369
194251443581587,1378670078732365735,-Infinity
194251451211680,1378670078732365735,-Infinity
194251457437836,1378670078732365735,57.628715203531456
194251463816595,1378670078732365735,-Infinity
194251474346123,1378670078732365735,-Infinity
194251476940355,1378670078741734632,60.13558311809432
194251483502235,1378670078742833265,-Infinity
194251488507576,1378670078795262464,-Infinity
194251494703211,1378670078796330579,61.15750040763998
194251501051448,1378670078796330579,-Infinity
194251507369165,1378670078796330579,-Infinity
194251513595321,1378670078796330579,58.116228766883445
194251523972248,1378670078796330579,-Infinity
194251526505439,1378670078805699475,-Infinity
194251532670554,1378670078806798108,-Infinity
194251537614854,1378670078858403333,55.75332113024006
194251543932572,1378670078859471448,-Infinity
194251550647055,1378670078859471448,-Infinity
194251556842690,1378670078859471448,55.63942671358502
194251563221448,1378670078859471448,-Infinity
194251573689936,1378670078859471448,-Infinity
194251576253647,1378670078868840345,56.48535105112154
194251582754486,1378670078869938977,-Infinity
194251601219311,1378670078922398694,57.696827904018
194251609368251,1378670078923466809,-Infinity
194251616021692,1378670078923466809,58.557365486686095
194251623499183,1378670078923466809,-Infinity
194251629816900,1378670078923466809,58.39194477482596
194251640987356,1378670078923466809,-Infinity
194251643581588,1378670078932835706,-Infinity
194251649746703,1378670078933934339,-Infinity
194251664640644,1378670078985570081,56.26148191236274
194251673522072,1378670078986638196,-Infinity
194251680450198,1378670078986638196,-Infinity
194251687683526,1378670078986638196,-Infinity
194251694001243,1378670078986638196,57.22037757302232
194251707765931,1378670078986638196,-Infinity
194251710299122,1378670078996007093,-Infinity
194251718722744,1378670078997105725,61.18781221779862
194251728428223,1378670079049534925,-Infinity
194251740880534,1378670079050603040,56.80442899860967
194251762488958,1378670079050603040,-Infinity
194251769569684,1378670079050603040,-Infinity
194251776436769,1378670079050603040,59.91943645058509
194251789224805,1378670079050603040,-Infinity
194251792795689,1378670079059971936,-Infinity
194251802714810,1378670079061070569,-Infinity
194251808116916,1378670079112706311,-Infinity
194251814282031,1378670079113774427,58.82956045469053
194251822919296,1378670079113774427,-Infinity
194251829694819,1378670079113774427,-Infinity
194251836104097,1378670079113774427,56.09990841838936
194251847579757,1378670079113774427,-Infinity
194251850479192,1378670079123143323,-Infinity
194251857285235,1378670079124241956,57.617310967101055
194251862748381,1378670079176671155,-Infinity
194251871477208,1378670079177739270,-Infinity
194251877917006,1378670079177739270,57.76441053920736
194251884539927,1378670079177739270,-Infinity
194251890949205,1378670079177739270,57.14840761862744
194251901814459,1378670079177739270,-Infinity
194251904347649,1378670079187108167,-Infinity
194251910634847,1378670079188206800,-Infinity
194251918814307,1378670079239842542,58.223311810370014
194251925437227,1378670079240910657,-Infinity
194251931846506,1378670079240910657,-Infinity
194251938713589,1378670079240910657,58.26577803090143
194251945702754,1378670079240910657,-Infinity
194251958551831,1378670079240910657,56.24813167945882
194251962122715,1378670079250279554,-Infinity
194251969996970,1378670079251378186,-Infinity
194251982449282,1378670079303593763,58.2020005731875
194251989377407,1378670079304661878,-Infinity
194251995878246,1378670079304661878,59.63467897926081
194252002806370,1378670079304661878,-Infinity
194252009215648,1378670079304661878,-Infinity
194252020050381,1378670079304661878,-Infinity
194252022675133,1378670079314000257,-Infinity
194252029023370,1378670079315129407,-Infinity
194252045870615,1378670079366948255,58.91842868117797
194252052920821,1378670079368016370,-Infinity
194252062565260,1378670079368030983,-Infinity
194252077978047,1378670079368030983,58.38150060664741
194252094275926,1378670079368030983,60.99660403593958
194252121988424,1378670079368030983,-Infinity
194252128702906,1378670079377399879,59.928186400739676
194252144970265,1378670079378498512,-Infinity
194252153607530,1378670079430958229,-Infinity
194252166731290,1378670079432026344,57.60589173495769
194252191941117,1378670079432026344,64.18945058337263
194252204515511,1378670079432026344,-Infinity
194252210833228,1378670079432026344,60.70565784189215
194252222125765,1378670079432026344,-Infinity
194252224658956,1378670079441364723,-Infinity
194252230976674,1378670079442493874,-Infinity
194252235920974,1378670079494099098,62.11942366424212
194252242452335,1378670079495167213,-Infinity
194252248770052,1378670079495167213,-Infinity
194252255026728,1378670079495167213,57.58300812542225
194252261588608,1378670079495167213,-Infinity
194252271904494,1378670079495167213,-Infinity
194252274437685,1378670079506031471,60.22055761987458
194252281030085,1378670079507130104,-Infinity
194252285943865,1378670079558063942,-Infinity
194252292200541,1378670079559132057,-Infinity
194252298457217,1378670079559132057,61.134696915866925
194252305080138,1378670079559132057,-Infinity
194252311367335,1378670079559132057,61.00433374254135
194252322690393,1378670079559132057,-Infinity
194252325498267,1378670079568470436,-Infinity
194252331968586,1378670079569599587,-Infinity
194252336973927,1378670079621265846,66.23584382995166
194252343657888,1378670079622333962,-Infinity
194252350097687,1378670079622333962,-Infinity
194252356384883,1378670079622333962,60.54423451780973
194252362885724,1378670079622333962,-Infinity
194252373171090,1378670079622333962,-Infinity
194252375734801,1378670079631702858,60.66558243716204
194252382296681,1378670079632832008,-Infinity
194252387149420,1378670079685230690,-Infinity
194252393497658,1378670079686268288,-Infinity
194252399967977,1378670079686268288,-Infinity
194252406072051,1378670079686268288,-Infinity
194252412389768,1378670079686268288,59.928186400739676
194252422949817,1378670079686268288,-Infinity
194252425483007,1378670079695637184,-Infinity
194252431648123,1378670079696766335,-Infinity
194252436714504,1378670079748371559,64.06542520915289
194252443276384,1378670079749439674,-Infinity
194252449777224,1378670079749439674,-Infinity
194252456155981,1378670079749439674,63.191979181230664
194252464121798,1378670079749439674,61.00433374254135
194252490766083,1378670079749439674,-Infinity
194252503767762,1378670079758808571,-Infinity
194252511947221,1378670079759937721,-Infinity
194252516830481,1378670079812366920,62.04435241268901
194252523636525,1378670079813465553,-Infinity
194252530045804,1378670079813465553,-Infinity
194252536210919,1378670079813465553,59.131908867068866
194252543078003,1378670079813465553,-Infinity
194252553485449,1378670079813465553,-Infinity
194252556445926,1378670079822834450,59.131908867068866
194252564655906,1378670079823963600,-Infinity
194252581106386,1378670079875538307,62.62108947869927
194252603325217,1378670079876606422,-Infinity
194252624048549,1378670079876606422,-Infinity
194252643642628,1378670079876606422,-Infinity
194252654385799,1378670079876606422,61.815164606733255
194252664457522,1378670079876606422,-Infinity
194252666746550,1378670079885975319,-Infinity
194252672484380,1378670079887073952,-Infinity
194252676909834,1378670079939503151,60.6091643514443
194252683776918,1378670079940571266,-Infinity
194252689545269,1378670079940571266,-Infinity
194252695435700,1378670079940571266,63.04663144040978
194252702119662,1378670079940571266,-Infinity
194252712130344,1378670079940571266,-Infinity
194252715273942,1378670079949940163,61.75159464158774
194252721774781,1378670079951038795,-Infinity
194252726383358,1378670080002674538,-Infinity
194252732517952,1378670080003742653,-Infinity
194252740087005,1378670080003742653,58.19132531087981
194252755621874,1378670080003742653,57.9750171223174
194252767341698,1378670080003742653,63.04052217192446
194252801341392,1378670080003742653,-Infinity
194252804393429,1378670080013111549,-Infinity
194252813457980,1378670080014545876,-Infinity
194252821149113,1378670080066639381,-Infinity
194252829114931,1378670080067676979,-Infinity
194252837599594,1378670080067676979,60.36313303033074
194252846236859,1378670080067676979,-Infinity
194252853805912,1378670080067676979,64.31700721873223
194252865525736,1378670080067676979,-Infinity
194252868364131,1378670080077045876,-Infinity
194252875475378,1378670080078175026,62.735777753242125
194252881060606,1378670080129780251,-Infinity
194252888019250,1378670080130848366,-Infinity
194252894794773,1378670080130848366,63.39381126146905
194252902669029,1378670080130848366,-Infinity
194252909322470,1378670080193745094,-Infinity
194252916189554,1378670080194813210,61.43392806076737
194252923331321,1378670080194813210,-Infinity
194252929893201,1378670080194813210,-Infinity
194252939812322,1378670080194813210,-Infinity
194252951501624,1378670080194813210,-Infinity
194252954126376,1378670080204151588,63.539280739756634
194252961970112,1378670080205280739,-Infinity
194252967097534,1378670080256946999,-Infinity
194252973689935,1378670080258015114,60.76145452172418
194252981014825,1378670080258015114,-Infinity
194252987576705,1378670080258015114,-Infinity
194252994169106,1378670080258015114,61.940925329223134
194253009093568,1378670080258015114,-Infinity
194253012664451,1378670080267384010,59.68878709693893
194253022186808,1378670080268482643,-Infinity
194253028809728,1378670080320881325,-Infinity
194253037630116,1378670080321949440,61.67326071749409
194253049777224,1378670080321949440,-Infinity
194253057865122,1378670080321949440,60.584872518000424
194253065891980,1378670080321949440,62.058050088705066
194253121347496,1378670080321949440,-Infinity
194253128397702,1378670080331287819,-Infinity
194253140514291,1378670080332416969,-Infinity
194253148327506,1378670080384083229,-Infinity
194253160962941,1378670080385212379,-Infinity
194253183517496,1378670080385212379,64.72411923113731
194253219714657,1378670080385212379,58.62875787179123
194253245931656,1378670080385212379,59.59841869779767
194253271568769,1378670080385212379,-Infinity
194253279748228,1378670080394550758,-Infinity
194253290216716,1378670080395740944,-Infinity
194253299800113,1378670080448048073,-Infinity
194253305812627,1378670080449116188,-Infinity
194253312160864,1378670080449116188,59.580231623519644
194253321378017,1378670080449116188,-Infinity
194253329435395,1378670080511249977,-Infinity
194253337187569,1378670080512318092,60.51976012455014
194253345367029,1378670080512318092,-Infinity
194253353027642,1378670080512318092,60.379753752712716
194253361146061,1378670080512318092,-Infinity
194253373781495,1378670080512318092,-Infinity
194253376741971,1378670080521686989,56.65273387884943
194253385867564,1378670080522785622,-Infinity
194253391880077,1378670080575153786,-Infinity
194253399876414,1378670080576221901,-Infinity
194253405949968,1378670080576221901,-Infinity
194253412054043,1378670080576221901,-Infinity
194253417852914,1378670080702320534,60.07560234333743
194253424018029,1378670080703388649,-Infinity
194253429847420,1378670080703388649,-Infinity
194253438820409,1378670080703388649,58.957635631716634
194253445565411,1378670080703388649,59.07420549999402
194253469676505,1378670080703388649,-Infinity
194253475261734,1378670080712727028,59.28393594056964
194253491559614,1378670080713886696,62.56317231468467
194253502302785,1378670080765491920,-Infinity
194253508132176,1378670080766560036,-Infinity
194253514480413,1378670080766560036,62.4461661687556
194253521011773,1378670080766560036,-Infinity
194253526688562,1378670080766560036,-Infinity
194253536271959,1378670080766560036,-Infinity
194253538683068,1378670080775928932,60.75350548245637
194253544787142,1378670080777027565,-Infinity
194253549151556,1378670080829456764,-Infinity
194253554919906,1378670080830524879,60.88765946461457
194253561329184,1378670080830524879,-Infinity
194253566944932,1378670080830524879,-Infinity
194253573232129,1378670080830524879,60.56864013048238
194253583395413,1378670080830524879,-Infinity
194253585623400,1378670080839924294,-Infinity
194253591269669,1378670080840992409,-Infinity
194253595634082,1378670080892628151,60.72163636487962
194253604057706,1378670080893696266,-Infinity
194253616082733,1378670080893696266,60.03250386880744
194253624109591,1378670080893696266,-Infinity
194253629938982,1378670080893696266,59.58932992167374
194253640895796,1378670080893696266,-Infinity
194253643245864,1378670080903065163,-Infinity
194253649441500,1378670080904163795,-Infinity
194253654080596,1378670080956562477,-Infinity
194253660611956,1378670080957630592,-Infinity
194253666563429,1378670080957630592,-Infinity
194253672423340,1378670080957630592,-Infinity
194253678741057,1378670080957630592,61.55804410486665
194253688904341,1378670080957630592,-Infinity
194253691315450,1378670080966999489,-Infinity
194253697144841,1378670080968098122,59.831448617928494
194253712923874,1378670081019764381,61.815164606733255
194253732426391,1378670081020832497,61.44127831494611
194253751593185,1378670081020892286,60.379753752712716
194253765144231,1378670081020892286,-Infinity
194253771461949,1378670081020892286,60.52792592185489
194253781381070,1378670081020892286,-Infinity
194253783670098,1378670081030261182,-Infinity
194253789499489,1378670081031359815,-Infinity
194253794748993,1378670081083789014,61.56529010010868
194253802012841,1378670081084857129,-Infinity
194253807994834,1378670081084857129,-Infinity
194253813732664,1378670081084857129,-Infinity
194253820141942,1378670081084857129,-Infinity
194253830671471,1378670081084857129,-Infinity
194253833174141,1378670081094195508,-Infinity
194253839522378,1378670081095324659,-Infinity
194253844436158,1378670081146960401,-Infinity
194253850204509,1378670081148028516,-Infinity
194253856583266,1378670081148028516,56.62719172869038
194253863053585,1378670081148028516,-Infinity
194253869340782,1378670081148028516,-Infinity
194253880236555,1378670081148028516,-Infinity
194253882617144,1378670081157397413,-Infinity
194253889362146,1378670081158496045,-Infinity
194253894764252,1378670081210894727,59.330903739173735
194253901783937,1378670081211932325,-Infinity
194253908071134,1378670081211932325,-Infinity
194253914205729,1378670081211932325,60.67361232658643
194253920981252,1378670081211932325,-Infinity
194253931358179,1378670081211932325,-Infinity
194253933952410,1378670081221301221,57.33901773503549
194253942223431,1378670081222430372,-Infinity
194253953027643,1378670081274096631,-Infinity
194253960810338,1378670081275164747,-Infinity
194253967585860,1378670081275164747,-Infinity
194253973750975,1378670081275164747,-Infinity
194253980465457,1378670081275164747,-Infinity
194253991178108,1378670081275164747,-Infinity
194253993741819,1378670081284533643,-Infinity
194254000303700,1378670081285632276,-Infinity
194254017944475,1378670081338030958,59.857938698845764
194254024811559,1378670081339099073,-Infinity
194254032991019,1378670081339099073,61.195373667813776
194254044619281,1378670081339099073,-Infinity
194254054691004,1378670081339099073,61.97553806852147
194254066532908,1378670081339099073,-Infinity
194254069066099,1378670081348437452,-Infinity
194254075902662,1378670081349566602,56.04537558743111
194254081548931,1378670081401232862,-Infinity
194254087836128,1378670081402300977,-Infinity
194254095466221,1378670081402300977,59.1223182257918
194254102424865,1378670081402300977,-Infinity
194254109352990,1378670081402300977,-Infinity
194254119546794,1378670081402300977,-Infinity
194254122324148,1378670081411669874,-Infinity
194254128275620,1378670081412768506,-Infinity
194254143902051,1378670081465197706,62.37387852266837
194254150036647,1378670081466265821,-Infinity
194254156415404,1378670081466265821,64.44271737221712
194254164045497,1378670081466265821,-Infinity
194254170515816,1378670081466265821,59.67979245626562
194254181350548,1378670081466265821,-Infinity
194254183883739,1378670081475634717,-Infinity
194254190201456,1378670081476733350,-Infinity
194254207109742,1378670081528338575,60.42116692033827
194254213641102,1378670081529406690,-Infinity
194254222980336,1378670081529406690,-Infinity
194254229572736,1378670081529406690,-Infinity
194254236073576,1378670081529406690,60.72961461513644
194254247457675,1378670081529406690,-Infinity
194254250082427,1378670081538775586,-Infinity
194254256339103,1378670081539874219,61.20292853979415
194254271324606,1378670081592303418,62.936001603002666
194254290644001,1378670081593371534,60.066999742541114
194254303737241,1378670081593371534,-Infinity
194254309475071,1378670081593371534,-Infinity
194254315304463,1378670081593371534,60.30470871237107
194254325711910,1378670081593371534,-Infinity
194254328031458,1378670081602709913,-Infinity
194254333891369,1378670081603839063,-Infinity
194254338622027,1378670081655505323,61.127082426300845
194254344756622,1378670081656573438,-Infinity
194254350677574,1378670081656573438,-Infinity
194254356476444,1378670081656573438,62.01001340079165
194254362794161,1378670081656573438,-Infinity
194254374208781,1378670081656573438,-Infinity
194254376497808,1378670081665942334,63.5565744556483
194254383425933,1378670081667040967,-Infinity
194254398655599,1378670081719470167,61.982444092578255
194254405156439,1378670081720538282,-Infinity
194254411260514,1378670081720538282,-Infinity
194254417059385,1378670081720538282,61.60863956513032
194254423682306,1378670081720538282,-Infinity
194254433570906,1378670081720538282,-Infinity
194254436745025,1378670081729876661,60.10992778246747
194254443245864,1378670081731005811,-Infinity
194254461649648,1378670081782641553,62.13978551364945
194254468486212,1378670081783709668,-Infinity
194254475444856,1378670081783709668,61.92009127334414
194254482189859,1378670081783709668,-Infinity
194254488690698,1378670081783709668,-Infinity
194254501051448,1378670081783709668,-Infinity
194254503767762,1378670081793078565,-Infinity
194254510115999,1378670081794177198,-Infinity
194254527909376,1378670081846575879,59.60749797180161
194254549365199,1378670081847643995,63.923056040454
194254570790500,1378670081847643995,57.467676751840884
194254592093720,1378670081847643995,-Infinity
194254599754333,1378670081847643995,61.073593235154206
194254625208324,1378670081847643995,-Infinity
194254627772035,1378670081856982374,-Infinity
194254634150793,1378670081858111524,-Infinity
194254639858102,1378670081909777784,-Infinity
194254646175819,1378670081910845899,-Infinity
194254653195505,1378670081910845899,-Infinity
194254660276231,1378670081910845899,-Infinity
194254666899152,1378670081910845899,-Infinity
194254677947526,1378670081910845899,60.57676011685586
194254681121645,1378670081920214795,-Infinity
194254687622484,1378670081921313428,-Infinity
194254692566785,1378670081973712110,-Infinity
194254699159186,1378670081974780225,63.1074889059539
194254706178871,1378670081974780225,-Infinity
194254712405027,1378670081974780225,-Infinity
194254720523446,1378670081974780225,-Infinity
194254731297137,1378670081974780225,-Infinity
194254733860849,1378670081984149122,59.65275250252459
194254741277299,1378670081985247754,-Infinity
194254746191079,1378670082036914014,-Infinity
194254753577009,1378670082037982129,-Infinity
194254760840857,1378670082037982129,-Infinity
194254767128054,1378670082037982129,-Infinity
194254774575026,1378670082037982129,57.14840761862744
194254787515664,1378670082037982129,-Infinity
194254790476140,1378670082047351026,-Infinity
194254797190621,1378670082048449659,59.94565989716538
194254806896100,1378670082100878858,64.41667739830261
194254827710993,1378670082101946973,61.44862235326433
194254843734189,1378670082101946973,-Infinity
194254850784396,1378670082101946973,-Infinity
194254857956683,1378670082101946973,60.80899656451256
194254869462863,1378670082101946973,-Infinity
194254872362299,1378670082111315870,-Infinity
194254881976216,1378670082112445020,61.2330824756235
194254897083800,1378670082164050245,63.48719199769364
194254921316975,1378670082165118360,-Infinity
194254927817814,1378670082165118360,-Infinity
194254934135531,1378670082165118360,61.26313207236596
194254949151555,1378670082165118360,63.912007279684076
194254985501319,1378670082165118360,-Infinity
194254992490485,1378670082174487256,61.808124213324746
194255004210307,1378670082175585889,-Infinity
194255008666282,1378670082228015088,-Infinity
194255014343071,1378670082229083204,63.21596904398281
194255020477666,1378670082229083204,-Infinity
194255026154455,1378670082229083204,-Infinity
194255031922805,1378670082229083204,60.03250386880744
194255042543895,1378670082229083204,-Infinity
194255044832922,1378670082238452100,-Infinity
194255052249373,1378670082239550733,-Infinity
194255057163153,1378670082291186475,58.70963691778922
194255064121798,1378670082292254590,-Infinity
194255070500556,1378670082292254590,-Infinity
194255076207866,1378670082292254590,61.38230134944023
194255083166512,1378670082355151319,-Infinity
194255089056943,1378670082356219434,-Infinity
194255094825294,1378670082356219434,58.547118494590144
194255102058622,1378670082356219434,-Infinity
194255108162696,1378670082356219434,-Infinity
194255117715573,1378670082356219434,59.796002345070065
194255120889691,1378670082365588331,-Infinity
194255126597001,1378670082366686963,-Infinity
194255131327659,1378670082418322706,-Infinity
194255139018792,1378670082419390821,60.68163479809805
194255145214428,1378670082419390821,-Infinity
194255150891217,1378670082419390821,-Infinity
194255157147893,1378670082419390821,60.10135913372717
194255168623553,1378670082419390821,-Infinity
194255171248305,1378670082428759717,-Infinity
194255176986135,1378670082430621290,60.76939629163636
194255181838874,1378670082482287549,-Infinity
194255187698786,1378670082483355665,-Infinity
194255193528177,1378670082483355665,-Infinity
194255199479649,1378670082483355665,-Infinity
194255206804538,1378670082483355665,-Infinity
194255219134769,1378670082483355665,62.684992083399116
194255222278367,1378670082492694043,-Infinity
194255228626604,1378670082493823194,-Infinity
194255233296222,1378670082545458936,-Infinity
194255239552899,1378670082546527051,-Infinity
194255245443331,1378670082546527051,-Infinity
194255251211682,1378670082546527051,-Infinity
194255257224195,1378670082546527051,58.72973953045488
194255267448519,1378670082546527051,-Infinity
194255270714199,1378670082555895948,58.53685939736191
194255282983389,1378670082556994581,-Infinity
194255292597306,1378670082609393262,59.516275233921654
194255305324301,1378670082610461377,-Infinity
194255313625842,1378670082610461377,-Infinity
194255321774782,1378670082610461377,-Infinity
194255328702906,1378670082610461377,-Infinity
194255339690240,1378670082610461377,-Infinity
194255342070829,1378670082619830274,-Infinity
194255347778138,1378670082620928907,-Infinity
194255353119204,1378670082672595167,-Infinity
194255359650563,1378670082673663282,-Infinity
194255365602036,1378670082673663282,-Infinity
194255371461947,1378670082673663282,-Infinity
194255377199777,1378670082673663282,62.99763653023464
194255387607224,1378670082673663282,-Infinity
194255389896252,1378670082683032178,-Infinity
194255395603562,1378670082684130811,59.8667507998492
194255415624926,1378670082736529493,61.68041125292791
194255428199320,1378670082737597608,-Infinity
194255439736020,1378670082737597608,60.02385844769149
194255453317586,1378670082737597608,60.56051254468208
194255467112794,1378670082737597608,58.79973446729466
194255489942033,1378670082737597608,-Infinity
194255494703211,1378670082746966504,61.70895466331977
194255504317128,1378670082748065137,-Infinity
194255508742582,1378670082799731397,-Infinity
194255514480412,1378670082800799512,62.665870626586766
194255521316975,1378670082800799512,-Infinity
194255526963244,1378670082800799512,-Infinity
194255532701074,1378670082800799512,61.6374194582266
194255543322164,1378670082800799512,-Infinity
194255545580671,1378670082810168409,-Infinity
194255552081510,1378670082811267042,-Infinity
194255556598525,1378670082863696241,61.29307804960362
194255562763642,1378670082864764356,-Infinity
194255568593033,1378670082864764356,-Infinity
194255574544506,1378670082864764356,61.68041125292791
194255580984305,1378670082864764356,-Infinity
194255590628742,1378670082864764356,-Infinity
194255592887250,1378670082874102735,-Infinity
194255599693293,1378670082875231885,-Infinity
194255608635762,1378670082926867627,63.51616875061626
194255623865427,1378670082927935743,-Infinity
194255630335746,1378670082927935743,-Infinity
194255636928146,1378670082927935743,60.85627975642078
194255643886791,1378670082927935743,-Infinity
194255654629962,1378670082927935743,-Infinity
194255657193673,1378670082937304639,64.09795080819902
194255663816594,1378670082938403272,-Infinity
194255672301257,1378670082990801954,62.69135655769918
194255693848641,1378670082991870069,62.78626815589449
194255705324301,1378670082991870069,-Infinity
194255711611498,1378670082991870069,-Infinity
194255717868174,1378670082991870069,58.28693352198159
194255729862680,1378670082991870069,-Infinity
194255732487432,1378670083001208448,-Infinity
194255739934403,1378670083002337598,-Infinity
194255745183907,1378670083054003858,-Infinity
194255751501624,1378670083055071973,-Infinity
194255759070676,1378670083055071973,65.81551759092282
194255765998800,1378670083055071973,-Infinity
194255774575025,1378670083055071973,65.81107661675611
194255787546184,1378670083055071973,-Infinity
194255790201456,1378670083064440870,-Infinity
194255801463474,1378670083065539502,63.71634314987076
194255818127597,1378670083117938184,60.44592035693711
194255839461337,1378670083119006299,64.23217797482248
194255862168493,1378670083119006299,-Infinity
194255868486210,1378670083119006299,-Infinity
194255875261734,1378670083119006299,61.05056805650357
194255885760743,1378670083119006299,-Infinity
194255888507576,1378670083128375196,-Infinity
194255894825293,1378670083130358838,-Infinity
194255900074797,1378670083181231641,-Infinity
194255906300953,1378670083182391309,-Infinity
194255912649191,1378670083182391309,-Infinity
194255918783785,1378670083182391309,64.92811446950851
194255926108675,1378670083182391309,-Infinity
194255937034968,1378670083182391309,-Infinity
194255939842842,1378670083191729688,-Infinity
194255948144383,1378670083192950391,-Infinity
194255953271806,1378670083245104932,-Infinity
194255959864206,1378670083246173047,-Infinity
194255966242964,1378670083246173047,-Infinity
194255972408079,1378670083246173047,-Infinity
194255978634235,1378670083246173047,65.64966996098741
194255989804691,1378670083246173047,-Infinity
194255992398922,1378670083255541944,-Infinity
194255998869241,1378670083256640577,62.200586168959774
194256004210307,1378670083308276319,-Infinity
194256010528024,1378670083309344434,-Infinity
194256016845741,1378670083309344434,62.69771637108759
194256023346581,1378670083309344434,-Infinity
194256029694818,1378670083309344434,-Infinity
194256040224346,1378670083309344434,-Infinity
194256042604935,1378670083318713331,-Infinity
194256048953173,1378670083319842481,-Infinity
194256054782564,1378670083372241163,63.04663144040978
194256063938675,1378670083373309278,-Infinity
194256071538248,1378670083373309278,-Infinity
194256082311939,1378670083373309278,-Infinity
194256102638508,1378670083373309278,65.16100417433853
194256136546641,1378670083373309278,63.14983679450602
194256145092345,1378670083382678174,-Infinity
194256154828344,1378670083383776807,-Infinity
194256159589522,1378670083435412549,-Infinity
194256165266311,1378670083436480665,-Infinity
194256171400906,1378670083436480665,-Infinity
194256177047175,1378670083436480665,62.30763621221343
194256183822698,1378670083436480665,-Infinity
194256193802861,1378670083436480665,-Infinity
194256196061368,1378670083445849561,62.45270803331636
194256202409606,1378670083446948194,-Infinity
194256206896101,1378670083499346876,-Infinity
194256212694971,1378670083500414991,-Infinity
194256218493842,1378670083500414991,65.40644708126175
194256224811559,1378670083500414991,-Infinity
194256230549389,1378670083500414991,63.281601491538865
194256240468510,1378670083500414991,-Infinity
194256243276384,1378670083509783887,-Infinity
194256249014214,1378670083510882520,-Infinity
194256254080596,1378670083562548780,-Infinity
194256260245711,1378670083563616895,-Infinity
194256266166663,1378670083563616895,-Infinity
194256272270737,1378670083563616895,-Infinity
194256278344291,1378670083563616895,63.203982396401756
194256288385494,1378670083563616895,-Infinity
194256290766083,1378670083572985792,-Infinity
194256296564953,1378670083574084424,62.13978551364945
194256305415861,1378670083626544141,-Infinity
194256311428375,1378670083627581739,-Infinity
194256317379848,1378670083627581739,62.653099558412016
194256324369013,1378670083627581739,-Infinity
194256330747771,1378670083627581739,60.864135319863486
194256342406553,1378670083627581739,-Infinity
194256345000785,1378670083636950635,-Infinity
194256351287981,1378670083639086866,-Infinity
194256368867715,1378670083689685010,60.07560234333743
194256377199777,1378670083690753126,63.34674163516128
194256384066861,1378670083690753126,-Infinity
194256390720302,1378670083690753126,-Infinity
194256397038019,1378670083690753126,62.200586168959774
194256408452639,1378670083690753126,-Infinity
194256411077391,1378670083700122022,-Infinity
194256418280199,1378670083701220655,62.59539619133718
194256435127444,1378670083753619336,61.11183338850436
194256445260207,1378670083754687452,-Infinity
194256451700006,1378670083754687452,-Infinity
194256466471866,1378670083754687452,65.53120409213481
194256482708704,1378670083754687452,-Infinity
194256493543437,1378670083754687452,-Infinity
194256496503913,1378670083764025831,61.92704151364609
194256504134007,1378670083765154981,-Infinity
194256509444552,1378670083816882276,-Infinity
194256515701228,1378670083817950391,62.8427211702505
194256523209239,1378670083817950391,-Infinity
194256529404875,1378670083817950391,-Infinity
194256535875194,1378670083817950391,64.66856360536453
194256549487280,1378670083817950391,-Infinity
194256552081511,1378670083827319288,-Infinity
194256563404569,1378670083828417920,64.21084055673258
194256578634235,1378670083880786084,63.625406980810446
194256597678947,1378670083881854200,62.41338272176841
194256605949968,1378670083881854200,-Infinity
194256611626757,1378670083881854200,-Infinity
194256617395107,1378670083881854200,64.59733851536524
194256628107759,1378670083881854200,-Infinity
194256630396787,1378670083891192579,-Infinity
194256636195657,1378670083892321729,64.94285448684138
194256641719845,1378670083943957471,-Infinity
194256647366114,1378670083945025586,-Infinity
194256653195505,1378670083945025586,-Infinity
194256659208018,1378670083945025586,62.79884502238485
194256665312092,1378670083945025586,-Infinity
194256674834448,1378670083945025586,-Infinity
194256677123476,1378670083954394483,66.70115004395082
194256683227551,1378670083955493116,-Infinity
194256688293932,1378670084007891797,-Infinity
194256694001242,1378670084008959913,-Infinity
194256700959887,1378670084008959913,-Infinity
194256706728237,1378670084008959913,-Infinity
194256712496588,1378670084008959913,63.63111847381062
194256722812474,1378670084008959913,-Infinity
194256725070982,1378670084018298292,-Infinity
194256730717250,1378670084019427442,-Infinity
194256750067166,1378670084071093702,63.81752089385665
194256756751128,1378670084072161817,62.6403096815881
194256763862374,1378670084072161817,-Infinity
194256769844367,1378670084072161817,-Infinity
194256775765319,1378670084072161817,62.112625757989925
194256786477970,1378670084072161817,-Infinity
194256788980640,1378670084081530713,-Infinity
194256795328878,1378670084082629346,-Infinity
194256814220990,1378670084135028028,64.75427316696664
194256823743346,1378670084136096143,-Infinity
194256831465000,1378670084136096143,-Infinity
194256839522378,1378670084136096143,-Infinity
194256846664145,1378670084136096143,-Infinity
194256859726865,1378670084136096143,-Infinity
194256862962024,1378670084145465040,-Infinity
194256871263565,1378670084146624708,-Infinity
194256878954699,1378670084198229932,63.539280739756634
194256889453707,1378670084199298047,66.16789766588629
194256906361993,1378670084199298047,-Infinity
194256913992086,1378670084199298047,65.3363552980764
194256923331320,1378670084199298047,-Infinity
194256936119357,1378670084199298047,-Infinity
194256940514290,1378670084208666944,-Infinity
194256952600357,1378670084209765577,62.24758301620881
194256963435089,1378670084262194776,-Infinity
194256971156744,1378670084263262891,-Infinity
194256980709620,1378670084263262891,-Infinity
194256988370233,1378670084263262891,-Infinity
194256996091887,1378670084263620896,64.51521662876485
194257010711146,1378670084263620896,-Infinity
194257013946305,1378670084272959275,63.446461421485104
194257022186806,1378670084274088425,-Infinity
194257028168799,1378670084325724168,-Infinity
194257035768372,1378670084326792283,63.311271232710354
194257044130954,1378670084326792283,-Infinity
194257051608445,1378670084326792283,-Infinity
194257062778901,1378670084326792283,-Infinity
194257077062435,1378670084326792283,-Infinity
194257080572278,1378670084336161179,-Infinity
194257086798434,1378670084337290330,-Infinity
194257091712214,1378670084389689011,-Infinity
194257097877329,1378670084390757127,67.19975942413649
194257104561290,1378670084390757127,-Infinity
194257110787447,1378670084390757127,-Infinity
194257117166205,1378670084390757127,63.48719199769364
194257127909377,1378670084390757127,-Infinity
194257130595170,1378670084400126023,-Infinity
194257137462253,1378670084401224656,58.83947973023354
194257143078002,1378670084452860398,-Infinity
194257149365198,1378670084453928513,-Infinity
194257155896558,1378670084453928513,62.886376754861644
194257162488958,1378670084453928513,-Infinity
194257168928757,1378670084453928513,-Infinity
194257179794009,1378670084453928513,-Infinity
194257182388241,1378670084463297410,-Infinity
194257188736478,1378670084464426560,-Infinity
194257195634082,1378670084516794724,62.62750094063224
194257202836890,1378670084517862839,-Infinity
194257209429290,1378670084517862839,-Infinity
194257215808048,1378670084517862839,65.29402706743598
194257222766693,1378670084517862839,-Infinity
194257233235181,1378670084517862839,-Infinity
194257235829412,1378670084527201218,61.426571580197226
194257242696497,1378670084528330369,-Infinity
194257260642476,1378670084579996629,64.83914508220131
194257267234876,1378670084581064744,-Infinity
194257273766235,1378670084581064744,-Infinity
194257280450197,1378670084581064744,-Infinity
194257286706873,1378670084581064744,-Infinity
194257297175361,1378670084581064744,-Infinity
194257301204050,1378670084590433640,-Infinity
194257307491246,1378670084591532273,-Infinity
194257322751432,1378670084643961472,64.58199969808274
194257330167883,1378670084645029588,-Infinity
194257336821324,1378670084645029588,63.86767112828031
194257343810490,1378670084645029588,-Infinity
194257350097688,1378670084645029588,63.89540773695487
194257361176583,1378670084645029588,-Infinity
194257363740294,1378670084654398484,-Infinity
194257369966450,1378670084655497117,-Infinity
194257386142247,1378670084707102341,66.47367109396538
194257393558697,1378670084708170457,-Infinity
194257406072050,1378670084708170457,-Infinity
194257412511848,1378670084708170457,-Infinity
194257419226330,1378670084708170457,67.13516340480886
194257430946153,1378670084708170457,-Infinity
194257433601425,1378670084717539353,-Infinity
194257441292559,1378670084718637986,-Infinity
194257449960345,1378670084771067185,65.21826366613038
194257464762725,1378670084772104783,-Infinity
194257471324606,1378670084772104783,-Infinity
194257477703364,1378670084772104783,63.994532368170155
194257484662009,1378670084772104783,-Infinity
194257495435700,1378670084772104783,-Infinity
194257498060452,1378670084781473679,62.13300353377041
194257505202219,1378670084782602830,-Infinity
194257513351158,1378670084834269089,-Infinity
194257520248762,1378670084835337205,-Infinity
194257527085326,1378670084835337205,-Infinity
194257533494604,1378670084835337205,-Infinity
194257540911054,1378670084835337205,-Infinity
194257551593184,1378670084835337205,-Infinity
194257554187416,1378670084844706101,60.988867443184034
194257563557171,1378670084845804734,-Infinity
194257577108216,1378670084898233933,65.64514333863121
194257584066861,1378670084899302048,-Infinity
194257590903424,1378670084899302048,-Infinity
194257597160101,1378670084899302048,63.878776404465945
194257605400601,1378670084899302048,67.43504040760861
194257637416471,1378670084899302048,67.32752764959903
194257648190163,1378670084908640427,62.59539619133718
194257664884808,1378670084909769578,-Infinity
194257669768068,1378670084961405320,-Infinity
194257676146825,1378670084962473435,66.18918800455589
194257684143163,1378670084962473435,-Infinity
194257691101808,1378670084962473435,-Infinity
194257697938371,1378670084962473435,66.84430149615828
194257711611497,1378670084962473435,-Infinity
194257714419372,1378670084971842332,62.112625757989925
194257722202067,1378670084972971482,-Infinity
194257727512611,1378670085025370164,-Infinity
194257734532297,1378670085026438279,62.716767913924876
194257742437073,1378670085026438279,-Infinity
194257749426238,1378670085026438279,-Infinity
194257757208933,1378670085026438279,63.281601491538865
194257771431426,1378670085026438279,-Infinity
194257774361382,1378670085035776658,63.43478894016635
194257783029169,1378670085036905808,-Infinity
194257788919601,1378670085088541550,-Infinity
194257796580214,1378670085089609666,65.3363552980764
194257805278520,1378670085089609666,-Infinity
194257812572889,1378670085089609666,-Infinity
194257820294543,1378670085089609666,61.24812027123164
194257834791720,1378670085089609666,-Infinity
194257838026879,1378670085098978562,61.11183338850436
194257846450502,1378670085100077195,-Infinity
194257852279893,1378670085152475877,-Infinity
194257859543741,1378670085153513474,-Infinity
194257866441345,1378670085153513474,-Infinity
194257873461032,1378670085153513474,-Infinity
194257880602799,1378670085153513474,-Infinity
194257892322622,1378670085153513474,-Infinity
194257895679863,1378670085162882371,64.93794392703073
194257903187874,1378670085164011521,-Infinity
194257908895184,1378670085215677781,-Infinity
194257915640186,1378670085216745896,65.15621546465351
194257923819646,1378670085216745896,-Infinity
194257931205576,1378670085216745896,-Infinity
194257938622026,1378670085216745896,65.75313633392332
194258027466831,1378670085216745896,60.237453198732524
194258044253035,1378670085226114793,64.05455621550163
194258073338950,1378670085227213425,63.63111847381062
194258095740904,1378670085279673142,62.69771637108759
194258125315144,1378670085280710740,64.60754936285993
194258148571668,1378670085280710740,67.08927518816444
194258165785157,1378670085280710740,64.5512405462317
194258190842384,1378670085280710740,64.32228163419575
194258224384273,1378670085280710740,-Infinity
194258227527871,1378670085290079636,-Infinity
194258235829412,1378670085291208787,61.723191264530655
194258242574414,1378670085342814011,-Infinity
194258250875955,1378670085343882127,-Infinity
194258259696343,1378670085343882127,-Infinity
194258266227703,1378670085343882127,-Infinity
194258272667502,1378670085418314500,-Infinity
194258277428680,1378670085469950242,66.35348524875063
194258285974385,1378670085471018357,-Infinity
194258291925858,1378670085471018357,-Infinity
194258297602647,1378670085471018357,62.39365308482254
194258303920364,1378670085471018357,-Infinity
194258313656363,1378670085471018357,-Infinity
194258315914870,1378670085480387254,63.545049139034646
194258324796298,1378670085481485886,-Infinity
194258329282793,1378670085533915086,-Infinity
194258335020623,1378670085534983201,60.45415584811261
194258341551983,1378670085534983201,-Infinity
194258347381374,1378670085597086472,-Infinity
194258353149724,1378670085598154588,-Infinity
194258358918074,1378670085598154588,61.308012403746275
194258364991628,1378670085598154588,-Infinity
194258370759979,1378670085598154588,59.27451182158322
194258380679099,1378670085598154588,-Infinity
194258382968127,1378670085607523484,-Infinity
194258388828039,1378670085608622117,-Infinity
194258393985982,1378670085661051316,-Infinity
194258400120577,1378670085662119431,-Infinity
194258406072050,1378670085662119431,-Infinity
194258411993002,1378670085662119431,-Infinity
194258418097076,1378670085671488328,63.70502806710553
194258424445314,1378670085672586961,-Infinity
194258429053890,1378670085724192185,-Infinity
194258435005362,1378670085725260300,64.58199969808274
194258441475681,1378670085725260300,-Infinity
194258447549235,1378670085725260300,-Infinity
194258453775391,1378670085725260300,65.18013265078093
194258466075101,1378670085725260300,-Infinity
194258468486210,1378670085734629197,-Infinity
194258474681846,1378670085735727830,-Infinity
194258479870309,1378670085788157029,-Infinity
194258486096465,1378670085789225144,-Infinity
194258492414183,1378670085789225144,-Infinity
194258498609819,1378670085789225144,64.10335991755717
194258505141178,1378670085789225144,-Infinity
194258515304462,1378670085789225144,-Infinity
194258517868173,1378670085798563523,63.545049139034646
194258524491094,1378670085799692673,-Infinity
194258532426391,1378670085849527879,-Infinity
194258539079832,1378670085850595994,64.48939346137682
194258545641712,1378670085850595994,-Infinity
194258551928908,1378670085850595994,-Infinity
194258558124544,1378670085850595994,65.89066874531147
194258568928756,1378670085850595994,-Infinity
194258571492467,1378670085859964890,-Infinity
194258577749143,1378670085861063523,66.91108921348324
194258594382748,1378670085915323777,64.70395828234078
194258609032526,1378670085916361375,64.49456424140082
194258629206492,1378670085916451580,65.6315492975662
194258649594101,1378670085916451580,-Infinity
194258656278062,1378670085916451580,63.51616875061626
194258666807590,1378670085916451580,-Infinity
194258669127139,1378670085925820476,-Infinity
194258674987050,1378670085926949627,-Infinity
194258680297595,1378670085978585369,-Infinity
194258685974384,1378670085979653484,-Infinity
194258691925857,1378670085979653484,-Infinity
194258697572125,1378670085979653484,65.60429720995005
194258703950883,1378670085979653484,-Infinity
194258713595322,1378670085979653484,-Infinity
194258715853829,1378670085989022380,64.70395828234078
194258722415709,1378670085990151531,-Infinity
194258726902204,1378670086042550212,-Infinity
194258732884197,1378670086043618328,-Infinity
194258739110353,1378670086043618328,61.05056805650357
194258745336508,1378670086043618328,-Infinity
194258751196420,1378670086043618328,63.950616599268955
194258762244795,1378670086043618328,-Infinity
194258764594863,1378670086052987224,-Infinity
194258770668417,1378670086054085857,-Infinity
194258784524666,1378670086105721599,66.42414059015408
194258791025505,1378670086106789714,-Infinity
194258797770507,1378670086106789714,63.01604202944578
194258804454470,1378670086106789714,-Infinity
194258810589065,1378670086106789714,64.79431623407976
194258821301715,1378670086106789714,-Infinity
194258823987508,1378670086116158611,-Infinity
194258830671469,1378670086117257244,-Infinity
194258848739530,1378670086169655925,63.63111847381062
194258855392971,1378670086170724041,62.220758825634896
194258863023064,1378670086170724041,-Infinity
194258869188179,1378670086170724041,-Infinity
194258875505896,1378670086170724041,61.06592495669239
194258886737393,1378670086170724041,-Infinity
194258889331624,1378670086180062419,-Infinity
194258896076628,1378670086181191570,65.89066874531147
194258911672539,1378670086232857830,-Infinity
194258917959735,1378670086233925945,64.31700721873223
194258925193063,1378670086233925945,-Infinity
194258931663382,1378670086233925945,-Infinity
194258937889538,1378670086233925945,65.44359932955595
194258951226941,1378670086233925945,-Infinity
194258953821172,1378670086243294841,65.29402706743598
194258965052669,1378670086244393474,-Infinity
194258982846046,1378670086296822673,-Infinity
194259001066708,1378670086297890789,-Infinity
194259006957140,1378670086297890789,-Infinity
194259012633929,1378670086297890789,-Infinity
194259018432800,1378670086297890789,65.04048704740529
194259028901288,1378670086297890789,-Infinity
194259031251357,1378670086307259685,-Infinity
194259036897626,1378670086308358318,64.26939276918051
194259042421813,1378670086359994060,-Infinity
194259048251204,1378670086361062175,-Infinity
194259053989034,1378670086361062175,-Infinity
194259060032068,1378670086361062175,-Infinity
194259065891979,1378670086361062175,-Infinity
194259077642322,1378670086361062175,-Infinity
194259080328115,1378670086370431072,-Infinity
194259086065945,1378670086371560222,-Infinity
194259102638507,1378670086423958904,65.80218784955866
194259108925704,1378670086425027019,-Infinity
194259114785616,1378670086425027019,64.05455621550163
194259121378016,1378670086425027019,-Infinity
194259127329489,1378670086425027019,-Infinity
194259137096008,1378670086425027019,-Infinity
194259139995443,1378670086434365398,-Infinity
194259145672232,1378670086435494548,-Infinity
194259165785157,1378670086487130291,61.352661986902326
194259171919752,1378670086488198406,-Infinity
194259177840704,1378670086488198406,62.8739261078634
194259184311023,1378670086488198406,-Infinity
194259190079374,1378670086488198406,-Infinity
194259200517342,1378670086488198406,-Infinity
194259203630420,1378670086497567302,-Infinity
194259211352075,1378670086498665935,-Infinity
194259229847420,1378670086551064617,61.31546996091881
194259239278215,1378670086552132732,63.87322554151331
194259253805912,1378670086552132732,-Infinity
194259260734037,1378670086552132732,-Infinity
194259266532907,1378670086552132732,-Infinity
194259276177345,1378670086552132732,-Infinity
194259278466373,1378670086561501628,65.49442553089112
194259285058773,1378670086562600261,-Infinity
194259293238233,1378670086614266521,65.3410457247601
194259305812626,1378670086615334636,62.811403701064826
194259325162542,1378670086615334636,63.52195251692645
194259345580671,1378670086615334636,-Infinity
194259354858864,1378670086615334636,65.53120409213481
194259365632556,1378670086615334636,-Infinity
194259367952104,1378670086624703533,-Infinity
194259373689935,1378670086625802166,-Infinity
194259378115389,1378670086678231365,64.90842211459943
194259384463626,1378670086679299480,-Infinity
194259390323538,1378670086679299480,-Infinity
194259395939286,1378670086679299480,66.63272163823284
194259402348564,1378670086679299480,-Infinity
194259412023522,1378670086679299480,-Infinity
194259414282030,1378670086688668377,-Infinity
194259420538706,1378670086689767009,-Infinity
194259425208323,1378670086741372234,-Infinity
194259431403959,1378670086742638002,-Infinity
194259437385951,1378670086742638002,63.47557417014992
194259446084257,1378670086742638002,-Infinity
194259452401974,1378670086742638002,62.923621950451896
194259479351463,1378670086742638002,62.653099558412016
194259490247236,1378670086752006899,64.54610341221989
194259509597151,1378670086753105531,-Infinity
194259524307972,1378670086805534731,-Infinity
194259543230602,1378670086806602846,-Infinity
194259554736783,1378670086806602846,62.220758825634896
194259560901898,1378670086806602846,-Infinity
194259566670248,1378670086806602846,-Infinity
194259576223124,1378670086806602846,-Infinity
194259578573193,1378670086815971742,65.48059331433195
194259584799349,1378670086817100893,-Infinity
194259589133242,1378670086868736635,-Infinity
194259594871072,1378670086869804750,61.55804410486665
194259601097229,1378670086869804750,-Infinity
194259606957140,1378670086869804750,-Infinity
194259613396938,1378670086869804750,64.96246900628925
194259623590743,1378670086869804750,-Infinity
194259625940811,1378670086879173647,-Infinity
194259631800723,1378670086880272280,-Infinity
194259636317738,1378670086932670961,64.8837437098315
194259642818577,1378670086933739076,-Infinity
194259648678488,1378670086933739076,-Infinity
194259654813083,1378670086933739076,65.93019292131945
194259661252882,1378670086933739076,-Infinity
194259671568767,1378670086933739076,-Infinity
194259674162999,1378670086943077455,61.528999513265724
194259681030084,1378670086944206606,-Infinity
194259685882823,1378670086995872865,-Infinity
194259692139500,1378670086996940981,-Infinity
194259698457217,1378670086996940981,62.28766458640769
194259705782107,1378670086996940981,-Infinity
194259712191385,1378670086996940981,63.33493425768808
194259723514443,1378670086996940981,-Infinity
194259726169716,1378670087006309877,-Infinity
194259732365351,1378670087007439028,-Infinity
194259738011620,1378670087058708559,63.80633695825588
194259745733274,1378670087059776674,-Infinity
194259752203593,1378670087059776674,-Infinity
194259759497962,1378670087059776674,-Infinity
194259766059842,1378670087059776674,-Infinity
194259777504981,1378670087059776674,-Infinity
194259780526498,1378670087069115053,-Infinity
194259786935776,1378670087070244203,-Infinity
194259801890759,1378670087123009096,63.917533417187606
194259809765015,1378670087124077211,-Infinity
194259816479496,1378670087124077211,62.260964104825014
194259825635608,1378670087124077211,-Infinity
194259831800723,1378670087124077211,66.53927537040289
194259843947831,1378670087124077211,-Infinity
194259846511542,1378670087133446108,-Infinity
194259853164984,1378670087134575258,-Infinity
194259866441345,1378670087186943422,65.75313633392332
194259886920515,1378670087188011537,62.954538055704646
194259906972399,1378670087188021832,60.354810725147836
194259926322316,1378670087188021832,65.0695640549056
194259947228771,1378670087188021832,-Infinity
194259957788820,1378670087188021832,-Infinity
194259961207101,1378670087197360211,-Infinity
194259966944931,1378670087198489362,-Infinity
194259971400905,1378670087250155621,-Infinity
194259977047174,1378670087251223737,60.14411808172356
194259984188941,1378670087251223737,-Infinity
194259989926771,1378670087251223737,-Infinity
194259995847724,1378670087251223737,61.172669537774084
194260006743498,1378670087251223737,-Infinity
194260009002006,1378670087260714703,-Infinity
194260014648276,1378670087261691266,-Infinity
194260019989341,1378670087314120465,-Infinity
194260025696650,1378670087315188580,-Infinity
194260031678643,1378670087315188580,-Infinity
194260037294392,1378670087315188580,64.50489657431953
194260044161475,1378670087315188580,-Infinity
194260053592270,1378670087315188580,-Infinity
194260055911818,1378670087324557477,60.56051254468208
194260062717861,1378670087325656110,-Infinity
194260067234876,1378670087377261334,63.64823044938421
194260083960040,1378670087378329450,-Infinity
194260096595474,1378670087378329450,61.507152143771606
194260104988577,1378670087378329450,-Infinity
194260110970569,1378670087378329450,64.53067375202752
194260121469577,1378670087378329450,-Infinity
194260123819646,1378670087387698346,-Infinity
194260129557476,1378670087388796979,-Infinity
194260134990102,1378670087441226178,61.92009127334414
194260141796145,1378670087442263776,-Infinity
194260147564495,1378670087442263776,-Infinity
194260153241285,1378670087442263776,-Infinity
194260159681083,1378670087442263776,61.195373667813776
194260169447602,1378670087442263776,-Infinity
194260171767150,1378670087451632672,-Infinity
194260177474460,1378670087452761823,64.61774821875173
194260183334371,1378670087504428082,-Infinity
194260189652088,1378670087505496198,-Infinity
194260195817203,1378670087505496198,66.83641024182725
194260203538858,1378670087505496198,-Infinity
194260213091734,1378670087505496198,62.491856070130865
194260229664297,1378670087505496198,-Infinity
194260233357263,1378670087514865094,61.57253005450362
194260243734190,1378670087515963727,-Infinity
194260251577926,1378670087568362409,-Infinity
194260257590439,1378670087569430524,64.83417551136827
194260263938677,1378670087569430524,-Infinity
194260269554425,1378670087569430524,-Infinity
194260275414336,1378670087569430524,62.97303502711433
194260285486059,1378670087569430524,-Infinity
194260287775087,1378670087578799420,-Infinity
194260293604478,1378670087579898053,-Infinity
194260310207561,1378670087631564313,61.83625160566642
194260316281115,1378670087632632428,63.37619003500982
194260323361841,1378670087632632428,-Infinity
194260329038630,1378670087632632428,-Infinity
194260335051143,1378670087632632428,62.09220005325323
194260345397549,1378670087632632428,-Infinity
194260347747618,1378670087642001325,-Infinity
194260353454928,1378670087643099957,-Infinity
194260374086699,1378670087695529157,61.651773717352086
194260381167425,1378670087696597272,-Infinity
194260387088377,1378670087696597272,-Infinity
194260392826207,1378670087696597272,-Infinity
194260398716639,1378670087696597272,61.27062825305907
194260414465151,1378670087696597272,-Infinity
194260418127596,1378670087705966168,64.14651193078502
194260428168798,1378670087707064801,-Infinity
194260437416471,1378670087758670026,66.0347196571592
194260448678488,1378670087759738141,66.58409253425226
194260461588606,1378670087759738141,-Infinity
194260467448518,1378670087759738141,-Infinity
194260473461031,1378670087759738141,65.09372074584678
194260484234722,1378670087759738141,-Infinity
194260486615311,1378670087769107037,-Infinity
194260492536264,1378670087770205670,-Infinity
194260501600814,1378670087822634869,65.68129042429936
194260508040613,1378670087823702985,-Infinity
194260514419370,1378670087823702985,66.08221049026672
194260521255934,1378670087823702985,-Infinity
194260527665212,1378670087823702985,-Infinity
194260538286302,1378670087823702985,65.88186111291985
194260541826666,1378670087833071881,-Infinity
194260548052822,1378670087834170514,-Infinity
194260564716946,1378670087885836774,66.8797236722314
194260571248306,1378670087886904889,-Infinity
194260577993308,1378670087886904889,65.6857982493649
194260585074034,1378670087886904889,-Infinity
194260591757996,1378670087886904889,65.05988253239369
194260602745330,1378670087886904889,-Infinity
194260605309041,1378670087896273785,-Infinity
194260611931962,1378670087897372418,-Infinity
194260628504524,1378670087949771100,63.568084496821285
194260635432648,1378670087950839215,61.60142966451382
194260643642628,1378670087950839215,-Infinity
194260649838264,1378670087950839215,-Infinity
194260656155981,1378670087950839215,64.05455621550163
194260667448518,1378670087950839215,-Infinity
194260670042750,1378670087960208112,-Infinity
194260676604630,1378670087961306744,63.93960286945571
194260691956377,1378670088012973004,-Infinity
194260698243574,1378670088014041119,65.08406613140744
194260705507422,1378670088014055701,-Infinity
194260712038782,1378670088014055701,-Infinity
194260718203897,1378670088014055701,65.48059331433195
194260730412046,1378670088014055701,-Infinity
194260737279129,1378670088023424598,62.45924497362784
194260762427917,1378670088024553748,-Infinity
194260777260817,1378670088076952430,65.16579024488885
194260785501318,1378670088078020545,-Infinity
194260792398922,1378670088078020545,-Infinity
194260803020011,1378670088078020545,61.83625160566642
194260822614090,1378670088078020545,-Infinity
194260836378778,1378670088078020545,-Infinity
194260840163305,1378670088087358924,63.568084496821285
194260848770050,1378670088088488074,-Infinity
194260858200846,1378670088140123817,62.74842790084494
194260868089446,1378670088141191932,-Infinity
194260877550762,1378670088141191932,65.51283428138524
194260888660177,1378670088141191932,-Infinity
194260899464389,1378670088141191932,64.18409484789993
194260912618669,1378670088141191932,-Infinity
194260915151860,1378670088150560828,63.63111847381062
194260921652699,1378670088151659461,-Infinity
194260926780122,1378670088204119178,-Infinity
194260933372522,1378670088205187293,-Infinity
194260939934402,1378670088205187293,-Infinity
194260946587843,1378670088205187293,-Infinity
194260953210764,1378670088205187293,63.52195251692645
194260965388392,1378670088205187293,-Infinity
194260967921583,1378670088214586707,-Infinity
194260974330861,1378670088215715858,-Infinity
194260979244641,1378670088266802283,62.83020773178317
194260986233807,1378670088267870399,-Infinity
194260992765167,1378670088267870399,-Infinity
194261000425780,1378670088267870399,63.8398456485514
194261022888774,1378670088267870399,64.20549800055439
194261056217020,1378670088267870399,-Infinity
194261058597609,1378670088277239295,59.625628092778456
194261064732204,1378670088278337928,-Infinity
194261069157658,1378670088331224891,-Infinity
194261076665670,1378670088332293006,62.146562201307994
194261083960039,1378670088332293006,-Infinity
194261090857643,1378670088332293006,-Infinity
194261097022758,1378670088332293006,63.00991119629757
194261107430205,1378670088332293006,-Infinity
194261109963396,1378670088341661903,-Infinity
194261115731746,1378670088342760535,-Infinity
194261120676047,1378670088394365760,-Infinity
194261126444397,1378670088395433875,-Infinity
194261132517951,1378670088395433875,-Infinity
194261138622025,1378670088395433875,63.96711104828026
194261145061824,1378670088395433875,-Infinity
194261155469272,1378670088395433875,-Infinity
194261157880381,1378670088404802772,64.3957890543925
194261163984456,1378670088405901405,-Infinity
194261168379390,1378670088458330604,-Infinity
194261173995138,1378670088459398719,-Infinity
194261180984304,1378670088459398719,-Infinity
194261186600052,1378670088459398719,-Infinity
194261192490484,1378670088459398719,64.33808568731764
194261204088225,1378670088459398719,-Infinity
194261206682457,1378670088469255897,-Infinity
194261213671622,1378670088469927283,-Infinity
194261219653615,1378670088521532508,62.51136410857094
194261226612260,1378670088522600623,-Infinity
194261233509864,1378670088522600623,-Infinity
194261241384120,1378670088522600623,-Infinity
194261247915479,1378670088522600623,-Infinity
194261257926161,1378670088522600623,62.91742550010427
194261260825597,1378670088531969520,-Infinity
194261266990712,1378670088533068153,-Infinity
194261271446686,1378670088585466834,-Infinity
194261277459199,1378670088586534949,64.26939276918051
194261284387325,1378670088586534949,-Infinity
194261289942033,1378670088586534949,-Infinity
194261295771425,1378670088586534949,62.779972885742964
194261306392514,1378670088586534949,-Infinity
194261308803623,1378670088595903846,-Infinity
194261314480413,1378670088597002479,-Infinity
194261327360009,1378670088648668739,62.5889609744486
194261333677727,1378670088649736854,-Infinity
194261340575331,1378670088649736854,-Infinity
194261346496283,1378670088649736854,-Infinity
194261352417236,1378670088649736854,62.30763621221343
194261363068846,1378670088649736854,-Infinity
194261365479955,1378670088659105750,-Infinity
194261371339866,1378670088660204383,-Infinity
194261391788516,1378670088712633582,64.80429821770029
194261398197794,1378670088713701698,63.70502806710553
194261405553203,1378670088713701698,-Infinity
194261412115083,1378670088713701698,-Infinity
194261418341239,1378670088713701698,63.676675691958856
194261429633777,1378670088713701698,-Infinity
194261432472172,1378670088723070594,-Infinity
194261438759368,1378670088724169227,61.78696872224458
194261457132632,1378670088775774451,61.687555905567635
194261465830938,1378670088776842567,-Infinity
194261472209696,1378670088776842567,-Infinity
194261478649494,1378670088776842567,62.537306845694125
194261485577619,1378670088776842567,-Infinity
194261496229229,1378670088776842567,-Infinity
194261499006582,1378670088786211463,65.76654152021317
194261505690544,1378670088787310096,-Infinity
194261519821477,1378670088839769813,65.39713413152876
194261526597001,1378670088840807410,-Infinity
194261533189401,1378670088840807410,-Infinity
194261539873362,1378670088840807410,-Infinity
194261546618365,1378670088840807410,-Infinity
194261556934250,1378670088840807410,-Infinity
194261560199930,1378670088850176307,-Infinity
194261566334525,1378670088851305457,-Infinity
194261581777833,1378670088902941199,65.01618161649984
194261588339713,1378670088904009315,-Infinity
194261595145756,1378670088904009315,65.7843829744469
194261602195962,1378670088904009315,-Infinity
194261608452638,1378670088904009315,-Infinity
194261619195809,1378670088904009315,62.016892074255246
194261621973163,1378670088913378211,-Infinity
194261628290880,1378670088914476844,-Infinity
194261645687492,1378670088966875526,64.54096323758402
194261652371453,1378670088967943641,-Infinity
194261659879465,1378670088967943641,66.58409253425226
194261666349784,1378670088967943641,-Infinity
194261672545420,1378670088967943641,67.32006368283639
194261683990560,1378670088967943641,-Infinity
194261686554271,1378670088977312537,-Infinity
194261693146671,1378670088978411170,-Infinity
194261710054957,1378670089030077430,68.13214100384269
194261716738919,1378670089031145545,67.05084890956822
194261723789125,1378670089031145545,-Infinity
194261729923720,1378670089031145545,-Infinity
194261736424559,1378670089031145545,64.45311153838165
194261746984607,1378670089031145545,-Infinity
194261749639880,1378670089040514442,-Infinity
194261756110200,1378670089041613074,65.26096188005793
194261773079526,1378670089094042274,-Infinity
194261780923262,1378670089095110389,-Infinity
194261787698785,1378670089095110389,-Infinity
194261794932113,1378670089095110389,63.40553891320914
194261802165441,1378670089095110389,-Infinity
194261812939132,1378670089095110389,-Infinity
194261815502844,1378670089104448768,64.80928491022534
194261822583570,1378670089105577918,-Infinity
194261836073575,1378670089157213660,63.167922864480204
194261843703668,1378670089158281776,-Infinity
194261850723354,1378670089158281776,-Infinity
194261857010550,1378670089158281776,65.28931117006582
194261864060756,1378670089158281776,-Infinity
194261874529244,1378670089158281776,-Infinity
194261877245557,1378670089167650672,63.39381126146905
194261884387324,1378670089168749305,-Infinity
194261900318958,1378670089221147987,64.37485034673524
194261907369164,1378670089222185584,-Infinity
194261914724574,1378670089222185584,60.72163636487962
194261921957903,1378670089222185584,-Infinity
194261928641864,1378670089222185584,-Infinity
194261940117525,1378670089222185584,-Infinity
194261942864359,1378670089231554481,-Infinity
194261949304157,1378670089232683631,-Infinity
194261965754638,1378670089284349891,64.12496272669135
194261982723964,1378670089285418006,-Infinity
194261989163763,1378670089285418006,-Infinity
194261995817204,1378670089285418006,61.7018276011276
194262003294695,1378670089285418006,-Infinity
194262014465151,1378670089285418006,-Infinity
194262017089903,1378670089294786903,62.85521660376416
194262024109589,1378670089295885535,-Infinity
194262030305224,1378670089348284217,-Infinity
194262036928145,1378670089349352332,65.27514809305804
194262046419981,1378670089349352332,-Infinity
194262052829260,1378670089349352332,-Infinity
194262061008720,1378670089349352332,-Infinity
194262071507728,1378670089349352332,-Infinity
194262075414336,1378670089358690711,63.59105891443677
194262085852303,1378670089359819862,-Infinity
194262094245406,1378670089411486121,-Infinity
194262102424865,1378670089412554237,-Infinity
194262108651021,1378670089412554237,-Infinity
194262114968738,1378670089412554237,66.73316602415245
194262126078153,1378670089412554237,62.5889609744486
194262152752959,1378670089412554237,-Infinity
194262155438751,1378670089421923133,63.52773243380786
194262163404568,1378670089423021766,-Infinity
194262168409909,1378670089475450965,-Infinity
194262174513984,1378670089476519080,61.71607588126186
194262181350547,1378670089476519080,-Infinity
194262187210459,1378670089476519080,-Infinity
194262193497655,1378670089476519080,63.573833801760664
194262204698632,1378670089476519080,-Infinity
194262207140261,1378670089485857459,-Infinity
194262213519020,1378670089487017127,-Infinity
194262218524361,1378670089538591834,61.528999513265724
194262225177803,1378670089539659949,-Infinity
194262232014367,1378670089539659949,-Infinity
194262238118441,1378670089539659949,61.507152143771606
194262244771882,1378670089539659949,-Infinity
194262255209849,1378670089539659949,-Infinity
194262257651479,1378670089549028846,62.91742550010427
194262264365961,1378670089550127479,-Infinity
194262281365808,1378670089602556678,62.16686059339402
194262288141331,1378670089603594276,-Infinity
194262294733731,1378670089603594276,62.537306845694125
194262301906018,1378670089603594276,-Infinity
194262308498419,1378670089603594276,-Infinity
194262320065640,1378670089603594276,-Infinity
194262322629351,1378670089612963172,-Infinity
194262328794466,1378670089614092323,-Infinity
194262344970263,1378670089665758582,63.8398456485514
194262351654225,1378670089666826698,-Infinity
194262358124543,1378670089667039065,64.98203932396571
194262365113709,1378670089667039065,-Infinity
194262372011314,1378670089667039065,59.580231623519644
194262386447450,1378670089667039065,-Infinity
194262388797518,1378670089676407961,-Infinity
194262394810032,1378670089678147463,-Infinity
194262408483158,1378670089729935793,-Infinity
194262414953477,1378670089731003908,64.6584242874658
194262421820561,1378670089731003908,-Infinity
194262428168798,1378670089731003908,-Infinity
194262434578076,1378670089731003908,64.2534630952666
194262446694664,1378670089731003908,-Infinity
194262454019554,1378670089740372805,65.49903137814506
194262482891826,1378670089741471438,-Infinity
194262494123323,1378670089793107180,-Infinity
194262505019096,1378670089794175295,64.22684853323531
194262526719080,1378670089794175295,64.60754936285993
194262549670401,1378670089794175295,-Infinity
194262557575178,1378670089794175295,64.43751562016357
194262569874888,1378670089794175295,-Infinity
194262572743803,1378670089803544191,-Infinity
194262580495977,1378670089804642824,-Infinity
194262585745481,1378670089857041506,-Infinity
194262592521004,1378670089858109621,-Infinity
194262600517341,1378670089858109621,-Infinity
194262607475986,1378670089858109621,-Infinity
194262614922957,1378670089858109621,63.878776404465945
194262626368097,1378670089858109621,-Infinity
194262629206491,1378670089867478518,-Infinity
194262640224345,1378670089868577150,-Infinity
194262645870614,1378670089920243410,-Infinity
194262652707178,1378670089921311525,-Infinity
194262665373132,1378670089921311525,-Infinity
194262674895489,1378670089921311525,63.72199516750844
194262682800266,1378670089921311525,-Infinity
194262694001243,1378670089921311525,-Infinity
194262696595474,1378670089930680422,65.57695933387885
194262703615160,1378670089931779055,-Infinity
194262708620501,1378670089984177736,-Infinity
194262715273942,1378670089985245852,66.08221049026672
194262722446229,1378670089985245852,-Infinity
194262729587996,1378670089985245852,-Infinity
194262736516121,1378670089985245852,65.69480688585088
194262748266464,1378670089985245852,-Infinity
194262751043818,1378670089994614748,-Infinity
194262757910902,1378670089995713381,64.78432276370913
194262765357872,1378670090047379641,-Infinity
194262772133395,1378670090048447756,-Infinity
194262779946610,1378670090048447756,-Infinity
194262787118898,1378670090048447756,-Infinity
194262795939285,1378670090048447756,65.66775289265115
194262852554576,1378670090048447756,-Infinity
194262860276230,1378670090057816652,-Infinity
194262882739224,1378670090058945803,70.96482397173655
194262909383509,1378670090111344484,-Infinity
194262923789125,1378670090112382082,-Infinity
194262938805148,1378670090112382082,71.91238450423663
194262976253645,1378670090112382082,72.16179541589518
194262997648426,1378670090112382082,75.29235152786715
194263023560222,1378670090112382082,-Infinity
194263035493688,1378670090121750979,72.45606497095046
194263058536568,1378670090122880129,70.13638321527596
194263066380304,1378670090174515871,-Infinity
194263072209695,1378670090175583986,-Infinity
194263078161168,1378670090175583986,67.92220654384332
194263087500402,1378670090175583986,-Infinity
194263095832465,1378670090238480715,70.87107182765666
194263104286608,1378670090239518313,-Infinity
194263113320638,1378670090239518313,73.66387048088183
194263122018944,1378670090239518313,-Infinity
194263130961413,1378670090239518313,71.50472174743463
194263144665060,1378670090239518313,-Infinity
194263147656056,1378670090248887209,-Infinity
194263154248457,1378670090250016359,-Infinity
194263158612870,1378670090301652102,74.08338290439453
194263165022148,1378670090302720217,-Infinity
194263170851539,1378670090302720217,-Infinity
194263177474460,1378670090302720217,67.58480534596144
194263184097381,1378670090428757815,-Infinity
194263189743649,1378670090429825930,-Infinity
194263195634081,1378670090429825930,67.97776418902669
194263201890757,1378670090429825930,-Infinity
194263207628587,1378670090429825930,-Infinity
194263217364587,1378670090429825930,-Infinity
194263220050381,1378670090439194826,-Infinity
194263225757690,1378670090440293459,-Infinity
194263230335746,1378670090492753176,-Infinity
194263236958667,1378670090493805415,69.77253092782883
194263243398465,1378670090493805415,-Infinity
194263249227856,1378670090493805415,-Infinity
194263255057247,1378670090555908687,66.59627536270862
194263261466525,1378670090556976802,-Infinity
194263267234876,1378670090556976802,-Infinity
194263272972706,1378670090556976802,-Infinity
194263278924178,1378670090556976802,66.26540392343576
194263289850471,1378670090556976802,-Infinity
194263292170020,1378670090566345698,-Infinity
194263298029931,1378670090567444331,68.46895296288355
194263303737241,1378670090619843013,-Infinity
194263309719233,1378670090620880610,-Infinity
194263315609665,1378670090620880610,64.2534630952666
194263321713740,1378670090620880610,-Infinity
194263327573651,1378670090620880610,-Infinity
194263337126528,1378670090620880610,-Infinity
194263339751280,1378670090630249507,-Infinity
194263346068996,1378670090631378657,-Infinity
194263363587690,1378670090683044917,62.300984105573555
194263369783326,1378670090684113032,-Infinity
194263375917921,1378670090684113032,62.89259539085508
194263382235639,1378670090684113032,-Infinity
194263388003990,1378670090684113032,-Infinity
194263397862070,1378670090684113032,-Infinity
194263400547862,1378670090693481929,-Infinity
194263406255172,1378670090694580562,-Infinity
