#SysTm EventTmStmp Snd
10895369600785,1375110571644491697,-Infinity
10895370668999,1375110571645376707,-Infinity
10895371645650,1375110571645376707,-Infinity
10895372469700,1375110571645376707,-Infinity
10895373476873,1375110571645376707,-Infinity
10895374606126,1375110571645376707,-Infinity
10895375582778,1375110571654593016,-Infinity
10895376467869,1375110571655508543,-Infinity
10895377139317,1375110571708090330,-Infinity
10895377871806,1375110571709249998,-Infinity
10895378787417,1375110571709249998,-Infinity
10895379519906,1375110571709249998,-Infinity
10895381106966,1375110571709249998,-Infinity
10895382266740,1375110571709249998,-Infinity
10895382968708,1375110571718496824,-Infinity
10895383701197,1375110571719381834,-Infinity
10895384311605,1375110571771658445,-Infinity
10895385257736,1375110571772543455,-Infinity
10895386264909,1375110571772543455,-Infinity
10895386997398,1375110571772543455,-Infinity
10895387729886,1375110571772543455,-Infinity
10895388981222,1375110571772543455,-Infinity
10895389561109,1375110571781759764,-Infinity
10895390476720,1375110571782675291,-Infinity
10895391209209,1375110571835196043,-Infinity
10895391911177,1375110571836355711,-Infinity
10895392918350,1375110571836355711,-Infinity
10895393956042,1375110571836355711,-Infinity
10895394932694,1375110571836355711,-Infinity
10895396336631,1375110571836355711,-Infinity
10895396855478,1375110571845602537,-Infinity
10895413428040,1375110571846487547,47.98482795598596
10895433693567,1375110571898764158,47.338588393970475
10895434792300,1375110571899649168,-Infinity
10895435860513,1375110571899649168,-Infinity
10895436684563,1375110571899649168,-Infinity
10895437630695,1375110571899649168,48.32410253862522
10895440896375,1375110571899649168,-Infinity
10895441415222,1375110571908865477,-Infinity
10895442971761,1375110571909750486,-Infinity
10895491102388,1375110571962332274,48.32410253862522
10895493849222,1375110571963491941,-Infinity
10895495588883,1375110571963491941,-Infinity
10895497175942,1375110571963491941,-Infinity
10895498854563,1375110571963491941,47.18820671779627
10895501509835,1375110571963491941,-Infinity
10895502181283,1375110571972738768,-Infinity
10895503310537,1375110571973623777,-Infinity
10895553699671,1375110572025900389,49.5334995627981
10895556568586,1375110572026785399,-Infinity
10895557942003,1375110572026785399,-Infinity
10895559590103,1375110572026785399,-Infinity
10895561665488,1375110572026785399,45.521033565433285
10895563740873,1375110572026785399,-Infinity
10895564564924,1375110572036001707,-Infinity
10895565938340,1375110572036886717,-Infinity
10895617578812,1375110572089499022,51.83419504980778
10895619532115,1375110572090658690,47.810087155296245
10895621088654,1375110572090658690,-Infinity
10895624140692,1375110572090658690,-Infinity
10895625361506,1375110572090658690,-Infinity
10895627040127,1375110572090658690,-Infinity
10895628657707,1375110572099905516,-Infinity
10895632381192,1375110572102102781,-Infinity
10895682892408,1375110572153036619,49.50450345975411
10895684143743,1375110572153921629,-Infinity
10895685089874,1375110572153921629,-Infinity
10895685822363,1375110572153921629,-Infinity
10895686585373,1375110572153921629,-Infinity
10895687684106,1375110572153921629,-Infinity
10895688904921,1375110572163137938,-Infinity
10895692689447,1375110572164053465,-Infinity
10895744818244,1375110572216909910,50.012173459637694
10895746374783,1375110572218069578,-Infinity
10895747504037,1375110572218069578,-Infinity
10895748907974,1375110572218069578,-Infinity
10895750495033,1375110572218069578,-Infinity
10895751624287,1375110572218069578,-Infinity
10895752936663,1375110572227316404,-Infinity
10895753882795,1375110572228201414,-Infinity
10895807812292,1375110572280172850,47.70352968597958
10895809307790,1375110572281057859,-Infinity
10895811077972,1375110572281057859,-Infinity
10895812207226,1375110572281057859,-Infinity
10895813122837,1375110572281057859,-Infinity
10895814557294,1375110572281057859,-Infinity
10895816022272,1375110572290274168,-Infinity
10895817090485,1375110572291159178,-Infinity
10895871264145,1375110572343771483,51.37822025712058
10895873583694,1375110572344931150,-Infinity
10895875353875,1375110572344931150,-Infinity
10895876544170,1375110572344931150,-Infinity
10895878131229,1375110572344931150,49.328463821251134
10895881091705,1375110572344931150,-Infinity
10895881702112,1375110572354177977,-Infinity
10895882892407,1375110572355062986,-Infinity
10895935112764,1375110572407339598,51.51754396394278
10895936882946,1375110572408224608,-Infinity
10895938561566,1375110572408208578,-Infinity
10895941094757,1375110572408208578,53.18873982539475
10895943414306,1375110572408208578,-Infinity
10895946100098,1375110572408208578,-Infinity
10895947168311,1375110572417455404,-Infinity
10895948297565,1375110572418340413,-Infinity
10895998686700,1375110572470861165,52.49678952701704
10896001036769,1375110572472020833,-Infinity
10896002867991,1375110572472020833,-Infinity
10896004058286,1375110572472020833,-Infinity
10896005523263,1375110572472020833,-Infinity
10896008117495,1375110572472020833,-Infinity
10896009490912,1375110572481267660,-Infinity
10896015808629,1375110572482152669,-Infinity
10896066075682,1375110572534459798,53.26442069471688
10896068822516,1375110572535344808,-Infinity
10896070714780,1375110572535344808,-Infinity
10896072179758,1375110572535344808,-Infinity
10896073309012,1375110572535344808,-Infinity
10896075048673,1375110572535344808,-Infinity
10896075659080,1375110572544561117,-Infinity
10896076788334,1375110572545476644,-Infinity
10896125804051,1375110572597997396,52.47618613705933
10896127299550,1375110572599157064,-Infinity
10896128825568,1375110572599157064,-Infinity
10896129954822,1375110572599157064,-Infinity
10896131541881,1375110572599157064,-Infinity
10896133281542,1375110572599157064,-Infinity
10896134227674,1375110572608403890,-Infinity
10896136303059,1375110572610387533,-Infinity
10896188737058,1375110572661565511,52.65988023176386
10896191789096,1375110572662450521,-Infinity
10896193254074,1375110572662450521,-Infinity
10896194413848,1375110572662450521,-Infinity
10896196184030,1375110572662450521,-Infinity
10896198869823,1375110572662450521,-Infinity
10896199602312,1375110572671666829,51.9664462065757
10896201341974,1375110572672551839,-Infinity
10896252677240,1375110572725164144,47.63175799818198
10896254874706,1375110572726323812,-Infinity
10896256614367,1375110572726323812,-Infinity
10896257682581,1375110572726323812,-Infinity
10896258781314,1375110572726323812,50.33484803096285
10896262413238,1375110572726323812,-Infinity
10896263115207,1375110572735570638,-Infinity
10896264244460,1375110572736455648,-Infinity
10896316525858,1375110572788701742,49.790197801977826
10896318204478,1375110572789586751,-Infinity
10896321500678,1375110572789586751,-Infinity
10896322629932,1375110572789586751,-Infinity
10896324094910,1375110572789586751,-Infinity
10896325743010,1375110572789586751,-Infinity
10896326353417,1375110572798803060,-Infinity
10896327696314,1375110572799718587,-Infinity
10896381473211,1375110572852269857,52.309575275388916
10896382938189,1375110572853460042,-Infinity
10896384311606,1375110572853460042,-Infinity
10896385440859,1375110572853460042,-Infinity
10896386570113,1375110572853460042,-Infinity
10896388248734,1375110572853460042,-Infinity
10896388981223,1375110572862676351,-Infinity
10896392307943,1375110572863530843,-Infinity
10896472607042,1375110572915868490,51.58637648910492
10896474743468,1375110572916753499,-Infinity
10896475903242,1375110572916753499,-Infinity
10896477032496,1375110572916753499,-Infinity
10896477917587,1375110572916753499,49.50450345975411
10896481000144,1375110572916753499,-Infinity
10896481457950,1375110572926885335,-Infinity
10896482129398,1375110572925969808,-Infinity
10896507705470,1375110572979406087,49.81825703412238
10896508926284,1375110572980565755,-Infinity
10896509933457,1375110572980565755,-Infinity
10896515610247,1375110572980565755,-Infinity
10896518051877,1375110572980565755,51.87850292548208
10896521775362,1375110572980565755,-Infinity
10896522202647,1375110572989812581,-Infinity
10896523331901,1375110572990697591,-Infinity
10896570546916,1375110573042974203,50.722029156521046
10896571889813,1375110573043859212,-Infinity
10896572866465,1375110573043859212,-Infinity
10896573659994,1375110573043859212,-Infinity
10896574453524,1375110573043859212,-Infinity
10896575674339,1375110573043859212,-Infinity
10896578909498,1375110573053075521,-Infinity
10896581015404,1375110573053991048,48.32410253862522
10896635128025,1375110573106542318,52.957657682728964
10896636440401,1375110573107732503,-Infinity
10896637905379,1375110573107732503,-Infinity
10896639034633,1375110573107732503,-Infinity
10896641750946,1375110573107732503,-Infinity
10896644467259,1375110573107732503,-Infinity
10896645199748,1375110573116948812,-Infinity
10896646359522,1375110573117833822,-Infinity
10896698030512,1375110573170110433,49.239087477034474
10896699312368,1375110573170995443,48.357312234138924
10896701326712,1375110573170995443,-Infinity
10896702486486,1375110573170995443,-Infinity
10896703615740,1375110573170995443,-Infinity
10896705996329,1375110573170995443,-Infinity
10896707003501,1375110573180211751,-Infinity
10896708163276,1375110573181127279,-Infinity
10896764625966,1375110573233709066,49.790197801977826
10896766609790,1375110573234899251,-Infinity
10896767983207,1375110573234899251,-Infinity
10896769081940,1375110573234899251,-Infinity
10896770424836,1375110573234899251,-Infinity
10896772378140,1375110573234899251,-Infinity
10896773202190,1375110573244115560,-Infinity
10896774361964,1375110573245000570,-Infinity
10896825575148,1375110573297277181,50.43979583135427
10896827345330,1375110573298162191,-Infinity
10896829023950,1375110573298162191,-Infinity
10896830702571,1375110573298162191,-Infinity
10896831923386,1375110573298162191,-Infinity
10896834273454,1375110573298162191,-Infinity
10896835952075,1375110573309484212,-Infinity
10896837844338,1375110573309575765,-Infinity
10896876971455,1375110573349920003,50.82242709313482
10896896962299,1375110573370031087,48.58629074773634
10896898640920,1375110573372197835,-Infinity
10896899831214,1375110573372289388,48.290765358363245
10896917166787,1375110573390172689,-Infinity
10896937401793,1375110573410314290,48.71447499075085
10896952326255,1375110573418248861,47.48641025736111
10896954187998,1375110573418248861,-Infinity
10896955317252,1375110573418248861,-Infinity
10896956446505,1375110573418248861,-Infinity
10896958430330,1375110573418248861,-Infinity
10896959040737,1375110573430455892,-Infinity
10896961757050,1375110573435216634,-Infinity
10896963191508,1375110573437017171,-Infinity
10896977688684,1375110573450597494,-Infinity
10896997679528,1375110573470739095,48.99615346016599
10897016022271,1375110573481786458,51.35478076976353
10897018219738,1375110573481786458,-Infinity
10897019440553,1375110573481786458,50.36120412036931
10897022309468,1375110573481786458,-Infinity
10897024049129,1375110573481786458,-Infinity
10897024690057,1375110573491216390,-Infinity
10897026002433,1375110573499059408,-Infinity
10897027162207,1375110573499211995,-Infinity
10897038210582,1375110573511052816,-Infinity
10897057163734,1375110573530126302,-Infinity
10897094459628,1375110573551336019,47.07368648955524
10897096168769,1375110573545354574,-Infinity
10897097572706,1375110573545354574,-Infinity
10897099159766,1375110573545354574,-Infinity
10897103005332,1375110573545354574,50.995378110945865
10897104653433,1375110573545354574,-Infinity
10897105080718,1375110573562352865,-Infinity
10897105874247,1375110573562505453,-Infinity
10897106545696,1375110573571477620,-Infinity
10897118234998,1375110573591619222,-Infinity
10897138439485,1375110573611730306,48.618514624388844
10897142834419,1375110573609044759,49.239087477034474
10897143811071,1375110573609044759,-Infinity
10897144635121,1375110573609044759,-Infinity
10897145367610,1375110573609044759,-Infinity
10897146435823,1375110573609044759,-Infinity
10897152570418,1375110573626348226,-Infinity
10897153333427,1375110573626500814,-Infinity
10897158460849,1375110573631871908,-Infinity
10897178940019,1375110573652013509,50.54349049372438
10897199113985,1375110573672460286,47.4496900132489
10897206469394,1375110573672490804,48.053751530417024
10897208148015,1375110573672490804,-Infinity
10897209307789,1375110573672490804,-Infinity
10897210650685,1375110573672490804,-Infinity
10897212298785,1375110573672490804,-Infinity
10897215991750,1375110573689458578,-Infinity
10897217151525,1375110573689611165,-Infinity
10897222706233,1375110573692296712,50.012173459637694
10897239858683,1375110573712743490,49.5334995627981
10897259391721,1375110573732579915,49.762047615923365
10897269921250,1375110573736058919,-Infinity
10897271996635,1375110573736058919,-Infinity
10897273217450,1375110573736058919,-Infinity
10897274346704,1375110573736058919,-Infinity
10897275964283,1375110573736058919,-Infinity
10897280206615,1375110573752752035,48.809386588946154
10897281763154,1375110573754918783,-Infinity
10897283289173,1375110573755010335,-Infinity
10897300289020,1375110573772863119,49.90189483751762
10897319974660,1375110573793004720,43.62901016800935
10897334014031,1375110573799932210,-Infinity
10897335631610,1375110573799932210,-Infinity
10897336791385,1375110573799932210,-Infinity
10897337859598,1375110573799932210,-Infinity
10897339477177,1375110573799932210,-Infinity
10897340820074,1375110573813268392,-Infinity
10897342895459,1375110573816869466,-Infinity
10897344207835,1375110573817449300,-Infinity
10897360414155,1375110573833287923,43.27925854718486
10897382053098,1375110573853429525,41.43017476739614
10897397740569,1375110573863317220,-Infinity
10897399113986,1375110573863317220,-Infinity
10897400304281,1375110573863317220,41.64820274074461
10897402654349,1375110573863317220,-Infinity
10897404271929,1375110573863317220,-Infinity
10897404851816,1375110573873601644,-Infinity
10897407140844,1375110573880590169,-Infinity
10897408239577,1375110573880742757,-Infinity
10897421576980,1375110573893712728,41.790571909443486
10897441323661,1375110573913854329,42.598999378536085
10897462535319,1375110573932805745,40.333399037267675
10897464000297,1375110573926824300,-Infinity
10897465343193,1375110573926824300,-Infinity
10897466441927,1375110573926824300,-Infinity
10897467601701,1375110573926824300,-Infinity
10897469280321,1375110573926824300,-Infinity
10897470684258,1375110573943822591,-Infinity
10897472118716,1375110573943975179,-Infinity
10897481763153,1375110573953954427,38.7833966014293
10897501509834,1375110573974309652,37.2597433013321
10897523270861,1375110573994481771,38.68299866481552
10897524644278,1375110573988500326,-Infinity
10897526017695,1375110573988500326,-Infinity
10897527146948,1375110573988500326,-Infinity
10897528489845,1375110573988500326,-Infinity
10897530412628,1375110573988500326,-Infinity
10897532365932,1375110574005803792,-Infinity
10897533983512,1375110574005956380,-Infinity
10897542010370,1375110574014562337,41.790571909443486
10897561818091,1375110574034942622,40.580363304054764
10897581992057,1375110574055084224,38.58142645671139
10897587882489,1375110574054107661,-Infinity
10897589316946,1375110574054107661,-Infinity
10897590568281,1375110574054107661,-Infinity
10897591758576,1375110574054107661,-Infinity
10897593437196,1375110574054107661,-Infinity
10897597710048,1375110574071228023,-Infinity
10897598778261,1375110574071075435,-Infinity
10897605370662,1375110574075195308,40.580363304054764
10897623469242,1375110574095642085,37.72301712421784
10897665160070,1375110574133605952,42.13660672096932
10897668395230,1375110574133758540,-Infinity
10897736516701,1375110574196868892,42.20418935615868
10897739355096,1375110574197448726,-Infinity
10897743902631,1375110574217285152,36.64357538146858
10897763038905,1375110574236328120,37.94570432016519
10897783121310,1375110574256469722,40.89908989415835
10897788004570,1375110574262329097,-Infinity
10897789286425,1375110574263092036,-Infinity
10897803264756,1375110574276611324,44.60094170256416
10897823408201,1375110574296783443,39.268680651750245
10897842361353,1375110574308380122,41.71967906846076
10897843490607,1375110574308380122,-Infinity
10897844986105,1375110574308380122,-Infinity
10897845993277,1375110574308380122,-Infinity
10897847305653,1375110574308380122,-Infinity
10897847732938,1375110574317291255,-Infinity
10897854355860,1375110574325500484,-Infinity
10897855515634,1375110574325347896,-Infinity
10897862840524,1375110574335540767,41.5034606436086
10897883624897,1375110574356750484,35.111170367646984
10897906148931,1375110574377349849,41.930644700845
10897907461307,1375110574371368404,-Infinity
10897908956806,1375110574371368404,-Infinity
10897910299702,1375110574371368404,-Infinity
10897911459476,1375110574371368404,-Infinity
10897913382260,1375110574371368404,-Infinity
10897915121921,1375110574388671870,-Infinity
10897916434297,1375110574388824458,-Infinity
10897924369593,1375110574397491451,46.09872077638911
10897944360437,1375110574417633052,42.534431610515945
10897964412321,1375110574437744136,43.27925854718486
10897969539744,1375110574435516353,-Infinity
10897971065764,1375110574435516353,-Infinity
10897972195017,1375110574435516353,-Infinity
10897973354791,1375110574435516353,-Infinity
10897975399656,1375110574435516353,-Infinity
10897978940019,1375110574452484126,-Infinity
10897981992058,1375110574452636714,40.41650325798978
10897984677850,1375110574457885738,-Infinity
10898004729735,1375110574478027339,44.44632055941603
10898025361506,1375110574498474117,42.72671233893292
10898033327323,1375110574499084468,-Infinity
10898034731260,1375110574499084468,-Infinity
10898035860514,1375110574499084468,-Infinity
10898036959248,1375110574499084468,-Infinity
10898038607348,1375110574499084468,-Infinity
10898046603685,1375110574516510005,39.72827597484484
10898048129704,1375110574516357417,-Infinity
10898053959095,1375110574518371577,-Infinity
10898066564008,1375110574538757320,41.57613324170253
10898085761322,1375110574558593745,42.27125011251049
10898095863565,1375110574562652583,-Infinity
10898097328543,1375110574562652583,-Infinity
10898098457797,1375110574562652583,-Infinity
10898099709132,1375110574562652583,41.64820274074461
10898101906599,1375110574562652583,-Infinity
10898105660605,1375110574578735347,-Infinity
10898107217144,1375110574580902095,-Infinity
10898108468479,1375110574580993648,-Infinity
10898126017693,1375110574598876949,39.81734675354384
10898146313742,1375110574619018550,44.12856591389026
10898161360286,1375110574626220699,39.90551324476414
10898168166329,1375110574626220699,-Infinity
10898184067442,1375110574626220699,-Infinity
10898187150000,1375110574626220699,-Infinity
10898193406676,1375110574626220699,-Infinity
10898194810613,1375110574639190669,-Infinity
10898197343804,1375110574643646236,-Infinity
10898200731565,1375110574645751949,42.85257432158655
10898203417358,1375110574659301753,-Infinity
10898207751251,1375110574679443355,-Infinity
10898223438722,1375110574689788814,40.16476607281173
10898226918045,1375110574689788814,-Infinity
10898228932389,1375110574689788814,-Infinity
10898231526621,1375110574689788814,-Infinity
10898235036464,1375110574689788814,-Infinity
10898235982595,1375110574699584956,-Infinity
10898237935899,1375110574706756587,-Infinity
10898239736601,1375110574706909175,42.97663821431323
10898246939409,1375110574719726558,-Infinity
10898266777650,1375110574738159175,35.700163822608005
10898309445131,1375110574759399410,39.72827597484484
10898310757507,1375110574753417964,-Infinity
10898311978322,1375110574753417964,-Infinity
10898313748504,1375110574753417964,-Infinity
10898314633595,1375110574753417964,-Infinity
10898315915450,1375110574753417964,-Infinity
10898316342735,1375110574770690913,-Infinity
10898317227826,1375110574770843501,-Infinity
10898317868754,1375110574780151363,-Infinity
10898327146947,1375110574800323482,38.37464704990533
10898347381954,1375110574820465083,36.11709147511656
10898350800235,1375110574817731230,-Infinity
10898352356774,1375110574817731230,-Infinity
10898353150304,1375110574817731230,-Infinity
10898353913313,1375110574817731230,-Infinity
10898355164649,1375110574817731230,-Infinity
10898361940171,1375110574834729521,36.25173486665773
10898362886303,1375110574834882109,-Infinity
10898367464358,1375110574840588896,-Infinity
10898387485723,1375110574860761015,40.16476607281173
10898407629169,1375110574880841581,40.16476607281173
10898413855325,1375110574880475371,-Infinity
10898415717067,1375110574880475371,-Infinity
10898416632679,1375110574880475371,-Infinity
10898417609331,1375110574880475371,-Infinity
10898419715236,1375110574880475371,-Infinity
10898423988088,1375110574897748320,-Infinity
10898424995261,1375110574897900908,-Infinity
10898427925216,1375110574901013701,-Infinity
10898448526467,1375110574921429960,40.41650325798978
10898469371882,1375110574941571562,37.37789920281519
10898477703945,1375110574944043486,-Infinity
10898479870891,1375110574944043486,42.72671233893292
10898482007317,1375110574944043486,-Infinity
10898482831367,1375110574944043486,-Infinity
10898483930101,1375110574944043486,-Infinity
10898487256821,1375110574961011259,-Infinity
10898488172432,1375110574961163847,-Infinity
10898489454288,1375110574962598173,-Infinity
10898508254837,1375110574981549589,40.41650325798978
10898528245681,1375110575001691191,42.72671233893292
10898541369441,1375110575007611601,46.09872077638911
10898543139622,1375110575007611601,-Infinity
10898544085754,1375110575007611601,-Infinity
10898544879284,1375110575007611601,-Infinity
10898546008537,1375110575007611601,-Infinity
10898548480687,1375110575021863310,-Infinity
10898551197001,1375110575025067656,-Infinity
10898551990530,1375110575025159208,-Infinity
10898568502051,1375110575041974394,47.91535298710124
10898588767578,1375110575062146513,44.75285796350656
10898605858988,1375110575071454374,44.54970659941879
10898607873332,1375110575071454374,-Infinity
10898612329307,1375110575071454374,-Infinity
10898615015099,1375110575071454374,-Infinity
10898617639851,1375110575071454374,-Infinity
10898618402861,1375110575082257597,-Infinity
10898619776277,1375110575088422148,41.930644700845
10898621790622,1375110575089001982,-Infinity
10898629603837,1375110575102399199,-Infinity
10898649655721,1375110575122540800,40.8204981831734
10898672668082,1375110575140759794,43.68595676415489
10898674835028,1375110575134778349,42.72671233893292
10898683228132,1375110575134778349,-Infinity
10898685456119,1375110575134778349,-Infinity
10898687836708,1375110575134778349,-Infinity
10898693086212,1375110575134778349,-Infinity
10898694337547,1375110575152081816,-Infinity
10898696535014,1375110575152234404,-Infinity
10898698396756,1375110575161938994,-Infinity
10898712588729,1375110575182996122,39.72827597484484
10898734075071,1375110575203137724,39.81734675354384
10898736699823,1375110575197156279,-Infinity
10898739385616,1375110575197156279,-Infinity
10898743627948,1375110575197156279,40.333399037267675
10898748480687,1375110575197156279,-Infinity
10898753058743,1375110575197156279,-Infinity
10898754035395,1375110575214307158,-Infinity
10898755591934,1375110575214154570,-Infinity
10898757362115,1375110575223279326,-Infinity
10898771309926,1375110575244244902,39.455447522970076
10898791514413,1375110575263532011,42.068494020482774
10898797435365,1375110575261884062,-Infinity
10898799754914,1375110575261884062,40.661148303293274
10898803264756,1375110575261884062,-Infinity
10898806103151,1375110575261884062,-Infinity
10898811352655,1375110575261884062,-Infinity
10898817212566,1375110575279309599,-Infinity
10898819196391,1375110575279157011,37.72301712421784
10898821607500,1375110575283704130,-Infinity
10898833876690,1375110575304120390,-Infinity
10898853898054,1375110575324261992,39.72827597484484
10898861955432,1375110575325482695,38.68299866481552
10898873675255,1375110575325482695,39.36256615851721
10898883502814,1375110575325482695,-Infinity
10898885608720,1375110575325482695,-Infinity
10898888447115,1375110575325482695,-Infinity
10898890644581,1375110575342603056,-Infinity
10898891377070,1375110575342450468,-Infinity
10898893391415,1375110575344098417,-Infinity
10898894245985,1375110575364270537,-Infinity
10898967372797,1375110575384412138,45.521033565433285
10898971004722,1375110575389050810,-Infinity
10898974087279,1375110575389050810,-Infinity
10898976376307,1375110575389050810,-Infinity
10898979062100,1375110575389050810,39.547345997399404
10898983548595,1375110575389050810,-Infinity
10898986234387,1375110575404523222,-Infinity
10898988950700,1375110575406445830,-Infinity
10898990934526,1375110575406293242,-Infinity
10898993589798,1375110575424695341,-Infinity
10898996489233,1375110575444836943,-Infinity
10899000975728,1375110575452893583,43.39741444866795
10899004394010,1375110575452893583,-Infinity
10899006652517,1375110575452893583,-Infinity
10899009094147,1375110575452893583,-Infinity
10899014954058,1375110575452893583,-Infinity
10899016113832,1375110575464978544,-Infinity
10899018860666,1375110575469861357,-Infinity
10899021332816,1375110575470868437,-Infinity
10899023316640,1375110575485120146,-Infinity
10899031801304,1375110575505261747,-Infinity
10899050388210,1375110575516187040,42.97663821431323
10899053714931,1375110575516187040,-Infinity
10899056248122,1375110575516187040,-Infinity
10899058476109,1375110575516187040,43.27925854718486
10899064976948,1375110575516187040,-Infinity
10899066228283,1375110575525372831,-Infinity
10899068364709,1375110575533612578,-Infinity
10899070348533,1375110575533459990,-Infinity
10899072942765,1375110575545544951,-Infinity
10899091773837,1375110575564526884,37.94570432016519
10899114786197,1375110575585706083,44.23578116202139
10899117899275,1375110575579724638,-Infinity
10899121775362,1375110575579724638,-Infinity
10899125865092,1375110575579724638,-Infinity
10899129954822,1375110575579724638,-Infinity
10899140972676,1375110575579724638,39.90551324476414
10899148053402,1375110575596722929,-Infinity
10899151288562,1375110575596875517,-Infinity
10899154065916,1375110575605939238,-Infinity
10899157392636,1375110575626111357,-Infinity
10899173171669,1375110575646252958,-Infinity
10899178756897,1375110575643323271,40.74118872973638
10899187913008,1375110575643323271,-Infinity
10899190904005,1375110575643323271,-Infinity
10899198961383,1375110575643323271,43.910080810667026
10899207446046,1375110575643323271,-Infinity
10899207903852,1375110575660748808,-Infinity
10899208880504,1375110575660596220,-Infinity
10899211413696,1375110575666394560,-Infinity
10899213733244,1375110575686536162,-Infinity
10899232747436,1375110575706677763,44.182338994636424
10899239889203,1375110575706860869,41.99984287409013
10899241201579,1375110575706860869,-Infinity
10899241934068,1375110575706860869,-Infinity
10899242697077,1375110575706860869,-Infinity
10899243826331,1375110575706860869,-Infinity
10899250021966,1375110575723828642,-Infinity
10899250937577,1375110575723981230,-Infinity
10899253043483,1375110575726819365,-Infinity
10899273217449,1375110575747266142,45.193284299407686
10899277246138,1375110575751416533,-Infinity
10899293330374,1375110575767407744,43.85458972861083
10899303859902,1375110575770459501,44.65187630484291
10899304867075,1375110575770459501,-Infinity
10899305630084,1375110575770459501,-Infinity
10899306362573,1375110575770459501,-Infinity
10899307430786,1375110575770459501,-Infinity
10899313290698,1375110575787213652,-Infinity
10899314755676,1375110575788647978,-Infinity
10899315549206,1375110575788739531,-Infinity
10899333342584,1375110575807385771,44.02001044047097
10899353608111,1375110575827557890,43.96521956601795
10899367311758,1375110575834027617,42.72671233893292
10899368318930,1375110575834027617,-Infinity
10899369081939,1375110575834027617,-Infinity
10899369814428,1375110575834027617,-Infinity
10899371157324,1375110575834027617,-Infinity
10899373598954,1375110575847638456,-Infinity
10899377200358,1375110575850995390,-Infinity
10899377993888,1375110575851147978,-Infinity
10899393772920,1375110575867810576,43.098954670081696
10899414099488,1375110575887952177,43.7425323700706
10899431618181,1375110575897717802,44.60094170256416
10899432625354,1375110575897717802,-Infinity
10899433418883,1375110575897717802,-Infinity
10899434395535,1375110575897717802,-Infinity
10899435799472,1375110575897717802,-Infinity
10899436226757,1375110575908063261,-Infinity
10899441903548,1375110575914990751,46.14160641807892
10899442727598,1375110575915143339,-Infinity
10899454813665,1375110575928235380,-Infinity
10899475689599,1375110575948376982,41.86089071302681
10899497572706,1375110575967175810,38.269381218100335
10899505904768,1375110575961194365,42.85257432158655
10899515121920,1375110575961194365,-Infinity
10899518387600,1375110575961194365,42.27125011251049
10899524400113,1375110575961194365,-Infinity
10899528306721,1375110575961194365,-Infinity
10899529710658,1375110575978558867,-Infinity
10899532701655,1375110575978436796,-Infinity
10899535631611,1375110575988293974,-Infinity
10899538408965,1375110576008801787,-Infinity
10899596031427,1375110576028973906,46.26900711063467
10899605004416,1375110576022992460,-Infinity
10899606591476,1375110576022992460,-Infinity
10899607476566,1375110576022992460,-Infinity
10899609643513,1375110576022992460,-Infinity
10899616419035,1375110576022992460,-Infinity
10899617700891,1375110576040387480,-Infinity
10899618616502,1375110576040540068,-Infinity
10899619348991,1375110576049054472,-Infinity
10899620325644,1375110576069226591,41.99984287409013
10899621760101,1375110576089368193,-Infinity
10899622645192,1375110576088300078,-Infinity
10899623652365,1375110576088300078,-Infinity
10899624476415,1375110576088300078,-Infinity
10899626643361,1375110576088300078,-Infinity
10899627864176,1375110576088300078,-Infinity
10899631557142,1375110576105267851,-Infinity
10899632503273,1375110576105420439,-Infinity
10899635891035,1375110576109509794,-Infinity
10899656370204,1375110576129956572,46.31106203443655
10899676086365,1375110576150098173,42.40383779927374
10899685303517,1375110576151868193,45.24086975980392
10899686402250,1375110576151868193,-Infinity
10899687195780,1375110576151868193,-Infinity
10899687928269,1375110576151868193,-Infinity
10899689240645,1375110576151868193,-Infinity
10899695405760,1375110576169141142,-Infinity
10899696290851,1375110576169293730,-Infinity
10899697145421,1375110576170728056,-Infinity
10899716098572,1375110576190076201,48.357312234138924
10899736211497,1375110576210217802,48.6506193736839
10899748663809,1375110576215405790,46.59987854990752
10899749670981,1375110576215405790,-Infinity
10899750800236,1375110576215405790,-Infinity
10899751563245,1375110576215405790,-Infinity
10899752814581,1375110576215405790,-Infinity
10899756873790,1375110576230359404,-Infinity
10899758888135,1375110576232739775,-Infinity
10899759803746,1375110576232831328,49.41692969452072
10899777108797,1375110576250501005,-Infinity
10899796794437,1375110576270642607,47.77471307463941
10899813702723,1375110576279309599,45.288195897603
10899815015099,1375110576279309599,-Infinity
10899815839149,1375110576279309599,-Infinity
10899816632678,1375110576279309599,-Infinity
10899817884014,1375110576279309599,-Infinity
10899818372340,1375110576290753691,-Infinity
10899823041957,1375110576296552031,45.96877833021704
10899824262771,1375110576296704619,-Infinity
10899837172889,1375110576310925810,-Infinity
10899857865702,1375110576331067412,45.14543665884348
10899877856546,1375110576342542021,44.70251391066829
10899884571027,1375110576342542021,-Infinity
10899888019829,1375110576342542021,-Infinity
10899891010826,1375110576342542021,-Infinity
10899895375239,1375110576342542021,-Infinity
10899903615739,1375110576351453154,45.96877833021704
10899904531351,1375110576359509794,-Infinity
10899905385921,1375110576359662382,-Infinity
10899906118410,1375110576369702665,-Infinity
10899917838233,1375110576390881865,-Infinity
10899939812902,1375110576411603300,48.12213239390731
10899942010369,1375110576405621855,-Infinity
10899943048062,1375110576405621855,-Infinity
10899943811071,1375110576405621855,-Infinity
10899944635121,1375110576405621855,-Infinity
10899945886457,1375110576405621855,-Infinity
10899949670983,1375110576422894804,-Infinity
10899950617114,1375110576423047392,-Infinity
10899968685174,1375110576432044202,42.97663821431323
10899978329612,1375110576452155286,-Infinity
10899998442537,1375110576472296887,41.64820274074461
10900003112154,1375110576469916516,45.000291361633394
10900004638173,1375110576469916516,-Infinity
10900006255752,1375110576469916516,-Infinity
10900007415526,1375110576469916516,-Infinity
10900008575301,1375110576469916516,-Infinity
10900013122836,1375110576486884290,-Infinity
10900015076140,1375110576487036878,-Infinity
10900018341820,1375110576492438489,-Infinity
10900039645039,1375110576512580091,43.57168768402019
10900059208598,1375110576533026868,47.07368648955524
10900066960773,1375110576533484632,41.206531726993056
10900068608873,1375110576533484632,-Infinity
10900069616045,1375110576533484632,-Infinity
10900070714779,1375110576533484632,-Infinity
10900072088196,1375110576533484632,-Infinity
10900076849374,1375110576550757581,-Infinity
10900077795505,1375110576550910169,-Infinity
10900078863718,1375110576552832776,-Infinity
10900100380580,1375110576573310071,42.337796988286165
10900120920791,1375110576593146497,42.469380184296604
10900130198984,1375110576597052747,-Infinity
10900132274369,1375110576597052747,-Infinity
10900133647786,1375110576597052747,-Infinity
10900134593917,1375110576597052747,-Infinity
10900136028375,1375110576597052747,-Infinity
10900160994040,1375110576613318616,44.02001044047097
10900162184335,1375110576614752942,-Infinity
10900163283068,1375110576614844495,-Infinity
10900164351281,1375110576633429700,-Infinity
10900179458865,1375110576653571302,-Infinity
10900194474888,1375110576660926038,45.000291361633394
10900195726223,1375110576660926038,-Infinity
10900196489233,1375110576660926038,-Infinity
10900197252242,1375110576660926038,-Infinity
10900198381496,1375110576660926038,-Infinity
10900199510750,1375110576673682386,44.288896463953094
10900204149846,1375110576678198987,-Infinity
10900206347313,1375110576679572278,-Infinity
10900219898358,1375110576693854505,40.49881974912781
10900240102845,1375110576713996106,40.580363304054764
10900257896223,1375110576724280530,-Infinity
10900260246292,1375110576724280530,42.97663821431323
10900263206768,1375110576724280530,-Infinity
10900265984122,1375110576724280530,-Infinity
10900269219281,1375110576724280530,-Infinity
10900270104372,1375110576734137708,-Infinity
10900271294666,1375110576741248303,-Infinity
10900272332359,1375110576741400891,-Infinity
10900280755982,1375110576754279309,42.469380184296604
10900299373409,1375110576772528821,-Infinity
10900321683800,1375110576793738538,49.178988103655634
10900322629932,1375110576787757093,-Infinity
10900323667625,1375110576787757093,-Infinity
10900324522195,1375110576787757093,-Infinity
10900325529367,1375110576787757093,-Infinity
10900326872264,1375110576787757093,-Infinity
10900332121768,1375110576805182630,-Infinity
10900333006858,1375110576805030042,-Infinity
10900342162970,1375110576814673596,45.193284299407686
10900362062253,1375110576834876233,47.0351750082885
10900381320608,1375110576854956800,47.84531773016047
10900384525247,1375110576851355725,-Infinity
10900385685021,1375110576851355725,-Infinity
10900386509071,1375110576851355725,-Infinity
10900387333122,1375110576851355725,-Infinity
10900389652670,1375110576851355725,-Infinity
10900394535929,1375110576868323499,-Infinity
10900396184029,1375110576868445569,-Infinity
10900401616656,1375110576875128919,45.6124483547254
10900421271775,1375110576895270520,44.95136545873929
10900441354180,1375110576915412122,45.000291361633394
10900448221264,1375110576914923841,-Infinity
10900449655721,1375110576914923841,-Infinity
10900453226605,1375110576914923841,-Infinity
10900454020134,1375110576914923841,-Infinity
10900455057827,1375110576914923841,-Infinity
10900458292986,1375110576932196790,-Infinity
10900459086516,1375110576932349378,-Infinity
10900468578353,1375110576935523206,41.71967906846076
10900481915755,1375110576956000501,49.5334995627981
10900502120241,1375110576976142102,45.000291361633394
10900511734159,1375110576978491956,-Infinity
10900513199136,1375110576978491956,-Infinity
10900514236829,1375110576978491956,-Infinity
10900515182961,1375110576978491956,-Infinity
10900516892101,1375110576978491956,-Infinity
10900521927963,1375110576995520764,41.86089071302681
10900523179298,1375110576995673352,-Infinity
10900523972828,1375110576997107678,-Infinity
10900542132449,1375110577016120130,43.85458972861083
10900562397978,1375110577036261731,43.4558949713023
10900576162666,1375110577042060071,-Infinity
10900577414001,1375110577042060071,-Infinity
10900578360133,1375110577042060071,-Infinity
10900579397825,1375110577042060071,43.68595676415489
10900581229048,1375110577042060071,-Infinity
10900582388822,1375110577056372815,-Infinity
10900585685022,1375110577059333020,-Infinity
10900586661674,1375110577059485608,-Infinity
10900602623828,1375110577076544934,42.97663821431323
10900622858835,1375110577096656018,42.469380184296604
10900639583999,1375110577105719739,40.333399037267675
10900643917892,1375110577105719739,-Infinity
10900645199747,1375110577105719739,-Infinity
10900646695245,1375110577105719739,-Infinity
10900648770631,1375110577105719739,-Infinity
10900649899884,1375110577116797620,-Infinity
10900651609025,1375110577122687512,-Infinity
10900652738279,1375110577122840100,-Infinity
10900669127719,1375110577136969739,43.038011789850295
10900683319693,1375110577157111341,44.182338994636424
10900755866617,1375110577169196302,42.97663821431323
10900757209513,1375110577169196302,-Infinity
10900758277726,1375110577169196302,-Infinity
10900759162817,1375110577169196302,-Infinity
10900760597274,1375110577169196302,-Infinity
10900762214854,1375110577178351575,-Infinity
10900762977863,1375110577186469251,-Infinity
10900763740873,1375110577186621839,-Infinity
10900766029901,1375110577196356946,-Infinity
10900766853951,1375110577217505628,-Infinity
10900767616960,1375110577237708264,-Infinity
10900768410490,1375110577231726819,-Infinity
10900769631305,1375110577231726819,-Infinity
10900770577437,1375110577231726819,-Infinity
10900771432008,1375110577231726819,-Infinity
10900772500221,1375110577231726819,-Infinity
10900774789248,1375110577248708275,-Infinity
10900775582778,1375110577248860863,-Infinity
10900783853799,1375110577257771996,40.661148303293274
10900805095978,1375110577278676537,44.02001044047097
10900824171210,1375110577298085717,41.054171243702484
10900830611009,1375110577296315697,-Infinity
10900832075987,1375110577296315697,-Infinity
10900833174720,1375110577296315697,-Infinity
10900834242933,1375110577296315697,-Infinity
10900835891033,1375110577296315697,-Infinity
10900839950243,1375110577313588646,40.16476607281173
10900842239270,1375110577313741234,-Infinity
10900844467258,1375110577318227318,-Infinity
10900864763306,1375110577338368920,40.8204981831734
10900885028834,1375110577358815697,38.980776115780635
10900893635579,1375110577359883812,-Infinity
10900895070036,1375110577359883812,-Infinity
10900896138249,1375110577359883812,-Infinity
10900897236983,1375110577359883812,-Infinity
10900898885083,1375110577359883812,-Infinity
10900903280016,1375110577376851586,40.41650325798978
10900904622913,1375110577377004174,-Infinity
10900905691126,1375110577378713158,-Infinity
10900925254684,1375110577398793724,43.96521956601795
10900945428650,1375110577418935326,42.068494020482774
10900957972523,1375110577423421410,-Infinity
10900959406980,1375110577423421410,-Infinity
10900960688836,1375110577423421410,41.57613324170253
10900963313588,1375110577423421410,-Infinity
10900964992208,1375110577423421410,-Infinity
10900966213023,1375110577439107445,-Infinity
10900967830603,1375110577441487816,-Infinity
10900968959857,1375110577441579369,-Infinity
10900985562939,1375110577459218529,38.980776115780635
10901005492743,1375110577479360131,33.61876692060696
10901021515938,1375110577487294701,37.49446907109258
10901023255599,1375110577487294701,-Infinity
10901024354333,1375110577487294701,-Infinity
10901026063474,1375110577487294701,-Infinity
10901027742094,1375110577487294701,-Infinity
10901028657705,1375110577499471215,-Infinity
10901030366846,1375110577504262474,-Infinity
10901031740263,1375110577505361107,-Infinity
10901046206919,1375110577519643334,42.27125011251049
10901066441926,1375110577539784935,37.2597433013321
10901084387906,1375110577550588158,40.333399037267675
10901087195780,1375110577550588158,-Infinity
10901088691278,1375110577550588158,-Infinity
10901090125735,1375110577550588158,-Infinity
10901091865397,1375110577550588158,-Infinity
10901092628406,1375110577559957054,-Infinity
10901094154425,1375110577567861107,-Infinity
10901095772004,1375110577568013695,-Infinity
10901106240492,1375110577580068138,38.68299866481552
10901125681969,1375110577598897484,47.18820671779627
10901148022881,1375110577620107201,43.62901016800935
10901149793063,1375110577614125756,-Infinity
10901152112611,1375110577614125756,-Infinity
10901153180824,1375110577614125756,-Infinity
10901154279557,1375110577614125756,-Infinity
10901156080259,1375110577614125756,-Infinity
10901157453676,1375110577631124047,-Infinity
10901158643970,1375110577631276635,-Infinity
10901167250715,1375110577640523461,38.68299866481552
10901187302602,1375110577660604027,40.8204981831734
10901206805119,1375110577680745629,35.262205910086145
10901211200053,1375110577677724388,-Infinity
10901213183877,1375110577677724388,-Infinity
10901214252090,1375110577677724388,-Infinity
10901215350824,1375110577677724388,-Infinity
10901217029444,1375110577677724388,-Infinity
10901221576979,1375110577694997338,38.269381218100335
10901222797794,1375110577695149926,-Infinity
10901227650533,1375110577700917748,-Infinity
10901247427734,1375110577721059349,36.89531256664663
10901267723782,1375110577741200951,31.81555923690531
10901274438264,1375110577741261986,-Infinity
10901276391567,1375110577741261986,-Infinity
10901277490301,1375110577741261986,-Infinity
10901278589034,1375110577741261986,-Infinity
10901280237134,1375110577741261986,-Infinity
10901284723629,1375110577758229760,-Infinity
10901286036005,1375110577758382347,-Infinity
10901287958788,1375110577761312035,-Infinity
10901307888592,1375110577781789330,42.97663821431323
10901354096435,1375110577801930931,43.910080810667026
10901356415984,1375110577804860619,-Infinity
10901357514717,1375110577804860619,-Infinity
10901358338767,1375110577804860619,-Infinity
10901359162817,1375110577804860619,41.99984287409013
10901361970691,1375110577804860619,-Infinity
10901362550578,1375110577821767357,-Infinity
10901363374629,1375110577823293236,-Infinity
10901364107117,1375110577823232201,-Infinity
10901367983205,1375110577841939476,-Infinity
10901388035089,1375110577862050560,42.40383779927374
10901403234235,1375110577868703392,37.49446907109258
10901404760254,1375110577868703392,-Infinity
10901405889508,1375110577868703392,-Infinity
10901407018761,1375110577868703392,-Infinity
10901408880504,1375110577868703392,-Infinity
10901409521432,1375110577882192162,-Infinity
10901412207225,1375110577885701683,-Infinity
10901413336478,1375110577885854271,-Infinity
10901428627185,1375110577902333763,42.27125011251049
10901448709589,1375110577922475365,31.81555923690531
10901474773987,1375110577947927025,40.89908989415835
10901476177924,1375110577948079613,-Infinity
10901537798557,1375110578011159447,43.57168768402019
10901539233015,1375110578011312035,-Infinity
10901593864480,1375110578065846947,41.99984287409013
10901595634662,1375110578065846947,-Infinity
10901596733395,1375110578065846947,-Infinity
10901597801608,1375110578065846947,-Infinity
10901599449709,1375110578065846947,-Infinity
10901600151677,1375110578066487816,-Infinity
10901602501746,1375110578075063256,42.469380184296604
10901603722561,1375110578076589135,-Infinity
10901657163733,1375110578129109886,40.74118872973638
10901658903394,1375110578129109886,-Infinity
10901662993124,1375110578129109886,40.2494918647819
10901665099030,1375110578129109886,-Infinity
10901667204935,1375110578129109886,-Infinity
10901667784822,1375110578129750756,-Infinity
10901668853035,1375110578138326195,-Infinity
10901669890728,1375110578139852074,-Infinity
10901721439637,1375110578193013695,45.6124483547254
10901723118258,1375110578193013695,-Infinity
10901724278032,1375110578193013695,-Infinity
10901725346245,1375110578193013695,-Infinity
10901726933304,1375110578193013695,-Infinity
10901727543712,1375110578193654564,-Infinity
10901728642445,1375110578202230004,-Infinity
10901729832740,1375110578203755883,-Infinity
10901783731716,1375110578256215599,45.38208140436997
10901785623979,1375110578256215599,-Infinity
10901786661672,1375110578256215599,-Infinity
10901787790926,1375110578256215599,-Infinity
10901789377985,1375110578256215599,-Infinity
10901789957872,1375110578256856468,-Infinity
10901791392331,1375110578265431908,-Infinity
10901792948870,1375110578266957787,-Infinity
10901847580337,1375110578320058373,41.64820274074461
10901849472600,1375110578320058373,-Infinity
10901850601853,1375110578320058373,-Infinity
10901851639546,1375110578320058373,-Infinity
10901853318166,1375110578320058373,-Infinity
10901853928574,1375110578320729760,-Infinity
10901855271470,1375110578329305199,-Infinity
10901856797489,1375110578330831078,-Infinity
10901911795199,1375110578383382347,45.33526552391078
10901913351738,1375110578384023217,-Infinity
10901914877757,1375110578383382347,-Infinity
10901916007010,1375110578383382347,-Infinity
10901917075223,1375110578383382347,-Infinity
10901918753844,1375110578383382347,-Infinity
10901919364251,1375110578392598656,-Infinity
10901920554547,1375110578394155052,44.8526788877422
10901974697687,1375110578446889427,44.23578116202139
10901976773072,1375110578446889427,-Infinity
10901977902326,1375110578446889427,-Infinity
10901979001059,1375110578446889427,-Infinity
10901980710200,1375110578446889427,40.41650325798978
10901981351128,1375110578447530297,-Infinity
10901982755065,1375110578456105736,-Infinity
10902038057981,1375110578457631615,44.34168887451655
10902039858683,1375110578510488060,43.4558949713023
10902043673729,1375110578511128929,-Infinity
10902044589340,1375110578510488060,-Infinity
10902045962757,1375110578510488060,-Infinity
10902047397215,1375110578510488060,-Infinity
10902048801152,1375110578510488060,-Infinity
10902050510293,1375110578519704369,-Infinity
10902052219433,1375110578521230248,-Infinity
10902102089721,1375110578574391869,44.54970659941879
10902103524179,1375110578574391869,-Infinity
10902104317708,1375110578574391869,-Infinity
10902105141758,1375110578574391869,-Infinity
10902106332053,1375110578574391869,-Infinity
10902106728818,1375110578575032738,-Infinity
10902109475651,1375110578583638695,-Infinity
10902111062711,1375110578585164574,-Infinity
10902165419493,1375110578637624291,51.30771114345577
10902166609788,1375110578637624291,-Infinity
10902167403317,1375110578637624291,-Infinity
10902168135806,1375110578637624291,-Infinity
10902169295580,1375110578637624291,-Infinity
10902169692345,1375110578638265160,-Infinity
10902172713862,1375110578646901635,-Infinity
10902174484043,1375110578648610619,-Infinity
10902229054471,1375110578701528099,43.910080810667026
10902231709743,1375110578701528099,-Infinity
10902233602006,1375110578701528099,-Infinity
10902235433228,1375110578701528099,-Infinity
10902238393704,1375110578701528099,-Infinity
10902239309316,1375110578702168968,44.394162295758086
10902241567823,1375110578710774926,-Infinity
10902243276964,1375110578712300804,-Infinity
10902292536844,1375110578764791039,44.95136545873929
10902295588881,1375110578764791039,-Infinity
10902297755828,1375110578764791039,-Infinity
10902299556530,1375110578764791039,45.6124483547254
10902302974811,1375110578764791039,-Infinity
10902304012504,1375110578765431908,-Infinity
10902306087889,1375110578774007347,-Infinity
10902308041193,1375110578775533226,-Infinity
10902357117952,1375110578828633812,42.068494020482774
10902358857613,1375110578829274681,-Infinity
10902359895306,1375110578828633812,43.79874178826962
10902361512886,1375110578828633812,-Infinity
10902362550578,1375110578828633812,-Infinity
10902364381801,1375110578828633812,-Infinity
10902364961688,1375110578837850121,-Infinity
10902366426666,1375110578839376000,-Infinity
10902419715235,1375110578892134765,43.27925854718486
10902422309468,1375110578892134765,-Infinity
10902423377681,1375110578892134765,-Infinity
10902424476414,1375110578892134765,-Infinity
10902426002433,1375110578892134765,-Infinity
10902426612840,1375110578892775634,-Infinity
10902427742094,1375110578901351073,-Infinity
10902428901868,1375110578902876952,-Infinity
10902483991139,1375110578956038573,44.8526788877422
10902485486638,1375110578956038573,-Infinity
10902486554851,1375110578956038573,-Infinity
10902487958788,1375110578956038573,-Infinity
10902489545847,1375110578956038573,-Infinity
10902490614060,1375110578956679442,-Infinity
10902491926436,1375110578965254882,-Infinity
10902493208292,1375110578966780761,-Infinity
10902547259873,1375110579019301513,47.810087155296245
10902549243698,1375110579019301513,-Infinity
10902550433992,1375110579019301513,-Infinity
10902551868450,1375110579019301513,-Infinity
10902553760713,1375110579019301513,-Infinity
10902554584763,1375110579019942382,-Infinity
10902555897139,1375110579028517821,-Infinity
10902556965352,1375110579030043700,-Infinity
10902611322134,1375110579083113769,44.60094170256416
10902612817632,1375110579083113769,-Infinity
10902613641682,1375110579083113769,-Infinity
10902614740416,1375110579083113769,-Infinity
10902615808629,1375110579083113769,-Infinity
10902616235914,1375110579083754638,-Infinity
10902618067136,1375110579092360595,-Infinity
10902619593155,1375110579093855956,-Infinity
10902673766815,1375110579146437743,46.39456580082337
10902675323354,1375110579146437743,-Infinity
10902676086364,1375110579146437743,-Infinity
10902676818852,1375110579146437743,-Infinity
10902677856545,1375110579146437743,-Infinity
10902678283830,1375110579147078612,-Infinity
10902681305347,1375110579155654052,45.33526552391078
10902683136569,1375110579157393554,-Infinity
10902736882945,1375110579210280517,45.428646260135366
10902738286883,1375110579210280517,-Infinity
10902739019371,1375110579210280517,-Infinity
10902739751860,1375110579210280517,46.26900711063467
10902740911635,1375110579210280517,-Infinity
10902741308399,1375110579210921386,-Infinity
10902745215007,1375110579219527343,-Infinity
10902746771546,1375110579221053222,-Infinity
10902801036767,1375110579273543456,47.77471307463941
10902802349143,1375110579273543456,-Infinity
10902803081632,1375110579273543456,-Infinity
10902803783601,1375110579273543456,-Infinity
10902804821293,1375110579273543456,-Infinity
10902805218058,1375110579274184325,-Infinity
10902808422697,1375110579282759765,-Infinity
10902810009758,1375110579284285644,-Infinity
10902865099031,1375110579337416747,46.43601850384254
10902866747131,1375110579337416747,-Infinity
10902867876385,1375110579337416747,-Infinity
10902868944598,1375110579337416747,-Infinity
10902870592698,1375110579337416747,-Infinity
10902871233626,1375110579338088134,-Infinity
10902872515481,1375110579346663573,-Infinity
10902874102541,1375110579348158935,-Infinity
10902928398282,1375110579400710204,46.51833499498057
10902930107423,1375110579401351073,-Infinity
10902931206157,1375110579400710204,-Infinity
10902932304890,1375110579400710204,-Infinity
10902933403623,1375110579400710204,-Infinity
10902934990683,1375110579400710204,-Infinity
10902935753692,1375110579409926513,-Infinity
10902937493353,1375110579411482909,-Infinity
10902992582625,1375110579464552978,47.810087155296245
10902994169684,1375110579465193847,-Infinity
10902995329458,1375110579464552978,-Infinity
10902996428192,1375110579464552978,-Infinity
10902997465884,1375110579464552978,-Infinity
10902999999075,1375110579464552978,-Infinity
10903000731564,1375110579473769286,41.206531726993056
10903002166021,1375110579475295165,-Infinity
10903056309162,1375110579527846435,47.11202794165352
10903057987783,1375110579528487304,-Infinity
10903059269638,1375110579527846435,-Infinity
10903063420409,1375110579527846435,-Infinity
10903065007468,1375110579527846435,-Infinity
10903066625048,1375110579527846435,-Infinity
10903067204935,1375110579537062743,-Infinity
10903068242628,1375110579538588622,-Infinity
10903119883097,1375110579591750243,47.18820671779627
10903122996176,1375110579591750243,-Infinity
10903124400113,1375110579591750243,-Infinity
10903125498846,1375110579591750243,-Infinity
10903127085906,1375110579591750243,-Infinity
10903127665793,1375110579592391112,-Infinity
10903128764526,1375110579600966552,-Infinity
10903129985341,1375110579602492431,-Infinity
10903209033106,1375110579654982665,48.48889543014936
10903210253921,1375110579654982665,-Infinity
10903211200053,1375110579654982665,-Infinity
10903211902021,1375110579654982665,-Infinity
10903213000755,1375110579654982665,-Infinity
10903213428040,1375110579655623534,-Infinity
10903214130009,1375110579664182254,-Infinity
10903218189218,1375110579665708133,-Infinity
10903246329001,1375110579718808719,49.118469915934455
10903248434907,1375110579718808719,-Infinity
10903249228436,1375110579718808719,-Infinity
10903249960925,1375110579718808719,-Infinity
10903251059659,1375110579718808719,-Infinity
10903251425903,1375110579719449588,-Infinity
10903253806492,1375110579728055545,-Infinity
10903255393552,1375110579729581424,-Infinity
10903309323049,1375110579782102176,49.90189483751762
10903310360741,1375110579782102176,-Infinity
10903311093230,1375110579782102176,-Infinity
10903311825719,1375110579782102176,-Infinity
10903312863412,1375110579782102176,-Infinity
10903313290697,1375110579782743045,-Infinity
10903317075223,1375110579791318484,-Infinity
10903318631762,1375110579792844363,-Infinity
10903373110627,1375110579845944949,52.16112166393168
10903374270401,1375110579845944949,-Infinity
10903374972370,1375110579845944949,-Infinity
10903375643818,1375110579845944949,-Infinity
10903376650990,1375110579845944949,-Infinity
10903377017235,1375110579846585818,-Infinity
10903380893322,1375110579855191775,43.910080810667026
10903383579115,1375110579857785769,-Infinity
10903436684563,1375110579909207888,45.7477912206976
10903438302143,1375110579909207888,-Infinity
10903439736600,1375110579909207888,44.65187630484291
10903442422394,1375110579909207888,-Infinity
10903444528299,1375110579909207888,-Infinity
10903445169227,1375110579909848758,-Infinity
10903446512124,1375110579918424197,-Infinity
10903447610857,1375110579919950076,-Infinity
10903499983816,1375110579973081179,51.448161505988125
10903504470311,1375110579973081179,-Infinity
10903505538524,1375110579973081179,-Infinity
10903506606737,1375110579973081179,-Infinity
10903508682122,1375110579973081179,-Infinity
10903509292530,1375110579973722049,-Infinity
10903510849069,1375110579982328006,-Infinity
10903512039363,1375110579983853885,-Infinity
10903563160986,1375110580036374636,46.01230887145494
10903566365625,1375110580036374636,-Infinity
10903567525399,1375110580036374636,-Infinity
10903568624133,1375110580036374636,-Infinity
10903570394314,1375110580036374636,-Infinity
10903571432007,1375110580037015506,-Infinity
10903572561261,1375110580045590945,-Infinity
10903573934678,1375110580047116824,-Infinity
10903626918043,1375110580100217410,45.96877833021704
10903629115510,1375110580100217410,-Infinity
10903630427886,1375110580100217410,-Infinity
10903631648701,1375110580100217410,-Infinity
10903633296801,1375110580100217410,-Infinity
10903633876688,1375110580100858279,-Infinity
10903635280625,1375110580109433719,-Infinity
10903636928725,1375110580110959597,-Infinity
10903690400418,1375110580163510867,48.32410253862522
10903692567364,1375110580164151736,-Infinity
10903693666098,1375110580163510867,-Infinity
10903694673270,1375110580163510867,-Infinity
10903695710963,1375110580163510867,-Infinity
10903697267502,1375110580163510867,-Infinity
10903698579878,1375110580172727176,-Infinity
10903700258498,1375110580174253054,44.80291184728206
10903754065916,1375110580227353640,49.762047615923365
10903756538066,1375110580227353640,-Infinity
10903757667320,1375110580227353640,-Infinity
10903758705012,1375110580227353640,-Infinity
10903760383633,1375110580227353640,-Infinity
10903761024561,1375110580227994510,50.14808115974302
10903762550579,1375110580236569949,-Infinity
10903764076598,1375110580238095828,-Infinity
10903818647023,1375110580290616580,49.47541021715506
10903820936051,1375110580290616580,46.91860514001111
10903822095825,1375110580290616580,-Infinity
10903823133518,1375110580290616580,-Infinity
10903824751097,1375110580290616580,-Infinity
10903825605668,1375110580291257449,-Infinity
10903826765442,1375110580299832888,-Infinity
10903828047297,1375110580301389285,-Infinity
10903882434601,1375110580354459353,49.41692969452072
10903884082701,1375110580354459353,-Infinity
10903885150914,1375110580354459353,-Infinity
10903886219127,1375110580354459353,-Infinity
10903887836707,1375110580354459353,-Infinity
10903888874400,1375110580355130740,-Infinity
10903890400418,1375110580363706179,-Infinity
10903892536844,1375110580366574832,-Infinity
10903944574079,1375110580417783328,49.705472010007654
10903946985188,1375110580417783328,-Infinity
10903948114442,1375110580417783328,-Infinity
10903949152134,1375110580417783328,-Infinity
10903950952836,1375110580417783328,-Infinity
10903951532723,1375110580418424197,-Infinity
10903952845099,1375110580426999636,-Infinity
10903954615281,1375110580428556033,-Infinity
10904008361658,1375110580481626101,46.43601850384254
10904011352654,1375110580481626101,-Infinity
10904012420867,1375110580481626101,-Infinity
10904013550121,1375110580481626101,-Infinity
10904015228742,1375110580481626101,-Infinity
10904015869669,1375110580482266970,-Infinity
10904017243086,1375110580490842410,-Infinity
10904018616503,1375110580492368289,-Infinity
10904071691430,1375110580544919558,49.47541021715506
10904073888896,1375110580544919558,-Infinity
10904075079191,1375110580544919558,-Infinity
10904076147404,1375110580544919558,-Infinity
10904077734463,1375110580544919558,-Infinity
10904078344871,1375110580545560428,-Infinity
10904080237134,1375110580554135867,47.77471307463941
10904081824193,1375110580555692263,-Infinity
10904135540050,1375110580608792849,43.96521956601795
10904138042720,1375110580608792849,-Infinity
10904139171974,1375110580608792849,-Infinity
10904140392789,1375110580608792849,46.31106203443655
10904142529215,1375110580608792849,-Infinity
10904143139622,1375110580609433719,-Infinity
10904144513039,1375110580618009158,-Infinity
10904145794895,1375110580619535037,-Infinity
10904199663351,1375110580672025271,44.60094170256416
10904201586135,1375110580672025271,-Infinity
10904202684868,1375110580672025271,-Infinity
10904203692040,1375110580672025271,-Infinity
10904205309620,1375110580672025271,-Infinity
10904205920028,1375110580672666140,-Infinity
10904207110322,1375110580681241580,-Infinity
10904208758422,1375110580682767459,-Infinity
10904262687920,1375110580735868045,46.352914283120434
10904264763306,1375110580735868045,-Infinity
10904265831519,1375110580735868045,-Infinity
10904266930252,1375110580735868045,-Infinity
10904268547832,1375110580735868045,-Infinity
10904269127719,1375110580736508914,-Infinity
10904271019982,1375110580745114871,-Infinity
10904272607041,1375110580746640750,-Infinity
10904326048213,1375110580799222537,51.116839178898445
10904328428802,1375110580799222537,-Infinity
10904329558055,1375110580799222537,-Infinity
10904330778870,1375110580799222537,-Infinity
10904332426970,1375110580799222537,-Infinity
10904333037378,1375110580799863406,-Infinity
10904334410794,1375110580808438845,-Infinity
10904336028374,1375110580809995242,-Infinity
10904405126497,1375110580863034793,49.02689446498687
10904406255751,1375110580863034793,-Infinity
10904406988240,1375110580863034793,-Infinity
10904407720729,1375110580863034793,-Infinity
10904408941544,1375110580863034793,-Infinity
10904409338309,1375110580863675662,-Infinity
10904410070798,1375110580872251101,-Infinity
10904410864327,1375110580873807498,-Infinity
10904452982441,1375110580926328250,47.52297588946136
10904454600021,1375110580926328250,-Infinity
10904455332510,1375110580926328250,-Infinity
10904456003958,1375110580926328250,-Infinity
10904457255294,1375110580926328250,-Infinity
10904457652058,1375110580926969119,-Infinity
10904461741788,1375110580935544558,44.182338994636424
10904462932083,1375110580937070437,-Infinity
10904516770020,1375110580990171023,46.76070397558914
10904518296038,1375110580990171023,-Infinity
10904518998007,1375110580990171023,-Infinity
10904519730496,1375110580990171023,-Infinity
10904521653280,1375110580990171023,-Infinity
10904522050045,1375110580990811892,-Infinity
10904525163123,1375110580999417849,-Infinity
10904526780703,1375110581000943728,-Infinity
10904580191354,1375110581053464480,48.053751530417024
10904582053096,1375110581054105349,-Infinity
10904582938187,1375110581053464480,-Infinity
10904583670676,1375110581053464480,-Infinity
10904584403165,1375110581053464480,-Infinity
10904585440858,1375110581053464480,-Infinity
10904588492895,1375110581062680789,-Infinity
10904592857308,1375110581066098758,-Infinity
10904644101014,1375110581117307254,45.14543665884348
10904645565992,1375110581117307254,-Infinity
10904646298480,1375110581117307254,-Infinity
10904646969929,1375110581117307254,-Infinity
10904648099182,1375110581117307254,-Infinity
10904648465427,1375110581117948123,-Infinity
10904652341515,1375110581126554080,-Infinity
10904653989615,1375110581128079959,-Infinity
10904707797031,1375110581180875369,46.957635878941545
10904709048366,1375110581180875369,-Infinity
10904709841896,1375110581180875369,-Infinity
10904711093232,1375110581180875369,-Infinity
10904712497169,1375110581180875369,-Infinity
10904713016016,1375110581181516238,-Infinity
10904722446810,1375110581190091678,49.790197801977826
10904723698146,1375110581191648074,-Infinity
10904771584609,1375110581244443484,47.52297588946136
10904773568433,1375110581244443484,-Infinity
10904774850289,1375110581244443484,-Infinity
10904776467869,1375110581245084353,-Infinity
10904777597123,1375110581244443484,-Infinity
10904779489386,1375110581244443484,-Infinity
10904780740721,1375110581253659793,46.76070397558914
10904782938188,1375110581255185672,-Infinity
10904835189064,1375110581307706424,48.4233530451265
10904837569653,1375110581307706424,-Infinity
10904838607346,1375110581307706424,-Infinity
10904839645039,1375110581308347293,-Infinity
10904841018455,1375110581307706424,-Infinity
10904843002280,1375110581307706424,-Infinity
10904843612687,1375110581317165549,-Infinity
10904845047145,1375110581318721946,-Infinity
10904898701960,1375110581371853049,48.52148205297655
10904900777346,1375110581371853049,40.07920553053634
10904902089722,1375110581371853049,-Infinity
10904903157935,1375110581372493918,-Infinity
10904904226148,1375110581371853049,-Infinity
10904906484655,1375110581371853049,-Infinity
10904907217144,1375110581381069358,-Infinity
10904908407439,1375110581382595237,-Infinity
10904985837622,1375110581435115989,47.48641025736111
10904987577284,1375110581435115989,-Infinity
10904988798098,1375110581435115989,-Infinity
10904990049434,1375110581435115989,-Infinity
10904991667013,1375110581435115989,-Infinity
10904992765747,1375110581435756858,-Infinity
10904994139164,1375110581444332297,-Infinity
10904995390499,1375110581445888694,-Infinity
10905025453065,1375110581498928245,46.6403649859111
10905027345328,1375110581498928245,-Infinity
10905028108338,1375110581498928245,-Infinity
10905028810306,1375110581498928245,-Infinity
10905029817478,1375110581498928245,-Infinity
10905030458407,1375110581499569114,-Infinity
10905033785128,1375110581508175071,-Infinity
10905035372187,1375110581509670432,-Infinity
10905088721798,1375110581562252219,47.66771798659737
10905090491980,1375110581562252219,-Infinity
10905091224469,1375110581562252219,-Infinity
10905091895917,1375110581562252219,-Infinity
10905092933610,1375110581562252219,-Infinity
10905093299854,1375110581562893088,-Infinity
10905097023339,1375110581571438010,-Infinity
10905098701960,1375110581573055442,-Infinity
10905152631457,1375110581626125510,48.71447499075085
10905154401639,1375110581626125510,-Infinity
10905155073087,1375110581626125510,-Infinity
10905155775055,1375110581626125510,-Infinity
10905156782228,1375110581626125510,-Infinity
10905157148472,1375110581626766379,-Infinity
10905161024559,1375110581635372336,51.140928860902136
10905162581098,1375110581636898215,-Infinity
10905216205393,1375110581689693625,50.9463139985523
10905217975574,1375110581689693625,-Infinity
10905218647023,1375110581689693625,-Infinity
10905219348991,1375110581689693625,46.91860514001111
10905222828314,1375110581689693625,-Infinity
10905223408201,1375110581690334495,-Infinity
10905224995260,1375110581698909934,-Infinity
10905226277116,1375110581700435813,-Infinity
10905281518990,1375110581753231223,47.52297588946136
10905283380733,1375110581753231223,-Infinity
10905284509986,1375110581753231223,-Infinity
10905285547679,1375110581753231223,-Infinity
10905287226299,1375110581753231223,-Infinity
10905287989309,1375110581753902610,-Infinity
10905289698450,1375110581762478049,-Infinity
10905291316029,1375110581764003928,-Infinity
10905343353263,1375110581816524680,50.46583580526878
10905345092925,1375110581816524680,-Infinity
10905346741025,1375110581816524680,-Infinity
10905347839758,1375110581817165549,-Infinity
10905348907971,1375110581816524680,-Infinity
10905350922316,1375110581816524680,-Infinity
10905352173651,1375110581825740989,-Infinity
10905353455507,1375110581827266868,-Infinity
10905407873332,1375110581880367453,45.6124483547254
10905409643513,1375110581880367453,-Infinity
10905411535776,1375110581880367453,-Infinity
10905412665030,1375110581881038840,-Infinity
10905413763764,1375110581880367453,-Infinity
10905415717067,1375110581880367453,-Infinity
10905416296954,1375110581889614280,-Infinity
10905417700891,1375110581891140159,-Infinity
10905470684257,1375110581943660911,45.288195897603
10905472607041,1375110581944301780,-Infinity
10905473644733,1375110581943660911,-Infinity
10905474682426,1375110581943660911,-Infinity
10905475689598,1375110581943660911,-Infinity
10905477215617,1375110581943660911,-Infinity
10905478650074,1375110581952877219,-Infinity
10905480664419,1375110581954403098,43.098954670081696
10905582236219,1375110582007534202,48.52148205297655
10905584586287,1375110582007534202,-Infinity
10905585501898,1375110582007534202,-Infinity
10905586417510,1375110582008175071,-Infinity
10905590751402,1375110582007534202,-Infinity
10905592368982,1375110582007534202,-Infinity
10905593101471,1375110582016750510,-Infinity
10905594078123,1375110582018276389,-Infinity
10905616632678,1375110582070797141,47.0351750082885
10905618341819,1375110582070797141,-Infinity
10905619226910,1375110582070797141,-Infinity
10905619928878,1375110582070797141,47.338588393970475
10905622248426,1375110582070797141,-Infinity
10905622675712,1375110582071438010,-Infinity
10905623469241,1375110582080013450,-Infinity
10905624232250,1375110582081508811,-Infinity
10905661406066,1375110582134609397,48.08800926633553
10905663389890,1375110582134593496,-Infinity
10905664366542,1375110582134593496,-Infinity
10905665404234,1375110582135234365,-Infinity
10905668364710,1375110582134593496,-Infinity
10905669707607,1375110582134593496,-Infinity
10905670165412,1375110582143840322,-Infinity
10905671111544,1375110582145366201,-Infinity
10905734960162,1375110582197917470,41.5034606436086
10905736211497,1375110582197917470,-Infinity
10905737188149,1375110582197917470,-Infinity
10905738012199,1375110582197917470,-Infinity
10905739324575,1375110582197917470,-Infinity
10905739873942,1375110582198558340,-Infinity
10905742010368,1375110582207133779,-Infinity
10905742803898,1375110582208659658,-Infinity
10905788981220,1375110582261760244,48.48889543014936
10905790263076,1375110582261760244,-Infinity
10905791117646,1375110582261760244,-Infinity
10905791850135,1375110582261760244,-Infinity
10905792948869,1375110582261760244,-Infinity
10905793345633,1375110582262401113,-Infinity
10905796672354,1375110582271007070,-Infinity
10905798320454,1375110582272532949,-Infinity
10905851731106,1375110582325023183,45.24086975980392
10905853348686,1375110582325023183,-Infinity
10905854233777,1375110582325023183,-Infinity
10905855179908,1375110582325023183,-Infinity
10905856522804,1375110582325023183,-Infinity
10905857011130,1375110582325664052,-Infinity
10905859941086,1375110582334239492,42.337796988286165
10905862413236,1375110582335765371,-Infinity
10905915762847,1375110582389171133,43.4558949713023
10905917471988,1375110582389171133,-Infinity
10905918204477,1375110582389171133,-Infinity
10905918906446,1375110582389171133,-Infinity
10905919944138,1375110582389171133,47.412813844065646
10905924430633,1375110582389812002,-Infinity
10905925712489,1375110582398417959,-Infinity
10905926811222,1375110582399943838,-Infinity
10905979306262,1375110582452159414,49.20908977952612
10905982480381,1375110582452159414,-Infinity
10905983701196,1375110582452159414,-Infinity
10905984891491,1375110582452800283,-Infinity
10905985959704,1375110582452159414,-Infinity
10905988065610,1375110582452159414,-Infinity
10905988920180,1375110582461375722,-Infinity
10905990049435,1375110582462932119,-Infinity
10906043002280,1375110582516002187,48.55394685636871
10906044986104,1375110582516002187,-Infinity
10906046054317,1375110582516002187,-Infinity
10906047183571,1375110582516643056,-Infinity
10906048312825,1375110582516002187,-Infinity
10906049930404,1375110582516002187,-Infinity
10906051059658,1375110582525249013,-Infinity
10906052707758,1375110582526774892,-Infinity
10906106240491,1375110582579326162,50.82242709313482
10906107766509,1375110582579326162,-Infinity
10906108865243,1375110582579326162,-Infinity
10906109902935,1375110582579967031,-Infinity
10906111703638,1375110582579326162,-Infinity
10906113290698,1375110582579326162,-Infinity
10906114542033,1375110582588542470,-Infinity
10906116068051,1375110582590098867,-Infinity
10906170699518,1375110582643199453,47.0351750082885
10906172317098,1375110582643199453,-Infinity
10906173354791,1375110582643199453,-Infinity
10906174545085,1375110582643840322,-Infinity
10906175643819,1375110582643199453,-Infinity
10906177230878,1375110582643199453,-Infinity
10906178360132,1375110582652415761,-Infinity
10906179977711,1375110582653941640,-Infinity
10906233968249,1375110582706431875,49.08805193459532
10906235768951,1375110582706431875,-Infinity
10906236837164,1375110582706431875,-Infinity
10906237905377,1375110582707072744,-Infinity
10906238943070,1375110582706431875,-Infinity
10906241628863,1375110582706431875,47.52297588946136
10906242422392,1375110582715648183,-Infinity
10906243795809,1375110582717174062,-Infinity
10906298122073,1375110582770274648,45.428646260135366
10906299617571,1375110582770274648,-Infinity
10906300929947,1375110582770274648,44.8526788877422
10906302089722,1375110582770915517,-Infinity
10906303157935,1375110582770274648,-Infinity
10906305508003,1375110582770274648,-Infinity
10906306148931,1375110582779521474,-Infinity
10906307522348,1375110582781047353,-Infinity
10906364137638,1375110582833598623,47.77471307463941
10906365694177,1375110582834239492,-Infinity
10906366853951,1375110582833598623,-Infinity
10906367891643,1375110582833598623,-Infinity
10906369539744,1375110582833598623,-Infinity
10906371676170,1375110582833598623,-Infinity
10906372286577,1375110582842814931,-Infinity
10906373385310,1375110582844340810,-Infinity
10906424690056,1375110582897410879,45.96877833021704
10906427375848,1375110582897410879,-Infinity
10906428566143,1375110582897410879,-Infinity
10906429695397,1375110582898082265,-Infinity
10906431374018,1375110582897410879,-Infinity
10906433785128,1375110582897410879,-Infinity
10906434761779,1375110582906657705,-Infinity
10906435921554,1375110582908183584,-Infinity
10906487867227,1375110582960734853,45.474962768822834
10906489576367,1375110582960734853,-Infinity
10906490919264,1375110582960734853,-Infinity
10906492140079,1375110582961375722,-Infinity
10906493299853,1375110582960734853,-Infinity
10906495100555,1375110582960734853,-Infinity
10906496199288,1375110582969951162,-Infinity
10906497572705,1375110582971477041,-Infinity
10906551593764,1375110583024638662,48.223704602011445
10906553333425,1375110583024638662,-Infinity
10906554065914,1375110583024638662,-Infinity
10906554767883,1375110583024638662,-Infinity
10906555836096,1375110583024638662,-Infinity
10906556202340,1375110583025279531,-Infinity
10906559620622,1375110583033885488,-Infinity
10906561238202,1375110583035411367,44.80291184728206
10906606316792,1375110583079173574,46.91860514001111
10906624964740,1375110583098430166,46.184281318664496
10906626185555,1375110583098582754,-Infinity
10906627803135,1375110583100078115,-Infinity
10906646206919,1375110583119426260,44.54970659941879
10906666289324,1375110583139567861,48.189979026445684
10906678680595,1375110583144999990,-Infinity
10906680694940,1375110583144999990,49.705472010007654
10906683746977,1375110583144999990,-Infinity
10906685028832,1375110583144999990,-Infinity
10906687104218,1375110583144999990,-Infinity
10906687714625,1375110583159739980,-Infinity
10906689240644,1375110583162272939,-Infinity
10906690522499,1375110583162425527,-Infinity
10906706942459,1375110583179851064,44.60094170256416
10906726902783,1375110583199992666,44.44632055941603
10906742773378,1375110583208873281,45.288195897603
10906744421478,1375110583208873281,-Infinity
10906745459171,1375110583208873281,-Infinity
10906747320914,1375110583208873281,-Infinity
10906748969014,1375110583208873281,-Infinity
10906749579421,1375110583220134267,-Infinity
10906751807408,1375110583225841054,-Infinity
10906753272386,1375110583226756582,-Infinity
10906767464359,1375110583240275869,43.51398431694534
10906787607805,1375110583260417470,46.39456580082337
10906805858987,1375110583272166738,48.74622758478568
10906807537607,1375110583272166738,-Infinity
10906808941545,1375110583272166738,-Infinity
10906809979237,1375110583272166738,-Infinity
10906812359826,1375110583272166738,-Infinity
10906812939713,1375110583281322011,-Infinity
10906815839149,1375110583289500722,-Infinity
10906816907362,1375110583289592275,-Infinity
10906826124514,1375110583299327383,47.73919431431353
10906847305652,1375110583320506582,47.66771798659737
10906868608872,1375110583341044912,45.88105713189743
10906870287492,1375110583335063467,-Infinity
10906871691429,1375110583335063467,-Infinity
10906872668081,1375110583335063467,-Infinity
10906873644733,1375110583335063467,-Infinity
10906875231792,1375110583335063467,-Infinity
10906878436431,1375110583352061758,-Infinity
10906879504644,1375110583352214345,-Infinity
10906887958788,1375110583361155996,48.08800926633553
10906908682122,1375110583381572256,46.09872077638911
10906928245680,1375110583401439199,46.226747539195905
10906932976338,1375110583399272451,-Infinity
10906934654959,1375110583399272451,-Infinity
10906935692651,1375110583399272451,-Infinity
10906936730344,1375110583399272451,-Infinity
10906938683648,1375110583399272451,-Infinity
10906943048061,1375110583416545400,46.80044923852802
10906944635120,1375110583416697988,-Infinity
10906948450167,1375110583421580801,-Infinity
10906968502051,1375110583441691885,45.38208140436997
10906988950700,1375110583462138662,42.91482781249938
10906996794436,1375110583462840566,-Infinity
10907000640003,1375110583462840566,-Infinity
10907004973896,1375110583462840566,-Infinity
10907006683036,1375110583462840566,-Infinity
10907008361657,1375110583462840566,-Infinity
10907009704553,1375110583479808340,43.96521956601795
10907013336477,1375110583479960927,-Infinity
10907014282609,1375110583481975088,-Infinity
10907081457949,1375110583502421865,46.14160641807892
10907082343039,1375110583522258291,-Infinity
10907083228130,1375110583526408681,-Infinity
10907084204782,1375110583526408681,-Infinity
10907084906751,1375110583526408681,-Infinity
10907085578199,1375110583526408681,-Infinity
10907086646412,1375110583526408681,-Infinity
10907087043177,1375110583542430410,-Infinity
10907087745145,1375110583544505605,-Infinity
10907088477634,1375110583544597158,-Infinity
10907089454286,1375110583562541494,-Infinity
10907109811374,1375110583582713613,46.6403649859111
10907123301379,1375110583590007314,49.38754108849171
10907124705316,1375110583590007314,-Infinity
10907125376764,1375110583590007314,-Infinity
10907126017692,1375110583590007314,-Infinity
10907127085905,1375110583590007314,-Infinity
10907130382106,1375110583603343496,-Infinity
10907132823736,1375110583606975088,-Infinity
10907133769867,1375110583607524404,-Infinity
10907149609940,1375110583622966299,49.81825703412238
10907169936508,1375110583643107900,46.91860514001111
10907187088957,1375110583653544912,46.26900711063467
10907188065609,1375110583653544912,-Infinity
10907188737057,1375110583653544912,-Infinity
10907189347465,1375110583653544912,-Infinity
10907190842963,1375110583653544912,-Infinity
10907191270248,1375110583663280019,-Infinity
10907197130159,1375110583670817861,-Infinity
10907197862648,1375110583670970449,-Infinity
10907211444214,1375110583683391103,47.4496900132489
10907229329153,1375110583701884756,47.66771798659737
10907251151220,1375110583723124990,49.705472010007654
10907252372035,1375110583717143545,-Infinity
10907253684411,1375110583717143545,-Infinity
10907254691583,1375110583717143545,-Infinity
10907255668235,1375110583717143545,-Infinity
10907257255294,1375110583717143545,-Infinity
10907260978779,1375110583734141836,44.95136545873929
10907262169074,1375110583734294424,-Infinity
10907271233624,1375110583743846426,-Infinity
10907290827703,1375110583764196412,46.80044923852802
10907311337393,1375110583784338014,48.053751530417024
10907314633593,1375110583780859010,-Infinity
10907316251173,1375110583780859010,-Infinity
10907318723323,1375110583780859010,-Infinity
10907319791536,1375110583780859010,49.08805193459532
10907323301379,1375110583780859010,-Infinity
10907324461153,1375110583798131959,-Infinity
10907325559887,1375110583798284547,-Infinity
10907331358757,1375110583804449098,-Infinity
10907351380122,1375110583824590699,47.07368648955524
10907371401487,1375110583844732301,48.053751530417024
10907377688684,1375110583844457643,-Infinity
10907379214702,1375110583844457643,-Infinity
10907380740721,1375110583844457643,47.55938820609215
10907383273912,1375110583844457643,-Infinity
10907385227216,1375110583844457643,-Infinity
10907387729886,1375110583861425416,-Infinity
10907389103303,1375110583861578004,-Infinity
10907391453372,1375110583864873902,-Infinity
10907411993582,1375110583885320680,48.053751530417024
10907432045466,1375110583905462281,47.810087155296245
10907442178230,1375110583908025758,47.4496900132489
10907443673728,1375110583908025758,-Infinity
10907444680900,1375110583908025758,-Infinity
10907445688073,1375110583908025758,-Infinity
10907447305652,1375110583908025758,-Infinity
10907451486943,1375110583925298707,-Infinity
10907452585677,1375110583925451295,-Infinity
10907454142216,1375110583926916139,-Infinity
10907472210276,1375110583945440309,45.56686124325216
10907492353721,1375110583965581910,48.96530325083583
10907504806033,1375110583971593873,51.18890867794052
10907506209970,1375110583971593873,-Infinity
10907507186622,1375110583971593873,-Infinity
10907508163274,1375110583971593873,-Infinity
10907509750333,1375110583971593873,-Infinity
10907512985494,1375110583985723512,-Infinity
10907515274522,1375110583988531129,-Infinity
10907516403775,1375110583988683717,-Infinity
10907532579573,1375110584005865113,49.929596056519784
10907552661978,1375110584026006715,52.22505563215634
10907569020898,1375110584035467164,53.70515754179317
10907570852120,1375110584035467164,-Infinity
10907571920333,1375110584035467164,-Infinity
10907573324270,1375110584035467164,-Infinity
10907575155492,1375110584035467164,-Infinity
10907575765900,1375110584046178834,-Infinity
10907579001059,1375110584052740113,-Infinity
10907580588119,1375110584052892701,52.22505563215634
10907593040430,1375110584066289918,-Infinity
10907613214396,1375110584086431520,51.424910287831665
10907632198068,1375110584104711549,50.620456948416916
10907633693566,1375110584098730104,-Infinity
10907635189064,1375110584098730104,-Infinity
10907636196236,1375110584098730104,-Infinity
10907637172888,1375110584098730104,-Infinity
10907638729427,1375110584098730104,52.63966060727761
10907644131533,1375110584115728395,-Infinity
10907651486943,1375110584115880982,-Infinity
10907652646717,1375110584125921266,-Infinity
10907687287340,1375110584146886842,54.27681495666073
10907695955126,1375110584167028443,-Infinity
10907697145420,1375110584161046998,-Infinity
10907698518837,1375110584161046998,-Infinity
10907699648091,1375110584161046998,-Infinity
10907700807865,1375110584161046998,48.96530325083583
10907702913770,1375110584161046998,53.560716377666886
10907704806033,1375110584178350465,-Infinity
10907706057369,1375110584178503053,-Infinity
10907714389430,1375110584187170045,-Infinity
10907734166631,1375110584207311646,52.33057728028931
10907754310077,1375110584227422730,48.90327209571312
10907759315418,1375110584225866334,48.32410253862522
10907763344108,1375110584225866334,-Infinity
10907765175330,1375110584225866334,-Infinity
10907766640308,1375110584225866334,-Infinity
10907769967029,1375110584225866334,-Infinity
10907771126804,1375110584242834107,-Infinity
10907772927506,1375110584242986695,-Infinity
10907774697687,1375110584247564332,-Infinity
10907794810612,1375110584268011109,50.38748046354375
10907814984578,1375110584288152711,49.929596056519784
10907823438721,1375110584289434449,48.223704602011445
10907826032953,1375110584289434449,-Infinity
10907827803134,1375110584289434449,-Infinity
10907829634357,1375110584289434449,-Infinity
10907833754607,1375110584289434449,-Infinity
10907834944901,1375110584306707398,-Infinity
10907836989766,1375110584306859986,-Infinity
10907838515785,1375110584308385865,-Infinity
10907855057827,1375110584328130738,49.5334995627981
10907875262313,1375110584348272340,48.682605873174104
10907886646412,1375110584353002564,48.019358119942886
10907889240643,1375110584353002564,-Infinity
10907891529672,1375110584353002564,-Infinity
10907893391415,1375110584353002564,-Infinity
10907897572706,1375110584353002564,-Infinity
10907898610398,1375110584368413941,-Infinity
10907902730649,1375110584370519654,-Infinity
10907904775513,1375110584370611207,-Infinity
10907916220653,1375110584388555543,-Infinity
10907935509528,1375110584408697145,46.957635878941545
10907951135958,1375110584416875855,45.33526552391078
10907954310077,1375110584416875855,-Infinity
10907957056911,1375110584416875855,-Infinity
10907959101776,1375110584416875855,48.25729971080797
10907967586439,1375110584416875855,-Infinity
10907968929335,1375110584428869264,-Infinity
10907972469698,1375110584434148805,-Infinity
10907976528908,1375110584435430543,-Infinity
10907979458864,1375110584448980348,51.51754396394278
10907996733395,1375110584469121949,-Infinity
10908015076139,1375110584480169312,48.618514624388844
10908022065304,1375110584480169312,-Infinity
10908025849830,1375110584480169312,-Infinity
10908028321980,1375110584480169312,-Infinity
10908032900036,1375110584480169312,-Infinity
10908034273453,1375110584489263551,-Infinity
10908037386531,1375110584497411744,-Infinity
10908040102844,1375110584497533814,48.357312234138924
10908043154881,1375110584509435670,-Infinity
10908056126039,1375110584528478639,-Infinity
10908080908583,1375110584549718873,47.95015994669775
10908085334037,1375110584543737428,-Infinity
10908088813359,1375110584543737428,-Infinity
10908091590713,1375110584543737428,-Infinity
10908094184945,1375110584543737428,-Infinity
10908098885082,1375110584543737428,-Infinity
10908100807865,1375110584561267515,47.84531773016047
10908104256667,1375110584561389585,-Infinity
10908107156103,1375110584569873472,-Infinity
10908118296039,1375110584589984556,-Infinity
10908137737516,1375110584610126157,44.12856591389026
10908143231182,1375110584607288022,47.226046972845815
10908146771546,1375110584607288022,-Infinity
10908149091094,1375110584607288022,-Infinity
10908152112611,1375110584607288022,-Infinity
10908156202341,1375110584607288022,-Infinity
10908158155644,1375110584624530454,-Infinity
10908161116120,1375110584624652524,48.618514624388844
10908163801913,1375110584630267759,-Infinity
10908177444519,1375110584650409360,-Infinity
10908197221720,1375110584670550962,53.65127324403474
10908204271927,1375110584670856138,48.84079466945149
10908205797946,1375110584670856138,-Infinity
10908206469394,1375110584670856138,-Infinity
10908207110322,1375110584670856138,-Infinity
10908208178535,1375110584670856138,-Infinity
10908214252089,1375110584688129087,-Infinity
10908215076139,1375110584688281675,-Infinity
10908217517769,1375110584690723081,-Infinity
10908237935898,1375110584711139341,44.23578116202139
10908257804660,1375110584730975767,44.54970659941879
10908306545695,1375110584734424253,43.7425323700706
10908307888591,1375110584734424253,-Infinity
10908308651600,1375110584734424253,-Infinity
10908309292528,1375110584734424253,-Infinity
10908310910108,1375110584734424253,-Infinity
10908316892101,1375110584751117368,-Infinity
10908317777192,1375110584753131528,-Infinity
10908319272690,1375110584753223081,43.159472857802875
10908324003348,1375110584771258970,-Infinity
