#SysTm EventTmStmp Acc:x Acc:y Acc:z
122411758360525 1379356675508850274 -1.3275452 4.39592 8.470367 
122411765319170 1379356675571899590 -1.1942444 4.4268646 8.67984 
122411816959639 1379356675699005303 -1.2132874 4.4054413 8.603668 
122411892741723 1379356675763031182 0.075683594 5.238571 9.082123 
122411931563637 1379356675826202569 -1.0657043 4.049576 8.5798645 
122412000814362 1379356675890167412 0.26968384 4.6042023 9.313019 
122412064327258 1379356675953399834 -0.45394897 4.5351715 8.801239 
122412122956892 1379356676017303643 0.04711914 5.006485 8.407288 
122412185493135 1379356676080475030 -0.62771606 4.7398834 7.614624 
122412258528385 1379356676144439873 -0.79196167 4.52446 8.029999 
122412340567146 1379356676207672295 -0.7062683 4.5601654 8.29184 
122412378900735 1379356676271621337 -1.0359497 4.3292694 8.770294 
122412438659624 1379356676334762206 -0.7336426 4.7672577 8.578674 
122412502355641 1379356676398757568 -0.61224365 4.7208405 8.583435 
122412565502290 1379356676461928954 -0.62057495 4.7351227 8.667938 
122412630937969 1379356676525924316 -0.86932373 5.0945587 8.3811035 
122412693046928 1379356676589095702 -1.1906738 4.3435516 8.789337 
122412761626204 1379356676653060546 -1.1549683 4.7863007 8.209717 
122412824925456 1379356676716231933 -0.9216919 5.1171722 7.8110046 
122412931288954 1379356676780196777 -0.7824402 5.212387 8.066895 
122412947647874 1379356676843337646 -1.0728455 5.377823 8.539398 
122413015158936 1379356676907302490 -1.3382568 5.140976 7.9895325 
122413079221198 1379356676970473876 -1.5810547 5.0874176 8.22757 
122413139071648 1379356677034438720 -1.2811279 5.2457123 7.878845 
122413203164430 1379356677097610107 -0.8217163 5.057663 8.391815 
122413270644974 1379356677161605468 -0.67889404 4.8827057 8.090698 
122413329396690 1379356677224776855 -0.614624 4.5232697 8.675079 
122413393428431 1379356677288741699 -0.9276428 4.385208 8.332306 
122413499914010 1379356677351913085 -0.6503296 4.5875397 8.794098 
122413519935374 1379356677415847411 -1.4906006 4.07576 8.638184 
122413582563179 1379356677479018798 -1.4715576 4.256668 9.092834 
122413646747521 1379356677542983642 -1.3644409 4.314987 8.910736 
122413709924692 1379356677606155029 -1.191864 4.5792084 8.748871 
122413777008471 1379356677670119872 -1.0752258 4.4018707 8.388245 
122413842596752 1379356677733291259 -0.53726196 4.480423 8.885742 
122413906842135 1379356677797286620 -0.50393677 4.366165 8.636993 
122413965441250 1379356677860609223 -0.40515137 4.389969 8.850037 
122414081571267 1379356677924696137 -0.5110779 4.4459076 8.387054 
122414091551428 1379356677987714936 -0.23495483 4.494705 8.079987 
122414158696249 1379356678051679780 0.30776978 4.090042 8.300171 
122414222331224 1379356678114851167 0.9159546 3.999588 7.812195 
122414286057762 1379356678178816010 0.24945068 3.3116608 7.8110046 
122414346091333 1379356678241987397 2.1085205 3.2069244 9.396332 
122414415006334 1379356678305952241 0.55651855 2.3666534 8.540588 
122414473910654 1379356678369215180 0.73861694 1.5573273 8.93692 
122414537423548 1379356678433118989 1.1040039 1.5073395 10.382996 
122414604598888 1379356678496290376 0.44345093 1.6299286 9.134491 
122414664083093 1379356678560224702 0.2815857 1.4859161 9.925964 
122414727748590 1379356678623396088 -0.14450073 1.0336456 10.294922 
122414794160921 1379356678687467122 0.26254272 1.3942719 10.140198 
122414859871282 1379356678750669026 -0.114746094 1.068161 9.9973755 
122414923903023 1379356678814633870 0.45773315 1.6930084 9.870026 
122414982349536 1379356678877744222 0.2315979 1.4109344 9.634369 
122415051081414 1379356678941770101 0.68029785 1.6953888 9.920013 
122415130251261 1379356679004941487 0.5934143 1.5847015 9.551056 
122415174170076 1379356679068875814 0.8231201 1.6596832 9.324921 
122415280655656 1379356679132087951 1.1278076 1.6346893 9.414185 
122415299425685 1379356679196022277 0.8076477 1.3740387 9.680786 
122415364189914 1379356679259224181 0.3625183 1.0574493 10.014038 
122415428038533 1379356679323127990 0.47320557 1.4537811 9.589142 
122415490941021 1379356679386360412 0.5708008 1.5132904 9.629608 
122415559917062 1379356679450294738 0.5696106 1.5251923 9.185669 
122415631060051 1379356679513496642 0.6993408 1.5632782 10.109253 
122415682395317 1379356679577461486 0.4136963 1.3038177 8.609619 
122415745786129 1379356679640602355 0.9159546 1.4478302 10.248505 
122415812228980 1379356679704597716 0.76123047 1.4490204 9.586761 
122415872140472 1379356679767738586 0.73028564 1.44664 9.842651 
122415939132690 1379356679831703429 0.58032227 1.2942963 9.878357 
122415998342211 1379356679894874816 0.18756104 1.106247 10.272308 
122416063106441 1379356679958945872 0.028076172 1.2074127 10.296112 
122416126344654 1379356680022117259 -0.14331055 1.2395477 9.779572 
122416196236306 1379356680086539867 -0.23495483 1.1609955 10.421082 
122416258864109 1379356680149222972 -0.69317627 1.2133636 9.778381 
122416322193882 1379356680213218333 -0.6419983 1.459732 9.923584 
122416381220281 1379356680276389720 -0.33493042 1.6489716 9.071411 
122416446015034 1379356680340354564 -0.4099121 1.6049347 9.264221 
122416508459715 1379356680403464915 -0.20877075 1.6727753 9.562958 
122416579907906 1379356680467460277 -0.056427002 1.8013153 9.111877 
122416635821228 1379356680530662181 -0.18972778 1.747757 9.103546 
122416699639326 1379356680594627025 -0.21829224 1.9203339 9.402283 
122416767608196 1379356680657798411 -0.17544556 1.6953888 8.915497 
122416830571724 1379356680721763255 -0.061187744 2.126236 9.751007 
122416889628644 1379356680784934642 -0.4765625 1.8798676 9.274933 
122416953843508 1379356680848899486 -0.65270996 1.8715363 9.332062 
122417038720663 1379356680912040355 -0.5194092 1.562088 9.697449 
122417083738213 1379356680976005199 -0.32540894 1.4240265 9.245178 
122417146396537 1379356681039176585 0.7445679 1.7703705 9.055939 
122417212198461 1379356681103171947 0.5600891 1.4264069 9.610565 
122417276718527 1379356681166434886 0.8231201 1.3204803 9.179718 
122417339559975 1379356681230308177 1.4158325 1.9953156 9.57962 
122417403652756 1379356681294639232 1.1789856 1.7168121 9.305878 
122417462465514 1379356681357444408 1.5467529 1.7989349 10.111633 
122417525673205 1379356681420615794 1.4551086 1.6144562 9.592712 
122417613693958 1379356681484702708 1.6038818 1.6894379 9.051178 
122417656300398 1379356681547721507 1.7109985 1.6096954 8.877411 
122417719263926 1379356681611868168 1.5872192 1.594223 8.898834 
122417782257974 1379356681675039555 1.4693909 1.3204803 9.25589 
122417847693653 1379356681739034916 1.7062378 1.183609 9.664124 
122417906414849 1379356681802206303 1.9240417 1.215744 9.747437 
122417970995958 1379356681866171146 2.125183 1.44664 9.374908 
122418034173128 1379356681929342533 2.1025696 1.3764191 10.142578 
122418096923015 1379356681993276859 1.6681519 1.2038422 9.411804 
122418220774684 1379356682056478764 1.7824097 1.3335724 9.601044 
122418227153442 1379356682120413090 1.5681763 1.4049835 9.393951 
122418288407829 1379356682183584477 1.9442749 1.8286896 9.684357 
122418351218757 1379356682247549320 2.1347046 1.9001007 9.761719 
122418413938121 1379356682310720707 1.8883362 1.7727509 9.552246 
122418478183506 1379356682374685551 1.6145935 1.7501373 8.698883 
122418542703572 1379356682437902059 2.413208 1.9500885 8.3168335 
122418606735313 1379356682501927938 1.4515381 0.76823425 10.149719 
122418671926829 1379356682565007772 2.201355 1.3847504 8.832184 
122418741299635 1379356682629003134 1.9609375 1.0574493 10.398468 
122418803225470 1379356682692174520 2.246582 1.2466888 8.794098 
122418861427821 1379356682756108847 1.7788391 0.75157166 10.143768 
122418923170533 1379356682819310751 2.3406067 1.2907257 9.239227 
122418989949109 1379356682883275595 1.6836243 0.80036926 9.671265 
122419051905464 1379356682946477499 1.8859558 0.85035706 9.282074 
122419117219062 1379356683010442343 1.7645569 0.57066345 8.688171 
122419183783993 1379356683073613729 1.9097595 0.7884674 10.237793 
122419242474669 1379356683137578573 1.8121643 0.8789215 9.357056 
122419305987564 1379356683200749960 1.7121887 0.8967743 9.303497 
122419369042653 1379356683264653768 1.8978577 0.99913025 9.937866 
122419440460324 1379356683327886190 1.7324219 0.8146515 9.273743 
122419497594462 1379356683391851034 1.7645569 0.8539276 9.44632 
122419564434076 1379356683455022421 1.72052 0.6468353 9.7664795 
122419623948804 1379356683518987265 2.1835022 0.72895813 9.164246 
122419687187014 1379356683582189169 2.143036 0.71229553 10.034271 
122419751035634 1379356683646123495 2.2358704 0.7456207 9.57486 
122419814426447 1379356683709294882 2.1942139 0.70991516 9.596283 
122419880777737 1379356683773381796 2.1513672 0.75990295 9.496307 
122419978137724 1379356683836400595 2.0823364 0.7384796 9.379669 
122420005667100 1379356683900365438 2.2227783 0.7241974 9.402283 
122420067501374 1379356683963536825 2.1977844 0.67658997 9.232086 
122420131075310 1379356684027501669 2.1787415 0.67658997 9.316589 
122420194038838 1379356684090824383 2.2489624 0.78489685 9.3880005 
122420265517550 1379356684154789226 2.335846 0.64564514 9.649841 
122420326832979 1379356684217991131 2.7321777 0.32548523 10.15329 
122420386683429 1379356684281955974 3.1654053 0.4933014 10.019989 
122420450623608 1379356684345127361 3.073761 0.7456207 9.568909 
122420518958723 1379356684409061687 2.9059448 0.9229584 9.185669 
122420576031819 1379356684472202556 2.5441284 0.9062958 9.177338 
122420640918130 1379356684536228435 2.451294 0.9062958 9.468933 
122420708062949 1379356684599399822 2.2453918 0.7420502 9.497498 
122420768249123 1379356684663334148 2.3084717 1.0300751 9.44751 
122420831334734 1379356684726536052 2.4786682 1.4668732 9.123779 
122420899456204 1379356684790500896 2.4084473 1.728714 8.863129 
122420958391043 1379356684853641765 2.1025696 1.9477081 8.715546 
122421022666947 1379356684917865473 1.4277344 1.5716095 8.385864 
122421102172518 1379356684980823237 1.3277588 1.8322601 8.74411 
122421148532963 1379356685044788081 1.1361389 1.6941986 9.391571 
122421216044026 1379356685107959467 0.47439575 1.4252167 9.884308 
122421279953686 1379356685171924311 1.1063843 2.0274506 9.797424 
122421342428888 1379356685235095698 0.49700928 1.9810333 9.736725 
122421406369069 1379356685299060542 0.61602783 2.3035736 9.102356 
122421466952007 1379356685362262446 0.05783081 2.2595367 8.984528 
122421531136350 1379356685426227290 -0.3444519 2.1548004 9.135681 
122421594099879 1379356685489398676 -0.3123169 2.338089 10.386566 
122421666341600 1379356685553485590 -0.40515137 2.395218 8.750061 
122421723231574 1379356685616504389 -0.11831665 2.6118317 9.890259 
122421786836030 1379356685680469233 -0.03857422 2.2976227 9.19043 
122421851295056 1379356685743640620 0.15661621 2.3476105 9.597473 
122421911481231 1379356685807605463 0.0256958 1.9905548 9.803375 
122421976489624 1379356685870776850 0.11853027 1.8774872 9.609375 
122422043726004 1379356685934772211 0.37561035 1.9953156 9.428467 
122422103179690 1379356685997943598 0.617218 2.02388 9.314209 
122422170995956 1379356686061938959 0.5101013 1.7679901 9.505829 
122422265883794 1379356686125049311 0.46725464 1.8203583 9.505829 
