#SysTm EventTmStmp Acc:x Acc:y Acc:z
313155159602050 1379577662727535407 -2.96286 1.5739899 8.846466 
313155164241147 1379577662790584724 -3.2949219 1.3347626 8.983337 
313155267644169 1379577663044918220 -3.3234863 -0.076797485 9.865265 
313155274633334 1379577663108822029 -2.6331787 0.98127747 9.423706 
313155339824849 1379577663171993415 -2.539154 0.9681854 9.453461 
313155397630434 1379577663236019294 -2.372528 1.164566 9.501068 
313155465751905 1379577663299129646 -2.5177307 1.1574249 10.304443 
313155524747786 1379577663363094490 -1.4632263 1.0324554 10.048553 
313155588382762 1379577663426265876 -1.2537537 0.15766907 10.579376 
313155659190025 1379577663490230720 -1.0359497 -0.048233032 10.333008 
313155714126695 1379577663553371589 -0.8490906 0.47068787 8.363251 
313155776968143 1379577663617336433 -0.66342163 -0.21009827 9.185669 
313155867918851 1379577663680599372 -0.57891846 0.21955872 10.1521 
313155932011634 1379577663744623929 -0.8205261 0.7325287 8.240662 
313155994456315 1379577663807764798 -0.569397 1.1943207 7.9883423 
313156061601135 1379577663871760160 -0.44204712 1.3419037 8.970245 
313156120261291 1379577663934901029 -1.1871033 1.1443329 9.730774 
313156159541009 1379577663999018461 -0.8479004 1.7620392 9.956909 
313156224091599 1379577664062098295 -1.0847473 1.5858917 11.036407 
313156293281282 1379577664126063138 -1.6941223 1.4716339 10.750763 
313156354718791 1379577664189326078 -1.3989563 0.4099884 10.79718 
313156414111435 1379577664253229886 -2.013092 -0.35768127 9.573669 
313156478112656 1379577664316370756 -2.2844543 0.28858948 9.229706 
313156550598542 1379577664380488187 -1.4560852 0.2374115 8.209717 
313156604009193 1379577664443506986 -1.6810303 0.59684753 9.967621 
313156668346137 1379577664507593900 -2.0809326 0.67897034 7.997864 
313156731797990 1379577664570643216 -1.583435 1.2097931 8.61438 
313156795768691 1379577664634683759 -1.6965027 1.3978424 9.462982 
313156859159506 1379577664697855146 -1.7929077 1.2919159 10.0937805 
313156923252288 1379577664761819990 -2.0345154 1.106247 9.948578 
313156986643100 1379577664825082929 -1.4620361 1.889389 9.7034 
313157060197198 1379577664888925703 -1.3918152 1.8846283 9.45108 
313157123649051 1379577664952097089 -0.7907715 0.9943695 11.148285 
313157187589233 1379577665016061933 -1.2394714 0.42189026 11.086395 
313157254459368 1379577665079202802 -0.6800842 0.54447937 8.263275 
313157321970431 1379577665143320234 -0.11355591 0.25764465 9.785522 
313157386734661 1379577665206369550 0.2554016 1.1931305 8.397766 
313157461723217 1379577665270334394 0.041168213 1.5370941 7.832428 
313157506038797 1379577665333566816 -0.17068481 1.5406647 9.693878 
313157579440292 1379577665397470624 -0.36349487 1.1252899 10.08902 
313157624763045 1379577665460733564 -0.025482178 1.1490936 9.615326 
313157688703226 1379577665524728925 -1.0549927 0.35881042 11.344666 
313157751971957 1379577665587778242 -0.77648926 0.542099 9.692688 
313157820337592 1379577665651865156 -0.97525024 0.46354675 9.480835 
313157886353157 1379577665714944990 -0.95977783 1.4406891 8.1633 
313157940465776 1379577665778909833 -1.3668213 0.6230316 9.373718 
313158003826070 1379577665842172773 -0.9728699 1.0336456 9.778381 
313158069780594 1379577665906015546 -0.90979004 1.5061493 9.022614 
313158138359871 1379577665969278486 -1.0776062 1.5311432 8.569153 
313158212768539 1379577666033151777 -0.9395447 1.8239288 9.270172 
313158259861474 1379577666096323164 -1.2311401 1.7215729 10.22113 
313158358045512 1379577666160440595 -0.8978882 1.5418549 11.123291 
313158395860253 1379577666223636452 -0.30755615 0.62898254 10.928101 
313158481561458 1379577666287723366 -0.44918823 -0.5623932 12.094482 
313158530485615 1379577666350772682 -0.72888184 0.27668762 7.6170044 
313158591831564 1379577666414707009 -0.40634155 -0.17915344 8.87146 
313158661509574 1379577666478000466 -0.44085693 0.32548523 9.712921 
313158734544824 1379577666541873757 -0.35992432 0.7789459 7.953827 
313158771321874 1379577666605167214 -0.6800842 1.100296 8.022858 
313158837673163 1379577666669071022 -0.8038635 0.8229828 9.712921 
313158901582823 1379577666732181374 -0.24685669 1.4383087 9.860504 
313158957862389 1379577666796298805 -0.92407227 0.9431915 10.741241 
313159019757704 1379577666859317604 -0.4753723 0.3528595 12.225403 
313159100148365 1379577666923404518 -1.9071655 -1.4002838 11.62912 
313159159571530 1379577666986589462 -1.5001221 0.6170807 7.5872498 
313159228272888 1379577667050462753 -1.506073 -0.47431946 10.161621 
313159279180868 1379577667113756210 -1.1621094 0.30525208 8.823853 
313159338665074 1379577667177629501 -1.012146 0.920578 8.134735 
313159405748854 1379577667240800887 -1.2418518 0.97532654 8.645325 
313159469963716 1379577667304887801 -0.7003174 1.4930573 9.731964 
313159528868036 1379577667367937118 -1.0906982 0.7813263 10.824554 
313159594059551 1379577667432054549 -0.32421875 0.8444061 10.368713 
313159660105637 1379577667495073348 0.61364746 0.4683075 9.121399 
313159724167898 1379577667559068710 -0.74435425 -0.17082214 11.600555 
313159783407940 1379577667622301131 -0.5015564 0.40879822 6.575592 
313159852445023 1379577667686174422 -0.24328613 -0.2886505 11.263733 
313159912814319 1379577667749467879 -0.40872192 0.29096985 8.8940735 
313159974434950 1379577667813310653 -0.63842773 0.74086 9.402283 
313160043044748 1379577667876482040 -0.993103 0.5599518 11.020935 
313160105764113 1379577667940538436 -0.85861206 0.33381653 12.4348755 
313160164576872 1379577668003618270 -0.01953125 0.59684753 10.246124 
313160228852775 1379577668067735702 -1.1156921 -0.6111908 11.352997 
313160292518273 1379577668130754501 -1.2763672 0.45640564 7.518219 
313160360517661 1379577668194719344 -0.813385 -0.22557068 10.019989 
313160423084424 1379577668257982284 -0.47061157 0.13624573 8.965485 
313160482934874 1379577668321855575 -0.32183838 1.0598297 7.940735 
313160546264647 1379577668385118514 -0.59558105 1.036026 9.111877 
313160614874444 1379577668448991805 -0.7395935 1.0324554 9.83551 
313160673198876 1379577668512163192 -0.95144653 1.0562592 10.562714 
313160737871544 1379577668576250106 -1.0871277 1.3466644 9.875977 
313160800590911 1379577668639445918 -0.5741577 -0.08869934 13.5060425 
313160868803942 1379577668703532833 -0.36468506 -0.0018157959 8.716736 
313160932683082 1379577668766673702 -0.3765869 1.3430939 7.4515686 
313160991831563 1379577668830546993 0.3887024 0.721817 11.673157 
313161054825611 1379577668893809932 0.22564697 1.7370453 7.712219 
313161122886041 1379577668957683223 0.16137695 2.1024323 8.4644165 
313161185941132 1379577669020854610 0.21374512 1.7667999 9.06308 
313161246157826 1379577669084972042 -0.5277405 1.6513519 9.724823 
313161309182396 1379577669147990840 -0.58843994 1.7846527 10.505585 
313161373366738 1379577669212077754 -0.896698 1.1657562 10.940002 
313161440023231 1379577669275157588 -1.2478027 1.299057 9.534393 
313161500178885 1379577669339091915 -1.4894104 1.8965302 9.110687 
313161567720470 1379577669402429539 -1.6893616 -0.12678528 10.576996 
313161631599608 1379577669466302830 -0.832428 1.5013885 7.8050537 
313161695112503 1379577669529535252 -0.9038391 1.5966034 8.3573 
313161753497975 1379577669592126805 -0.9812012 1.7203827 8.584625 
313161817499197 1379577669656610447 -1.2787476 1.516861 10.278259 
313161900453569 1379577669720697361 -0.9205017 1.3014374 11.073303 
313162009380777 1379577669783746678 -0.5336914 1.690628 9.078552 
313162021711007 1379577669847833592 -0.20758057 0.394516 13.515564 
313162087451890 1379577669910882908 -0.75982666 0.3040619 7.9133606 
313162138665075 1379577669974817234 0.5838928 0.38737488 9.920013 
313162206328739 1379577670038080174 0.25183105 0.39808655 9.326111 
313162275976229 1379577670101983982 -0.38729858 1.1360016 7.6539 
313162339977450 1379577670165124852 -0.28970337 1.6168365 7.8098145 
313162406054057 1379577670229120213 -0.00881958 1.7191925 9.555817 
313162466057109 1379577670292322117 -0.64556885 1.5466156 10.446075 
313162520139209 1379577670356409031 -0.993103 1.4240265 11.845734 
313162598423963 1379577670419763523 -1.3632507 0.6884918 9.227325 
313162669902675 1379577670483911473 -0.9645386 1.5823212 8.321594 
313162717361855 1379577670546655613 -1.1859131 0.13743591 10.02832 
313162779898097 1379577670610498387 -0.8145752 0.68611145 9.010712 
313162838832937 1379577670673730809 -1.0692749 0.70396423 8.194244 
313162939550165 1379577670737939793 -1.0061951 1.1300507 9.148773 
313162965156757 1379577670800226170 -1.4191895 1.234787 9.283264 
313163029188500 1379577670864892918 -0.9228821 1.0741119 11.6588745 
313163095265105 1379577670928003269 -0.15283203 1.6977692 9.424896 
313163162409924 1379577670992151219 -0.28375244 0.7075348 12.739563 
313163241732372 1379577671055560664 -0.50631714 0.51234436 8.382294 
313163297187888 1379577671119678096 -0.024291992 0.21003723 9.991425 
313163359052684 1379577671182696895 -0.18258667 0.6242218 8.925018 
313163442495380 1379577671246936397 -0.5586853 1.0181732 7.1123657 
313163475030098 1379577671310382441 -0.58010864 1.2907257 8.122833 
313163538420911 1379577671373767451 -0.29803467 1.3776093 10.213989 
313163599370094 1379577671436633662 -1.2394714 1.1764679 11.425598 
313163667613648 1379577671500964717 -1.0549927 0.9217682 10.738861 
313163779287690 1379577671563891963 -0.36706543 0.36714172 13.184692 
313163792930296 1379577671627734736 -1.5155945 0.0077056885 9.083313 
313163855893824 1379577671690997676 -1.3846741 0.6266022 8.239471 
313163919559321 1379577671754870967 -0.896698 0.5159149 8.262085 
313163985208642 1379577671818469600 -1.3061218 0.984848 9.676025 
313164045516898 1379577671882143477 -1.0466614 1.4049835 7.223053 
313164125449753 1379577671945223310 -1.0169067 1.7525177 9.414185 
313164198332403 1379577672009218672 -1.3787231 1.0693512 10.186615 
313164263920682 1379577672072359541 -0.960968 0.8860626 10.823364 
313164303536126 1379577672136446455 -0.14093018 1.7203827 9.101166 
313164371443954 1379577672199526289 -1.0978394 -0.08869934 13.402496 
313164427387796 1379577672263491133 -0.6896057 0.20646667 8.189484 
313164493220241 1379577672326784590 -4.8828125E-4 0.30882263 9.741486 
313164552521323 1379577672390657881 0.08520508 0.15290833 11.057831 
313164614996526 1379577672453890303 -0.72769165 0.20527649 8.128784 
313164682599150 1379577672517794111 0.31729126 1.4133148 7.833618 
313164747332860 1379577672580965498 0.34228516 1.0526886 8.767914 
313164808373605 1379577672645021894 2.1323242 1.1609955 13.721466 
313164877105483 1379577672708101728 0.3149109 1.6418304 9.620087 
313164973214135 1379577672772188643 -0.42895508 0.99794006 11.048309 
313164996623261 1379577672835237959 -0.6991272 0.58018494 10.053314 
313165062058939 1379577672899172285 -0.9776306 1.1479034 8.106171 
313165122611359 1379577672962404707 0.14828491 0.48258972 9.522491 
313165190427626 1379577673026308516 0.552948 1.0455475 8.955963 
313165253696357 1379577673089540937 0.120910645 1.6085052 8.99881 
313165314187736 1379577673153536299 0.05783081 1.9643707 9.749817 
313165380691626 1379577673216616133 0.26611328 1.6918182 10.388947 
313165447287079 1379577673280703047 0.11495972 1.2490692 10.352051 
313165504909542 1379577673343782881 1.8133545 1.562088 9.991425 
313165568727640 1379577673407747725 0.2637329 -0.20652771 11.11972 
313165633278230 1379577673471222450 0.96713257 1.0384064 7.4122925 
313165699904201 1379577673535095741 0.9742737 0.46592712 11.256592 
313165759418927 1379577673598358680 0.018554688 0.8967743 8.532257 
313165822321414 1379577673662170936 -0.5586853 1.8084564 8.738159 
313165913211085 1379577673725342323 -0.46347046 2.3107147 7.755066 
313165954230465 1379577673789459755 0.09591675 2.6130219 9.839081 
313166021375283 1379577673852509071 -0.4182434 2.2428741 10.417511 
313166085864829 1379577673916595985 -0.55511475 1.6525421 12.533661 
313166154749310 1379577673979645302 -1.9190674 0.40879822 10.635315 
313166225281892 1379577674043610145 -1.4132385 1.2954865 8.545349 
313166305001104 1379577674106903602 -1.8690796 0.12791443 9.870026 
313166344067180 1379577674170746376 -0.4444275 1.3395233 7.737213 
313166406084576 1379577674234009315 -1.082367 1.3847504 7.71579 
313166461540093 1379577674297897231 -0.7241211 1.838211 8.288269 
313166524686744 1379577674361068618 -0.896698 1.5442352 9.861694 
313166589206811 1379577674425125014 -0.70269775 1.1240997 10.585327 
313166652139818 1379577674488204848 -0.15997314 0.7134857 10.037842 
313166719223596 1379577674552200210 -0.09094238 -0.3636322 13.015686 
313166779135088 1379577674615432632 -0.4598999 -0.04347229 9.203522 
313166845303254 1379577674679336440 0.35894775 0.18980408 9.060699 
313166912936400 1379577674742568862 0.38513184 0.15766907 10.313965 
313166981607238 1379577674806472671 -0.50631714 0.38975525 7.4765625 
313167031233362 1379577674869644057 -0.08856201 1.0431671 7.3944397 
313167095600829 1379577674933730971 0.11853027 1.0217438 9.652222 
313167161982638 1379577674996780288 -0.550354 0.6837311 10.947144 
313167225129289 1379577675060836684 -0.68603516 0.09458923 12.073059 
313167287573970 1379577675123886001 -0.2206726 -0.066085815 12.775269 
313167352032997 1379577675187820327 -1.8536072 -0.3564911 9.06427 
313167415301728 1379577675251113784 -1.3894348 0.5492401 8.238281 
313167478906184 1379577675314956557 -1.262085 -0.42433167 9.390381 
313167542449601 1379577675378250014 -0.7157898 0.21717834 8.131165 
313167605687811 1379577675442123305 -0.86099243 0.33381653 8.184723 
313167668864983 1379577675505294692 -0.4015808 0.5432892 9.89621 
313167734819507 1379577675569412124 -0.47180176 0.5016327 10.817413 
313167797508351 1379577675632461440 0.04711914 0.3290558 10.582947 
313167861601134 1379577675696548354 -0.063568115 -0.72306824 12.808594 
313167920749615 1379577675759597671 -0.039764404 -0.17558289 7.91098 
313167984903438 1379577675823531997 0.78860474 0.56947327 8.895264 
313168052414501 1379577675886825454 0.19470215 0.4933014 8.916687 
313168116476762 1379577675950911131 -0.04095459 1.0288849 7.4813232 
313168179043527 1379577676014174070 0.24707031 1.1526642 8.697693 
313168243472032 1379577676078047361 0.14828491 1.2276459 10.92334 
313168301857505 1379577676141218748 -0.53012085 0.8979645 11.213745 
313168370650424 1379577676205336180 0.8504944 0.9229584 12.331329 
313168429188498 1379577676268324461 -0.6229553 -0.43504333 11.82431 
313168499660038 1379577676332319822 0.0423584 1.221695 7.3980103 
313168560578700 1379577676395552244 0.33514404 0.67063904 8.714355 
313168620429151 1379577676459456053 -0.3849182 -0.055374146 9.8628845 
313168683728403 1379577676522718992 -0.10046387 0.87535095 8.064514 
313168751697273 1379577676586592283 -0.8490906 0.9777069 8.135925 
313168815790055 1379577676649763670 -0.5194092 1.5989838 9.380859 
313168878997745 1379577676713850584 0.056640625 1.7751312 10.485352 
313168942022315 1379577676776914495 -0.6824646 0.5682831 10.707916 
313169002269529 1379577676841001410 0.732666 1.8905792 8.522736 
313169065019416 1379577676904050726 -0.4515686 -0.20414734 14.138031 
313169128990116 1379577676968015570 0.880249 1.4442596 7.190918 
313169208800889 1379577677031553167 0.29229736 0.48616028 9.868835 
313169279272428 1379577677095456976 0.3470459 1.1431427 9.453461 
313169329508962 1379577677158750433 -0.53131104 1.3169098 7.0528564 
313169396928464 1379577677222715277 0.5517578 1.9322357 8.992859 
313169462577786 1379577677285764593 0.041168213 1.0776825 10.586517 
313169558747478 1379577677350187201 -0.22662354 1.3454742 10.99118 
313169577242824 1379577677412595648 -0.32540894 1.0134125 10.271118 
313169639504384 1379577677477170843 -1.0561829 -0.1577301 12.089722 
313169702620514 1379577677539731878 -1.3894348 0.6325531 8.128784 
313169780386423 1379577677603666204 -0.7991028 0.4849701 10.462738 
313169849179342 1379577677666959661 -1.4798889 0.13267517 8.891693 
313169907412211 1379577677731168646 -0.7253113 1.5644684 7.5789185 
313169957953949 1379577677794004339 -1.7095947 0.67658997 8.594147 
313170026502706 1379577677858610052 -0.4682312 2.0869598 8.850037 
313170083911525 1379577677921445745 -1.6334229 1.3609467 10.419891 
313170156641574 1379577677985227484 -0.91693115 1.696579 11.558899 
313170209106093 1379577678048337835 -0.55392456 1.497818 9.608185 
313170272588467 1379577678112211126 -0.41586304 0.6908722 12.807404 
313170340679418 1379577678175504583 -0.6074829 0.16719055 9.2404175 
313170400438307 1379577678239377874 0.01260376 0.3528595 9.314209 
313170463676518 1379577678302610296 -0.7157898 1.2609711 8.16806 
313170527830340 1379577678366514105 -0.42895508 1.5870819 8.651276 
313170590732829 1379577678429893022 -0.09094238 1.8536835 9.854553 
313170655100293 1379577678493979936 -0.48846436 1.6299286 9.985474 
313170717941741 1379577678557120805 -0.23376465 1.3085785 11.019745 
313170781485156 1379577678621085649 -0.947876 0.39094543 11.549377 
313170844937010 1379577678684134965 -1.1394958 0.42070007 10.561523 
313170908938230 1379577678748130326 -1.0657043 1.4252167 7.84433 
313170973061533 1379577678811362748 -1.0621338 0.4349823 9.113068 
313171036330264 1379577678875266557 -0.7657776 0.35643005 9.852173 
313171104390695 1379577678938529496 -0.92526245 0.7575226 7.223053 
313171163630739 1379577679002524857 -0.6265259 1.0050812 9.085693 
313171226441664 1379577679065543656 -0.6253357 1.0848236 9.672455 
313171295020941 1379577679129661088 -0.4099121 1.2585907 10.308014 
313171354077861 1379577679192724072 -0.48013306 0.5980377 10.571045 
313171417499195 1379577679256688916 -0.012390137 -0.08869934 12.84906 
313171481103652 1379577679319951856 -0.43966675 -0.41600037 10.738861 
313171549042000 1379577679383825147 0.52438354 0.30882263 7.627716 
313171613775710 1379577679447088086 0.32800293 -0.10417175 10.179474 
313171674328128 1379577679510961377 -0.33374023 0.33024597 8.095459 
313171735643556 1379577679574132764 -0.39205933 0.75990295 8.162109 
313171803887110 1379577679638219678 -0.07546997 0.79441833 8.7274475 
313171866423352 1379577679701268994 -0.45037842 1.1217194 9.504639 
313171932469438 1379577679766393506 -0.6646118 1.0384064 10.625793 
313171994883598 1379577679828405225 -0.47299194 0.76704407 10.653168 
313172053848959 1379577679892370068 -1.1763916 -0.8587494 12.641968 
313172120658053 1379577679955633008 -1.5215454 -0.330307 8.569153 
313172180508503 1379577680019506299 -0.48013306 0.13505554 9.428467 
313172243807756 1379577680082769238 -1.0966492 -0.43504333 8.878601 
313172312051309 1379577680146642529 -0.7633972 0.40760803 8.87027 
313172375808367 1379577680209813916 -1.339447 0.46473694 7.4837036 
313172439595944 1379577680273900830 -0.8895569 0.9193878 9.584381 
313172497981417 1379577680336950147 -1.140686 0.47187805 10.212799 
313172561677434 1379577680401037061 -0.980011 0.24336243 11.006653 
313172625129288 1379577680464086377 0.6660156 0.77656555 9.886688 
313172689069468 1379577680528051221 -0.94073486 -1.4752655 14.345123 
313172753436934 1379577680591314160 0.19708252 -0.4945526 7.6574707 
313172816492022 1379577680655187451 0.8469238 0.16362 8.389435 
313172883911525 1379577680718358838 -0.49798584 -0.3314972 9.753387 
313172948278991 1379577680782445752 -0.37539673 0.42070007 7.6253357 
313173006603422 1379577680845702588 -0.35635376 0.5825653 8.475128 
313173075609984 1379577680909758985 -0.63723755 0.5361481 10.511536 
313173137810502 1379577680972899854 -0.67889404 0.31596375 10.694824 
313173201964325 1379577681036803663 -1.5084534 -0.7682953 12.941895 
313173275457383 1379577681100249708 -1.2585144 0.4195099 8.22876 
313173339000797 1379577681164367139 -1.7726746 -0.23866272 9.249939 
313173415729013 1379577681227660596 -1.5584412 -0.82899475 10.037842 
313173465233057 1379577681291503370 -1.2763672 -0.17677307 8.701263 
313173528196585 1379577681354583204 -1.1192627 0.0315094 8.031189 
313173604833241 1379577681418639600 -1.48703 -0.017288208 9.217804 
313173660990725 1379577681481627881 -1.0906982 0.11244202 10.54248 
313173709426556 1379577681545470655 -0.8824158 0.8396454 11.000702 
313173774679113 1379577681608581006 0.33395386 0.52186584 9.787903 
313173835445173 1379577681672468389 -1.8952637 -1.8930206 13.190643 
313173905733592 1379577681735731328 -0.5432129 -0.5790558 7.595581 
313173969978975 1379577681799879278 0.2232666 -1.3740997 9.823608 
313174047866965 1379577681863142217 0.2803955 -0.41362 9.25946 
313174087024603 1379577681926710332 -0.7407837 -0.15653992 7.8752747 
313174156824694 1379577681989851202 0.2970581 0.58018494 10.496063 
313174223175984 1379577682054029668 0.2887268 0.34928894 9.06427 
313174282354986 1379577682117048467 0.9242859 1.2871552 9.046417 
313174341503468 1379577682181104864 0.45654297 0.7325287 11.204224 
313174409380776 1379577682244276250 0.36846924 1.0526886 10.465118 
313174469170184 1379577682308149541 -1.1228333 -0.35054016 11.660065 
313174537230616 1379577682371381963 -0.70150757 0.44093323 8.55011 
313174596653780 1379577682435285772 -0.85980225 1.2633514 8.852417 
313174659434187 1379577682498457159 -1.0930786 0.77775574 9.845032 
313174723588009 1379577682562422002 -1.4001465 1.2228851 7.434906 
313174786643097 1379577682625593389 -1.5548706 1.0300751 8.927399 
313174855832782 1379577682689680303 -1.2180481 1.3288116 10.899536 
313174919040475 1379577682752729619 -1.127594 1.1907501 10.969757 
313174977914272 1379577682816694463 -0.730072 1.0110321 11.05188 
313175041366126 1379577682880018438 -0.6765137 -0.0018157959 12.488434 
313175105153703 1379577682943830694 -1.0621338 -0.16487122 9.216614 
313175168575037 1379577683007002080 -0.23971558 -0.012527466 7.4908447 
313175233247708 1379577683070966924 0.53985596 0.7003937 9.7343445 
313175295265104 1379577683134138311 -0.52893066 0.7789459 8.567963 
313175363752819 1379577683198255743 -0.08856201 1.8274994 7.2718506 
313175422199332 1379577683261547478 -0.3361206 1.6287384 9.340393 
313175488336978 1379577683325481805 -0.69555664 1.5906525 9.209473 
313175549499806 1379577683388683709 -0.58843994 1.2966766 11.998077 
313175620398630 1379577683452587517 -0.402771 1.1098175 10.617462 
313175684766095 1379577683515789422 -0.99072266 0.13148499 11.837402 
313175756611051 1379577683579723748 -0.9728699 0.5337677 9.342773 
313175819940824 1379577683642895135 -1.5477295 0.049362183 9.466553 
313175888520102 1379577683706890496 -1.0264282 0.91581726 7.6241455 
313175962562524 1379577683770061883 -1.35849 1.0336456 8.263275 
313176001231836 1379577683834148797 -0.86813354 1.44664 9.724823 
313176089466232 1379577683897228631 -0.75268555 1.4406891 9.573669 
313176133507131 1379577683961162957 -0.60391235 1.0788727 11.431549 
313176218109602 1379577684024425896 0.020935059 1.0419769 10.288971 
313176278631500 1379577684088313885 -0.7574463 -0.3731537 12.157562 
313176328654390 1379577684151546307 -0.49679565 0.10292053 8.445374 
313176378249995 1379577684215419598 0.8469238 0.18623352 10.552002 
313176442220697 1379577684278560467 0.08996582 0.824173 8.128784 
313176506313478 1379577684342677899 -0.4515686 0.6813507 8.140686 
313176584903438 1379577684405727215 0.46368408 1.7644196 8.372772 
313176638741374 1379577684469844647 0.051879883 1.2502594 9.70578 
313176696089153 1379577684532893963 0.004272461 1.1538544 11.788605 
313176758381233 1379577684596858807 -0.25875854 1.2454987 9.658173 
313176821741526 1379577684660121746 -0.018341064 0.1386261 13.798828 
313176889038946 1379577684723995037 -0.94311523 -0.3481598 9.141632 
313176948584194 1379577684787257977 -0.8300476 0.46592712 9.360626 
313177016522542 1379577684851131268 -0.6729431 0.6432648 8.409668 
313177075304780 1379577684914302654 -0.4432373 1.2597809 7.762207 
313177143670413 1379577684978389569 -0.25756836 1.7941742 7.666992 
313177202727335 1379577685041438885 0.11853027 1.8691559 8.914307 
313177266392831 1379577685105373211 -0.19567871 1.9143829 9.249939 
313177329844684 1379577685168636151 -0.3944397 1.5656586 10.915009 
313177393784865 1379577685232539959 -0.11593628 1.8751068 10.384186 
313177460899164 1379577685295802899 0.38156128 1.0538788 13.434631 
313177520871695 1379577685359676190 0.52438354 0.56114197 9.570099 
313177584140428 1379577685422847576 0.9814148 0.34095764 8.453705 
313177653391152 1379577685486934490 0.39227295 0.32191467 9.010712 
313177711135696 1379577685549983807 0.2732544 1.0693512 8.42038 
313177775228479 1379577685614070721 0.006652832 1.6049347 7.705078 
313177838405649 1379577685677211590 -0.108795166 1.5704193 9.06665 
313177902498431 1379577685741327725 0.0030822754 1.3538055 10.205658 
313177969765332 1379577685804590664 -0.20401001 1.2490692 10.898346 
313178029463180 1379577685868463955 -0.4265747 0.6099396 10.912628 
313178098347661 1379577685931726895 -0.39801025 -0.15296936 13.439392 
313178159357885 1379577685995569668 -0.9383545 0.19337463 8.567963 
313178219605101 1379577686058741055 -1.4394226 -0.06965637 9.404663 
313178287970734 1379577686122858487 -0.83361816 0.3278656 8.483459 
313178346783492 1379577686185907803 -0.58724976 1.2812042 8.077606 
313178415576411 1379577686249994717 -0.076660156 1.3264313 8.985718 
313178474480729 1379577686313013516 -0.86813354 0.69563293 12.276581 
313178542358037 1379577686377008877 -0.47894287 1.0431671 9.288025 
313178601384438 1379577686440271817 -1.4977417 -0.31245422 12.433685 
313178669017582 1379577686504145108 0.72076416 -0.5623932 10.300873 
313178728074504 1379577686567300574 0.8469238 -0.5838165 8.8940735 
313178796897942 1379577686631387488 0.20541382 -0.65760803 9.370148 
313178855374977 1379577686694436804 0.22683716 0.14100647 8.440613 
313178923984773 1379577686758523718 0.041168213 0.92533875 7.9193115 
313178982644930 1379577686821573034 -0.19924927 1.0300751 9.422516 
313179046707191 1379577686885537878 -0.23257446 0.60279846 9.940247 
313179117087168 1379577686949136511 -0.3539734 0.37071228 10.892395 
313179179623412 1379577687013070837 -0.18258667 -0.41600037 10.597229 
313179236299743 1379577687075937048 -0.20639038 -0.84684753 12.512238 
313179325602354 1379577687140146033 -0.8205261 -0.7242584 9.166626 
313179386887260 1379577687203256384 -0.9621582 -0.49217224 8.790527 
313179456321109 1379577687267343298 -0.4444275 0.06959534 8.0026245 
313179504787459 1379577687330423132 0.08996582 0.58613586 8.407288 
313179566682775 1379577687394693152 -0.29922485 0.8705902 8.885742 
313179645486375 1379577687457589880 -0.5515442 0.9800873 10.229462 
313179697981417 1379577687520150915 -0.66104126 1.0253143 10.225891 
313179770528342 1379577687584787146 -0.18496704 0.6396942 10.678162 
313179822016209 1379577687648751990 -0.39205933 -0.87184143 12.540802 
313179890656527 1379577687711862341 -0.5682068 -0.3969574 10.334198 
313179939275479 1379577687775949255 0.40774536 -0.6457062 7.7586365 
313180003520864 1379577687838815466 0.11495972 -0.44337463 9.133301 
313180067522084 1379577687902810827 -0.20758057 0.27430725 9.184479 
313180135735118 1379577687965768591 -0.26828003 0.9777069 7.6610413 
313180206633942 1379577688029977576 -0.5765381 0.8360748 8.829803 
313180268864980 1379577688093026892 -0.67770386 0.04460144 11.199463 
313180346325685 1379577688157205359 -0.75149536 -0.010147095 11.62912 
313180396867422 1379577688220675946 -0.6181946 -0.13868713 11.043549 
313180459098462 1379577688284579754 -0.684845 -0.24342346 12.5896 
313180524839344 1379577688347720623 -1.0038147 0.09220886 8.151398 
313180596073893 1379577688411960125 -1.0192871 0.20289612 7.7265015 
313180665812943 1379577688474765301 -0.6158142 0.43022156 7.9324036 
313180728959593 1379577688538974286 -0.5753479 0.94914246 7.5717773 
313180777242824 1379577688602023602 -0.46585083 1.3383331 8.773865 
313180832881462 1379577688666110516 -0.30517578 1.4168854 10.130676 
313180894318972 1379577688728732586 -0.4777527 1.3264313 10.726959 
313180957740304 1379577688792788983 -0.7395935 -0.09107971 12.39917 
313181018567407 1379577688855990887 -0.6574707 0.6087494 9.147583 
313181087787612 1379577688920169354 0.10662842 0.49092102 7.991913 
313181169124404 1379577688983279706 -0.11831665 0.26478577 9.017853 
313181220978517 1379577689047411107 -0.287323 1.0419769 8.806 
313181285437542 1379577689110460424 -0.08023071 1.7215729 7.793152 
313181355481797 1379577689175279759 -0.09094238 1.792984 8.354919 
313181408678807 1379577689237688207 -4.8828125E-4 1.5501862 9.847412 
313181470116316 1379577689301653051 -0.010009766 1.7227631 10.562714 
313181549408244 1379577689364824437 -0.37301636 0.31834412 11.475586 
313181604802719 1379577689428758763 -0.18377686 -0.37553406 12.306335 
313181669750071 1379577689491869115 -0.4111023 0.66825867 8.67627 
313181744250300 1379577689556017064 -0.6919861 0.49092102 9.627228 
313181804741679 1379577689619005345 -0.09451294 0.66230774 9.164246 
313181860685521 1379577689683153295 0.048309326 1.1955109 7.978821 
313181919559319 1379577689746111058 -0.06832886 1.7667999 8.258514 
313181972420603 1379577689809862279 -0.25994873 1.6858673 9.521301 
313182038771894 1379577689873003148 -0.40753174 1.9167633 10.168762 
313182101369177 1379577689936876439 -0.16235352 1.6513519 11.996887 
313182176388252 1379577690000230931 0.09353638 0.5730438 11.975464 
313182250094951 1379577690064592504 -0.14093018 0.62779236 9.797424 
313182304879019 1379577690127672338 0.552948 0.9479523 7.9514465 
313182365004154 1379577690191667699 0.54104614 0.22550964 9.658173 
313182430500872 1379577690254808568 0.0030822754 0.8979645 8.844086 
313182496913202 1379577690318987035 -0.05999756 1.452591 7.658661 
313182556427929 1379577690381883763 -0.095703125 1.8465424 8.520355 
313182609411294 1379577690445512914 -0.06832886 1.7691803 9.455841 
313182673137833 1379577690508775853 -0.0052490234 1.8072662 10.139008 
313182733842853 1379577690572649144 -0.40515137 1.285965 10.884064 
313182799583735 1379577690636062960 -0.4682312 -0.042282104 13.356079 
313182861570612 1379577690700149874 -0.6431885 0.5075836 9.534393 
313182924106855 1379577690763229708 -1.326355 0.38023376 9.455841 
313182993876426 1379577690827316622 -0.85028076 0.5480499 8.564392 
313183051376807 1379577690890365938 -0.49917603 0.86820984 8.018097 
313183115255946 1379577690954422335 -0.5420227 1.3978424 7.953827 
313183178646761 1379577691017593722 -0.58724976 1.5001984 8.908356 
313183244967529 1379577691081436495 -0.5908203 1.8513031 9.315399 
313183328105023 1379577691144668917 -0.87527466 1.465683 10.685303 
313183401811722 1379577691208572726 -0.8074341 1.7215729 9.816467 
313183438375128 1379577691271744112 -0.63009644 0.5349579 13.027588 
313183507808976 1379577691335831026 -0.084991455 0.6432648 9.627228 
313183568788679 1379577691398880343 0.36846924 0.16242981 9.014282 
313183639199178 1379577691462951439 -0.52178955 1.0336456 8.208527 
313183728227104 1379577691526061791 -0.4194336 1.3990326 8.162109 
313183778951963 1379577691590026635 -0.41705322 1.6501617 8.435852 
313183836788069 1379577691653289574 -0.5765381 1.863205 9.507019 
313183878356816 1379577691717162865 -1.3882446 2.2428741 10.391327 
313183941869711 1379577691780425805 -2.372528 1.5406647 10.831696 
313184009167131 1379577691844299096 -2.5296326 0.52900696 12.312286 
313184088886346 1379577691907439965 -2.5677185 1.1847992 8.784576 
313184134636383 1379577691971557396 -2.474884 0.70396423 8.813141 
313184197569390 1379577692034576195 -1.769104 1.196701 8.994049 
313184263859639 1379577692098693627 -1.4287109 1.51091 7.5075073 
313184329020635 1379577692161742943 -1.3989563 1.9608002 8.259705 
313184387070383 1379577692225707787 -1.801239 2.107193 8.953583 
313184455344455 1379577692288970726 -1.7702942 2.0262604 9.148773 
313184520749613 1379577692352844017 -1.8238525 1.9369965 10.766235 
313184575899926 1379577692415984887 -2.6534119 0.3683319 13.287048 
313184640542076 1379577692480041283 -2.4201355 0.6147003 10.139008 
313184703475083 1379577692543121117 -1.4310913 1.0848236 7.731262 
313184770894584 1379577692607269066 -1.608429 0.6016083 10.030701 
313184831660646 1379577692670287865 -1.6179504 1.0657806 8.93811 
313184902010106 1379577692734252709 -1.2823181 1.6501617 7.9395447 
313184958869559 1379577692797546166 -1.1121216 1.9155731 8.396576 
313185026197500 1379577692861388939 -1.1871033 2.0095978 9.147583 
313185089862996 1379577692924621361 -1.8512268 1.8727264 10.6008 
313185149591364 1379577692988525170 -1.7453003 1.6096954 9.853363 
313185217407634 1379577693051696556 -2.3106384 0.7134857 12.484863 
313185281103650 1379577693115995828 -1.506073 0.8467865 9.046417 
313185348645233 1379577693179045144 -2.1261597 0.9550934 9.06665 
313185406542379 1379577693243101540 -1.8666992 0.9443817 8.785767 
313185472985230 1379577693306181374 -1.5120239 1.4394989 8.460846 
313185545440595 1379577693370115701 -1.6036682 2.3023834 7.9716797 
313185593693303 1379577693433378640 -2.0011902 2.2262115 8.347778 
313185657328279 1379577693497251931 -1.4572754 1.2097931 9.342773 
313185720535970 1379577693560484353 -1.3620605 0.3611908 10.773376 
313185784170946 1379577693624510232 -1.4656067 -0.0922699 11.276825 
313185854825609 1379577693687559548 -0.9300232 -0.37672424 11.069733 
313185918521625 1379577693751646462 -0.63604736 -0.92063904 10.382996 
313185982828050 1379577693814695779 -0.16830444 -0.36006165 9.505829 
313186038741373 1379577693878660622 -0.3861084 -0.91111755 8.907166 
313186106282957 1379577693941923562 -0.5836792 -0.1255951 9.346344 
313186173519336 1379577694005811585 -0.32659912 0.7979889 8.623901 
313186232911982 1379577694069044007 -0.06594849 1.1657562 9.220184 
313186303627684 1379577694133008851 -0.287323 0.9931793 10.834076 
313186360578700 1379577694196119202 -0.8562317 1.4264069 9.839081 
313186421680484 1379577694260236634 -1.5132141 -0.19819641 12.105194 
313186485010257 1379577694323285950 -1.3549194 0.33143616 9.546295 
313186553070688 1379577694387342347 -1.634613 0.30644226 10.358002 
313186611700322 1379577694450422181 -0.5027466 0.77656555 8.250183 
313186679943875 1379577694514356507 0.6088867 1.1133881 8.375153 
313186738787153 1379577694577649964 -0.79196167 -0.17558289 9.111877 
313186806756021 1379577694641523255 -0.69555664 0.7718048 8.512024 
313186869902673 1379577694704786194 -0.684845 1.3490448 9.111877 
313186929600520 1379577694768659485 -0.6907959 0.78370667 11.007843 
313186992411448 1379577694831800354 -0.22662354 1.2193146 9.891449 
313187067644165 1379577694895826233 -0.38015747 -1.0206146 14.089233 
313187120383369 1379577694958967102 0.322052 0.57066345 7.9585876 
313187183957304 1379577695023054017 0.19113159 -0.24342346 8.921448 
313187249148819 1379577695086072815 0.28396606 0.008895874 10.118774 
313187313088999 1379577695150007142 0.35061646 1.2895355 8.7453 
313187375075875 1379577695213331116 0.42440796 1.6358795 8.466797 
313187439199178 1379577695277204407 0.27801514 1.7025299 8.583435 
313187504665377 1379577695340345276 0.52319336 1.3657074 9.911682 
313187569856892 1379577695404462708 -0.18972778 1.5704193 10.955475 
313187631752208 1379577695467481507 -0.31469727 0.9550934 11.062592 
313187699415872 1379577695531598938 -0.9621582 0.8384552 11.318481 
313187756763653 1379577695594860491 -1.012146 1.3181 8.913116 
313187823725349 1379577695658825335 -1.0216675 0.69325256 8.29422 
313187887177203 1379577695722088274 -0.7824402 1.1812286 8.704834 
313187951575188 1379577695785961565 -0.27423096 1.4490204 7.9062195 
313188015454328 1379577695849224505 -0.3777771 1.9822235 8.748871 
313188075182698 1379577695913097796 -0.76815796 2.1214752 9.561768 
313188141656068 1379577695976299700 -0.9692993 2.0072174 10.068787 
313188205596249 1379577696040356096 -0.37539673 2.0786285 9.542725 
313188264256404 1379577696103405413 -0.58010864 0.8801117 12.195648 
313188333232444 1379577696167492327 -0.35992432 0.64564514 11.225647 
313188397264187 1379577696230602678 0.19708252 1.0610199 9.052368 
313188455497056 1379577696294506487 -0.023101807 0.4183197 9.983093 
313188519223594 1379577696357769426 -0.4265747 0.90034485 8.437042 
313188582492325 1379577696421596320 -0.4777527 1.4740143 7.6539 
313188646401986 1379577696484981330 0.08520508 1.8108368 8.714355 
313188714248773 1379577696548885138 0.13995361 1.857254 10.582947 
313188773275174 1379577696611934455 -0.92407227 0.95866394 10.847168 
313188841488206 1379577696676021369 -0.8562317 -0.79685974 13.48819 
313188904146531 1379577696739070685 -1.5096436 0.21955872 7.788391 
313188964149582 1379577696803127082 -1.3644409 0.6170807 9.505829 
313189027479354 1379577696866267951 -1.4144287 0.051742554 9.019043 
313189095997590 1379577696930171759 -1.1394958 0.7551422 8.222809 
313189154779828 1379577696993434699 -1.6322327 1.2335968 7.6574707 
313189218567406 1379577697057307990 -1.1359253 1.1919403 9.661743 
313189281622495 1379577697120479376 -1.4644165 1.1217194 9.562958 
313189349621885 1379577697184535773 -1.5739136 1.1336212 10.962616 
313189409045050 1379577697247615607 -1.082367 1.1276703 9.612946 
313189473534596 1379577697311702521 -1.7357788 -0.54096985 13.545319 
313189535765637 1379577697374751837 -0.61224365 -0.22795105 8.077606 
313189604161790 1379577697438716681 0.07687378 0.2778778 10.434174 
313189663523915 1379577697501979621 -0.80267334 -0.5516815 9.363007 
313189726853686 1379577697565852912 -0.6896057 0.56947327 7.3658752 
313189790397102 1379577697629085333 -0.10284424 1.3288116 7.9716797 
313189855374976 1379577697693630011 0.0018920898 0.85154724 9.765289 
313189917361851 1379577697756221564 -0.5896301 0.5194855 11.231598 
313189985971648 1379577697820277960 -0.7324524 0.9884186 9.912872 
313190044937007 1379577697883296759 -0.4753723 -0.30293274 12.918091 
313190115500108 1379577697947383673 -1.4513245 -0.7742462 9.955719 
313190177456465 1379577698010432990 -0.8050537 1.1479034 8.203766 
313190235811416 1379577698074640732 -1.640564 -0.7433014 9.059509 
313190298866506 1379577698137903672 -1.1894836 0.22669983 8.769104 
313190366652253 1379577698201776963 -1.0680847 0.8313141 7.3730164 
313190425831254 1379577698265039902 -1.1752014 0.94914246 8.583435 
313190494502093 1379577698329035264 -1.769104 0.6563568 10.243744 
313190553650574 1379577698392084580 -1.2823181 0.4516449 11.205414 
313190626899467 1379577698456171494 -0.90145874 0.61112976 10.2854 
313190685101818 1379577698519220811 -1.0752258 -1.3074493 14.020203 
313190759754647 1379577698583185654 -0.4277649 -0.625473 7.5908203 
313190831630125 1379577698646570664 0.74575806 -0.014907837 9.733154 
313190884918695 1379577698710779649 -0.35516357 -0.68974304 9.395142 
313190989664613 1379577698773981553 -0.6896057 0.36595154 7.9954834 
313191003002016 1379577698837427598 -0.5527344 0.93247986 8.116882 
313191064653167 1379577698900644078 0.32681274 0.7051544 10.08783 
313191136955930 1379577698964669957 -0.087371826 0.09815979 10.077118 
313191194822556 1379577699027780308 -0.5765381 0.58018494 10.696014 
313191264622647 1379577699092050328 -0.35992432 0.4183197 11.982605 
313191331523305 1379577699155130162 -1.8488464 -0.62428284 11.4791565 
313191406298216 1379577699219247593 -1.4334717 1.2145538 7.8931274 
313191468315613 1379577699282357945 -0.993103 0.1302948 9.119019 
313191521817826 1379577699346383824 -0.33969116 0.81703186 8.412048 
313191588749001 1379577699409463658 -0.52297974 1.2776337 7.902649 
313191687299284 1379577699473672642 -0.5741577 1.3883209 9.0095215 
313191698042455 1379577699536325230 -0.24685669 1.3704681 10.046173 
313191764973633 1379577699600351109 -0.57177734 1.3680878 10.415131 
313191825648132 1379577699663705601 -0.014770508 0.5730438 12.27063 
313191903841326 1379577699727334751 -0.5348816 -0.108932495 9.090454 
313191980844225 1379577699790963902 0.76361084 0.34809875 10.103302 
313192041213523 1379577699854928746 0.55770874 -0.6457062 10.5555725 
313192102254266 1379577699918008580 -0.06594849 0.21717834 8.4001465 
313192147485459 1379577699981668248 0.1244812 0.8134613 7.902649 
313192206786541 1379577700044900669 0.6529236 1.4954376 8.80957 
313192277349643 1379577700109170689 0.32681274 1.548996 10.033081 
313192343243126 1379577700172006382 0.0256958 1.5716095 9.5677185 
313192441976531 1379577700236093296 -0.4444275 1.1955109 10.511536 
313192461112805 1379577700299112095 -1.0526123 1.6477814 9.631989 
313192527372532 1379577700363046421 0.13400269 0.6242218 12.6657715 
313192591709478 1379577700426339878 -2.0285645 -1.3038788 9.96405 
313192667461042 1379577700490243687 -1.3787231 0.54685974 8.045471 
313192728593349 1379577700553958315 -0.9871521 -0.42314148 10.250885 
313192786765178 1379577700617892641 -0.73602295 0.4433136 8.709595 
313192852017734 1379577700681064028 -1.0490417 0.5920868 7.953827 
313192929722601 1379577700745364565 -0.5075073 1.1824188 8.684601 
313192981332552 1379577700808200258 -1.0050049 0.8789215 9.736725 
313193058182848 1379577700872226137 -0.74435425 1.2657318 9.797424 
313193122153549 1379577700935183901 -1.1180725 1.1740875 10.738861 
313193176113569 1379577700999453921 0.06021118 1.0288849 10.268738 
313193224366277 1379577701062411684 -1.0871277 -1.3848114 13.415588 
313193288153854 1379577701126132387 -1.2001953 0.33857727 7.2825623 
313193356214284 1379577701189303774 -0.88360596 -0.64689636 9.990234 
313193440816756 1379577701253238100 -0.5015564 0.23860168 9.779572 
313193507320649 1379577701316714663 -1.5405884 -0.1255951 8.479889 
313193557251977 1379577701380998826 -0.3027954 0.3195343 9.19281 
313193628547566 1379577701443895555 -0.13497925 0.10173035 9.060699 
313193669383826 1379577701507494188 0.035217285 0.25645447 10.611511 
313193733201924 1379577701570909715 -0.9550171 -0.08155823 10.1770935 
313193798881765 1379577701634630418 -1.5203552 -0.65760803 13.018066 
313193862944027 1379577701697893357 -1.7714844 0.004135132 8.318024 
313193951666749 1379577701762224412 -1.1049805 0.83488464 8.691742 
313194006481337 1379577701825273729 -0.8157654 -0.2315216 10.3461 
313194067033757 1379577701889391160 -0.8157654 0.3933258 9.214233 
313194133568168 1379577701952318406 -0.7395935 1.2181244 8.5477295 
313194177822708 1379577702016191697 -0.6408081 1.3002472 10.000946 
313194239504381 1379577702079210496 -0.74554443 0.87416077 10.296112 
313194310281124 1379577702143205857 0.1494751 1.9048615 10.055695 
313194367445781 1379577702206377244 -0.21234131 -0.10298157 12.97879 
313194431935328 1379577702270311570 -1.0502319 -0.5385895 9.660553 
313194494593653 1379577702333482957 -0.7241211 0.458786 8.67984 
313194558503314 1379577702397478318 0.22683716 -0.052993774 10.196136 
313194621741524 1379577702460619188 -0.27542114 0.34214783 8.93811 
313194690259759 1379577702524614549 -0.48727417 1.087204 7.953827 
313194748858875 1379577702587785936 0.03878784 1.4109344 8.162109 
313194813226341 1379577702651903367 -0.18972778 1.1538544 9.7153015 
313194875182696 1379577702714983201 -0.31588745 1.4478302 9.972382 
313194946264643 1379577702778917527 -0.83361816 0.7241974 10.594849 
313195013714665 1379577702842119432 -1.095459 0.72776794 12.125427 
313195080676362 1379577702905992723 -0.98358154 0.3350067 11.003082 
313195156916254 1379577702969345422 -1.0014343 0.971756 8.844086 
313195223237023 1379577703033432337 -0.4598999 0.15171814 10.246124 
313195264470045 1379577703096481653 -0.35516357 0.029129028 9.047607 
313195330943416 1379577703160538049 0.289917 1.8155975 6.587494 
313195386887258 1379577703223739954 -0.106414795 1.4359283 8.735779 
313195450308592 1379577703287582727 -0.29803467 1.4264069 9.141632 
313195510861011 1379577703350815149 0.15423584 1.51091 9.947388 
313195580325380 1379577703414749475 0.51605225 1.7465668 10.588898 
313195639168657 1379577703477981897 0.30300903 0.3290558 11.989746 
313195707839495 1379577703542038294 0.617218 0.33024597 9.981903 
313195769765330 1379577703605026575 1.3313293 0.5266266 8.911926 
313195842403816 1379577703669174524 1.3468018 -0.006576538 10.133057 
313195894715735 1379577703732193323 0.668396 0.7646637 8.490601 
313195957892905 1379577703796142331 0.5922241 1.4383087 7.632477 
313196020795393 1379577703859344235 0.38632202 1.5692291 7.4694214 
313196084277766 1379577703923309079 0.39465332 1.7596588 10.562714 
313196147424417 1379577703986449948 -0.44799805 1.2228851 10.593658 
313196216217337 1379577704050445310 -0.7717285 0.20289612 11.494629 
313196274633329 1379577704113616696 -0.32540894 -0.6671295 13.48938 
313196338573510 1379577704177581540 -1.2478027 -0.47431946 8.590576 
313196401781201 1379577704240722409 -2.0999756 -0.2803192 9.116638 
313196469719549 1379577704304717770 -1.0038147 -0.05180359 9.458221 
313196529081674 1379577704367889157 -0.52297974 0.5278168 8.158539 
313196594181627 1379577704431854001 -0.53012085 1.1431427 8.254944 
313196656015902 1379577704495025388 -0.3777771 1.3811798 8.8940735 
313196720169724 1379577704558990231 -0.38967896 0.6420746 10.804321 
313196787009340 1379577704622161618 -0.39920044 -0.5219269 11.169708 
313196847134473 1379577704686126462 0.38156128 -0.20414734 12.661011 
313196910830491 1379577704749297849 1.1980286 -0.843277 7.369446 
313196979470808 1379577704813262692 0.8576355 -0.74568176 9.871216 
313197041671328 1379577704876403561 -0.20281982 0.061264038 8.495361 
313197101735420 1379577704940398923 -0.05166626 0.6813507 7.807434 
313197164759988 1379577705003539792 0.091156006 0.7575226 7.9562073 
313197233369785 1379577705067504636 0.4624939 0.8943939 9.871216 
313197291877339 1379577705130706540 -0.06832886 0.6325531 11.338715 
313197358320190 1379577705194640866 -0.48013306 -0.017288208 11.463684 
313197422199330 1379577705257812253 -0.9109802 -0.58262634 14.0642395 
313197487207723 1379577705321960202 -1.8167114 -0.26841736 8.466797 
313197546081521 1379577705384979001 -1.6191406 -0.21485901 8.670319 
313197609167130 1379577705447597256 -0.7074585 0.16123962 8.984528 
313197673443035 1379577705512325039 -0.5360718 0.38261414 7.4253845 
313197741503465 1379577705576289883 -0.8943176 0.87416077 7.189728 
313197804466993 1379577705639552823 -0.75982666 0.9610443 8.904785 
313197864470044 1379577705703426114 -0.53726196 0.7468109 10.5746155 
313197928074501 1379577705766689053 0.32919312 0.9539032 11.264923 
313197996928462 1379577705830684414 -0.119506836 -0.2648468 13.569122 
313198054703526 1379577705893733731 0.50177 -0.792099 11.028076 
313198119132033 1379577705957820645 1.0302124 -0.57429504 9.307068 
313198182065040 1379577706020869961 0.80526733 -0.28507996 9.132111 
313198250155990 1379577706084834805 0.35775757 0.3040619 8.184723 
313198308968749 1379577706148006192 -0.04928589 0.80989075 7.6181946 
313198378249993 1379577706212276211 -0.011199951 0.9550934 8.980957 
313198462699863 1379577706275612600 -0.056427002 0.9777069 10.373474 
313198523252282 1379577706339516408 -0.35516357 0.91819763 11.05545 
313198570680940 1379577706402626760 -0.71102905 0.30763245 10.632935 
313198644601283 1379577706466866262 -0.26828003 0.08982849 12.538422 
313198718521624 1379577706529824025 -1.108551 0.4278412 8.275177 
313198765400916 1379577706593971975 -1.1454468 0.24217224 9.232086 
313198846310424 1379577706655922658 -0.684845 0.5837555 8.315643 
313198891877339 1379577706720995693 -0.3027954 1.0288849 8.388245 
313198951483626 1379577706783892421 -0.10522461 1.215744 8.457275 
313199013806227 1379577706847796230 -0.052856445 1.2097931 9.603424 
313199077197040 1379577706911944179 0.024505615 1.3323822 10.521057 
313199139336519 1379577706975207119 0.38394165 1.1348114 10.509155 
313199209197652 1379577707038317470 0.014984131 -0.049423218 13.953552 
313199263859638 1379577707102190761 0.4446411 0.20646667 8.221619 
313199326914726 1379577707165240077 1.0087891 0.25883484 9.094025 
313199395951810 1379577707229204921 0.34347534 0.88249207 7.9074097 
313199482446544 1379577707292437343 -0.10165405 1.4133148 7.749115 
313199518399543 1379577707356310634 -0.11117554 1.3752289 9.473694 
313199585788525 1379577707419573574 -0.024291992 1.1169586 10.728149 
313199647744880 1379577707483522143 -0.13973999 1.1931305 10.559143 
313199709670716 1379577707546693529 -0.5444031 0.0315094 11.785034 
313199787100902 1379577707611146654 -0.6598511 0.15052795 11.397034 
313199862852465 1379577707674104418 -1.159729 0.4837799 8.983337 
313199924412056 1379577707738435473 -1.0906982 0.21836853 9.028564 
313199976449291 1379577707801393236 -0.6896057 0.56233215 8.597717 
313200044753884 1379577707864625658 -0.46347046 1.202652 7.838379 
313200092243584 1379577707928163256 -0.34921265 1.4204559 7.5205994 
313200157557180 1379577707992067064 -0.3123169 1.57518 8.947632 
313200215667969 1379577708055330004 0.08401489 1.3181 10.197327 
313200279302945 1379577708119203295 0.34466553 0.91581726 10.886444 
313200345257470 1379577708182374682 0.6410217 -0.3314972 13.533417 
313200411211996 1379577708246461596 0.9219055 0.3040619 9.90097 
313200470543599 1379577708309541430 1.5205688 -0.12678528 9.885498 
313200534880544 1379577708373628344 0.92785645 -0.048233032 10.554382 
313200601933802 1379577708436677660 0.20541382 0.67063904 7.728882 
313200662058935 1379577708500642504 -0.020721436 1.1728973 7.0861816 
313200725297147 1379577708563935961 0.14233398 1.4168854 8.239471 
313200793174455 1379577708627778734 -0.31707764 1.2954865 9.401093 
313200854978209 1379577708691041674 -0.05166626 1.4073639 10.562714 
313200916995606 1379577708755037035 -0.99191284 0.65159607 10.246124 
313200979470807 1379577708818177904 -0.28375244 0.28977966 13.308472 
313201042709020 1379577708882142748 -1.6679382 -0.2648468 9.3880005 
313201121268458 1379577708945192064 -1.4239502 1.228836 8.903595 
313201190641263 1379577709009126391 -1.80719 0.035079956 9.787903 
313201260746559 1379577709072419848 -1.0323792 0.8301239 8.521545 
313201297340485 1379577709136474980 -1.29422 1.3430939 7.575348 
313201362989807 1379577709199707402 -1.3644409 1.4252167 8.734589 
313201436269221 1379577709263611210 -1.3144531 1.4192657 9.526062 
313201490687044 1379577709326782597 -0.92526245 1.44664 11.007843 
313201552063513 1379577709390869511 -0.43847656 1.1800385 9.8819275 
313201620886954 1379577709453949345 -1.191864 -0.7778168 14.305847 
313201679241905 1379577709518036259 -0.64556885 -0.27912903 7.9645386 
313201761616390 1379577709581085575 0.6207886 0.04460144 9.773621 
313201822412971 1379577709645019902 -0.08618164 -0.27555847 9.739105 
313201885986907 1379577709708282841 -0.32183838 0.70277405 7.7026978 
313201939428080 1379577709772308720 -0.082611084 1.3704681 7.550354 
313202001414955 1379577709835449589 -1.0811768 0.8789215 10.724579 
313202060685519 1379577709899292363 -0.601532 1.5882721 10.607941 
313202124015290 1379577709962539426 -0.12783813 1.3359528 10.075928 
313202192258844 1379577710026626340 -0.8728943 -0.91230774 13.838104 
313202250827438 1379577710089675656 -0.73721313 0.20884705 7.382538 
313202319406715 1379577710153762570 -0.16473389 1.1764679 9.315399 
313202381973478 1379577710216903439 -0.66937256 0.067214966 9.987854 
313202446676667 1379577710280776730 -0.7907715 1.0514984 8.410858 
313202509762278 1379577710344009152 -0.84552 1.5954132 7.90979 
313202573824538 1379577710407912961 -1.1073608 1.3966522 9.572479 
313202631782726 1379577710471084348 -1.2335205 1.0467377 9.19043 
313202700453564 1379577710535171262 -1.178772 1.0848236 9.718872 
313202759449442 1379577710598220578 1.4479675 1.4371185 9.453461 
313202827326752 1379577710662307492 -0.5586853 -0.7171173 14.157074 
313202886292110 1379577710725356809 0.70410156 1.6037445 6.647003 
313202950598536 1379577710789321652 0.06616211 -0.4469452 12.702667 
313203014721837 1379577710852584592 0.48153687 0.9705658 8.93573 
313203082141339 1379577710916457883 -0.044525146 1.164566 8.363251 
313203142815840 1379577710979690305 -0.23257446 1.4359283 7.377777 
313203204924797 1379577711043716184 -0.023101807 1.4216461 9.227325 
313203268315612 1379577711106765500 -0.42181396 1.5228119 9.098785 
313203331370701 1379577711170852414 0.11734009 1.6204071 11.222076 
313203399797375 1379577711233901730 0.16970825 1.5466156 11.173279 
313203459281580 1379577711297988645 -0.67056274 0.21360779 11.385132 
313203522733435 1379577711361037961 -1.2501831 0.92533875 8.506073 
313203590427623 1379577711425002805 -1.1073608 0.61231995 9.532013 
313203657602961 1379577711488265744 -0.81695557 0.35047913 8.736969 
313203713577323 1379577711552139035 -1.1228333 0.9193878 8.502502 
313203776296688 1379577711615461737 -1.2918396 0.8527374 8.4001465 
313203844448679 1379577711679396063 -1.1882935 1.401413 9.787903 
313203907808975 1379577711742597967 -0.7586365 1.0955353 10.1128235 
313203972054357 1379577711806684881 -0.23495483 1.4026031 10.41037 
313204031019716 1379577711869825751 -0.15997314 0.2290802 12.686005 
313204099476910 1379577711933699042 -0.6241455 -0.4636078 9.404663 
313204162562520 1379577711996961981 -0.006439209 0.5516205 9.026184 
313204222321410 1379577712060835272 0.4791565 0.36476135 9.809326 
313204284247245 1379577712124067694 -0.79315186 0.5171051 8.86908 
313204353681092 1379577712187971503 -0.6896057 0.9955597 7.506317 
313204416797223 1379577712251142889 0.25183105 1.8405914 9.160675 
313204481042606 1379577712315107733 -0.050476074 1.7215729 10.300873 
313204543609370 1379577712378370672 -0.83480835 1.3300018 10.374664 
313204608159957 1379577712442441729 -1.2120972 0.08387756 12.384888 
313204670360477 1379577712505460528 -1.5405884 0.05531311 8.243042 
313204730424569 1379577712569455889 -0.70983887 0.31715393 10.581757 
313204795036197 1379577712632627276 0.08163452 -0.70640564 9.585571 
313204862089454 1379577712696714190 0.39465332 1.2907257 8.089508 
313204925602350 1379577712759916094 -0.76101685 0.7979889 7.0147705 
313204984811872 1379577712823728350 1.4527283 1.1824188 10.623413 
313205047805922 1379577712886899737 0.33276367 1.5549469 9.301117 
313205116690401 1379577712950986651 0.19470215 0.6718292 9.877167 
313205179898093 1379577713014035967 0.1828003 -0.37434387 12.196838 
313205239443339 1379577713078092364 0.24707031 0.096969604 10.455597 
313205302681550 1379577713141141680 0.6755371 0.62184143 8.851227 
313205367964626 1379577713205106524 0.2982483 -0.5112152 9.480835 
313205431782725 1379577713268369463 0.44226074 0.35643005 9.77124 
313205494013765 1379577713332364824 -0.119506836 0.93247986 8.29541 
313205556488967 1379577713395444658 -0.07546997 1.1479034 7.762207 
313205620459668 1379577713459470537 0.25897217 1.4156952 9.994995 
313205684033603 1379577713522580889 -0.27661133 1.0300751 10.968567 
313205750445933 1379577713586637285 -0.6396179 0.8146515 9.886688 
313205811181475 1379577713649717119 -0.31826782 -0.2481842 12.549133 
313205875396337 1379577713713681963 -0.5075073 0.38261414 9.144012 
313205937871539 1379577713776853350 -1.1323547 0.13743591 9.765289 
313206002055882 1379577713840818194 -0.7479248 0.32548523 9.06546 
313206065294094 1379577713904081133 -0.61105347 1.022934 8.199005 
313206168697116 1379577713967954424 -0.7467346 1.4168854 8.081177 
313206206511857 1379577714031125811 -0.8288574 1.3883209 9.220184 
313206266698032 1379577714095333584 -0.81695557 1.844162 9.51416 
313206318704746 1379577714158352383 -0.9371643 1.1990814 10.7543335 
313206386246329 1379577714222439297 -0.71817017 1.9822235 10.503204 
313206448752053 1379577714285580166 -0.2861328 0.19456482 14.035675 
313206511501938 1379577714349483974 0.16375732 0.43855286 8.395386 
313206579531848 1379577714412685879 0.5184326 0.4671173 8.533447 
313206642647978 1379577714476589687 -0.25637817 0.56352234 9.996185 
313206706740759 1379577714539761074 -0.093322754 1.202652 7.505127 
313206765584038 1379577714603847988 -0.44918823 1.7382355 8.413239 
313206828578086 1379577714666927822 -0.06951904 2.010788 8.2656555 
313206896943721 1379577714731045254 -0.1385498 2.0334015 9.947388 
313206955512315 1379577714794064053 -0.08856201 1.5858917 10.022369 
313207018964168 1379577714858028896 -0.75387573 0.51234436 12.864532 
313207082629666 1379577714921367430 -1.5358276 0.52186584 11.750519 
313207150171249 1379577714985240721 -1.6393738 0.37547302 8.798859 
313207212615931 1379577715048473143 -1.5786743 0.33976746 8.785767 
313207276067785 1379577715112346434 -0.8300476 1.0776825 7.9395447 
313207348584189 1379577715175517820 -0.8145752 1.7382355 7.897888 
313207412768533 1379577715239604735 -1.0454712 1.677536 9.582001 
313207476189866 1379577715302654051 -0.74316406 2.0655365 10.111633 
313207531889547 1379577715366740965 -0.90979004 2.1226654 10.308014 
313207591068548 1379577715429881834 -0.82647705 0.5313873 13.35965 
313207660746559 1379577715493755125 0.11853027 0.5563812 9.733154 
313207722000946 1379577715557048582 0.89334106 1.0705414 9.261841 
313207782400762 1379577715621410154 0.77194214 0.14338684 9.31778 
313207849576102 1379577715684062742 -0.5586853 1.0788727 8.153778 
313207949499802 1379577715748149656 -0.010009766 1.5585175 8.396576 
313207982217640 1379577715811229490 -0.26589966 2.0631561 8.8107605 
313208045700016 1379577715875316404 -0.86932373 1.4204559 9.305878 
313208103902365 1379577715938335203 -0.86694336 1.3169098 9.912872 
313208170345215 1379577716002330565 -0.6729431 1.1312408 10.596039 
313208226807905 1379577716065593504 -0.6098633 -0.0030059814 12.932373 
313208290473401 1379577716129436277 -1.5298767 -0.74568176 9.648651 
313208359235800 1379577716192729735 -1.210907 0.606369 8.398956 
313208421924645 1379577716256725096 -1.5013123 -0.23628235 9.443939 
313208485162856 1379577716319774412 -1.7655334 0.062454224 9.133301 
313208545104868 1379577716383861326 -1.8631287 0.42546082 8.3811035 
313208612219166 1379577716446910643 -1.3049316 0.98246765 8.239471 
313208672191698 1379577716510997557 -0.95977783 0.91819763 9.592712 
313208739824843 1379577716574193365 -0.9062195 0.36357117 10.554382 
313208803887104 1379577716638158209 -0.87646484 0.67063904 10.543671 
313208867400000 1379577716701299078 -0.21710205 -0.5124054 13.059723 
313208926273797 1379577716765294439 -1.2180481 -1.0896454 9.7986145 
313208995768685 1379577716829869635 0.26730347 0.38975525 7.9657288 
313209058182847 1379577716892552740 -0.05999756 -0.5528717 11.226837 
313209116598839 1379577716955602057 -0.31350708 0.67658997 7.7598267 
313209184872913 1379577717019688971 -0.15283203 1.6239777 7.7026978 
313209243777231 1379577717082738287 -0.49679565 1.25383 8.74054 
313209307870013 1379577717146825201 -0.73721313 0.74443054 10.463928 
313209371749152 1379577717209874518 -0.66937256 0.90748596 10.642456 
313209435964015 1379577717273839361 -0.4527588 0.6718292 11.025696 
313209497889852 1379577717337085404 -0.93240356 0.19813538 11.856445 
313209562318357 1379577717401050248 -0.79196167 1.2681122 7.158783 
313209625648130 1379577717464221634 -1.3846741 0.064834595 10.312775 
313209693464397 1379577717528186478 -1.7453003 -0.8230438 10.211609 
313209757770822 1379577717591357865 -1.4049072 0.66230774 7.518219 
313209816553059 1379577717655322709 -0.63842773 1.760849 7.5146484 
313209879699709 1379577717718494095 -0.9645386 1.0693512 10.621033 
313209944250297 1379577717782519974 -0.5336914 0.6158905 10.873352 
313210009869097 1379577717845691361 0.15423584 0.20170593 11.6588745 
313210069963711 1379577717909656205 -0.76815796 -1.4621735 13.088287 
313210136925408 1379577717972827591 0.20065308 0.0017547607 7.839569 
313210200377262 1379577718036761918 0.6921997 0.13505554 9.64032 
313210261173843 1379577718099902787 -0.35635376 -0.71354675 10.115204 
313210324900381 1379577718164020218 -0.55392456 0.32191467 8.434662 
313210388413276 1379577718227039017 -0.37301636 0.7634735 8.2335205 
313210456595787 1379577718291125931 0.28396606 1.1455231 9.25827 
313210516385197 1379577718354266800 -0.013580322 0.7337189 9.89978 
313210579074041 1379577718418140091 0.44702148 0.4278412 11.210175 
313210657480879 1379577718481708207 0.36846924 0.3028717 10.294922 
313210733049321 1379577718545734086 -0.80862427 -0.33387756 11.539856 
313210783713138 1379577718608874955 -0.8074341 0.8408356 8.514404 
313210848019563 1379577718673083939 -1.0680847 -0.30055237 10.596039 
313210901430214 1379577718735767045 -0.90026855 -0.047042847 9.407043 
313210963783336 1379577718799518265 -0.4182434 0.7956085 8.159729 
313211027326750 1379577718862689652 -1.1168823 0.5659027 7.8419495 
313211097523607 1379577718926654496 -0.90026855 0.7967987 9.209473 
313211183194292 1379577718990002896 -0.8955078 0.63612366 9.723633 
313211243746710 1379577719054242398 -0.5741577 0.44807434 10.47345 
313211309640195 1379577719117627408 0.12924194 1.0883942 9.6510315 
313211367995147 1379577719181561734 0.41964722 -0.41600037 12.919281 
313211459037417 1379577719244611050 -0.17068481 -0.6599884 9.070221 
313211469963710 1379577719308209683 0.5350952 -0.24104309 9.459412 
313211533720768 1379577719371411587 0.30062866 -0.036331177 9.354675 
313211602086404 1379577719436322476 -0.69555664 0.13386536 8.433472 
313211676037265 1379577719498578336 -0.76815796 0.6004181 8.657227 
313211738512466 1379577719562512662 -0.32302856 0.73609924 9.309448 
313211800377261 1379577719625745084 -0.601532 0.20765686 10.442505 
313211867766244 1379577719689984586 -0.40396118 0.61112976 10.21637 
313211925022462 1379577719753155972 -0.64437866 0.43260193 10.34729 
313211981363070 1379577719816860466 -0.93478394 -0.9551544 12.551514 
313212051651486 1379577719879970817 -1.6203308 -0.71235657 8.319214 
313212108083655 1379577719944088249 -0.83480835 0.43855286 9.203522 
313212228303402 1379577720007473259 -1.0930786 -0.6266632 9.89978 
313212247592277 1379577720071254997 -0.99191284 -0.29579163 9.399902 
313212294959895 1379577720134304313 -1.0549927 0.34214783 7.595581 
313212359266320 1379577720198238639 -0.6812744 0.59446716 8.664368 
313212422626612 1379577720261501579 -0.41705322 0.31715393 10.384186 
313212486841476 1379577720325374870 -0.0730896 -0.46479797 10.322296 
313212587741827 1379577720388820915 1.0433044 -0.8087616 11.88382 
313212618201158 1379577720452572136 0.22683716 -1.0075226 11.513672 
313212693250756 1379577720515987663 -0.010009766 -0.3636322 7.6943665 
313212757129894 1379577720580288200 0.36489868 -0.45051575 9.5998535 
313212805993010 1379577720642849235 -0.44085693 -0.3053131 9.566528 
313212866942193 1379577720706722526 -0.25637817 -0.38624573 7.934784 
313212932927237 1379577720769924430 0.93499756 0.426651 9.38443 
313212997752510 1379577720833919792 0.11972046 -0.86946106 10.338959 
313213063005066 1379577720897182731 1.0897217 0.3195343 9.4201355 
313213126243276 1379577720961086540 1.0099792 -0.182724 10.500824 
313213185269678 1379577721024257927 0.80407715 -0.5754852 11.241119 
313213253665832 1379577721088222770 -0.7336426 -0.6540375 10.21756 
313213317117686 1379577721151394157 -0.7407837 -0.08631897 8.052612 
313213376449289 1379577721215450554 -0.42895508 -0.3648224 11.2161255 
313213439870623 1379577721278530388 -0.39562988 -0.047042847 9.5034485 
313213506771280 1379577721342464714 -0.8062439 0.17314148 7.221863 
313213587711306 1379577721405786769 -0.35159302 0.394516 9.409424 
313213652719700 1379577721469751613 -0.1468811 0.5075836 10.139008 
313213722794475 1379577721533014553 0.07449341 -0.38505554 10.870972 
313213763264488 1379577721597070949 0.6695862 -0.15296936 11.283966 
313213830470349 1379577721660059230 0.7755127 -1.2181854 12.71814 
313213910555805 1379577721723963039 -0.08618164 -1.0253754 9.007141 
313213963386571 1379577721787225978 1.2123108 -0.6528473 7.728882 
313214012676971 1379577721851190822 1.59198 -0.5195465 9.57843 
313214092457225 1379577721914331691 0.06259155 -0.83732605 8.948822 
313214138665068 1379577721978296535 0.16970825 -0.21247864 8.393005 
313214205321561 1379577722041528957 0.7493286 0.7146759 8.310883 
313214268956539 1379577722105402248 0.56604004 0.44093323 9.497498 
313214332042147 1379577722168634670 0.8421631 0.6325531 11.103058 
313214405809888 1379577722232675230 0.38989258 0.06840515 10.856689 
313214460258232 1379577722295877134 0.7814636 -0.266037 12.637207 
313214527219928 1379577722359811460 -0.67770386 -0.5124054 8.794098 
313214590824385 1379577722422952330 -0.45394897 0.6825409 9.110687 
313214652200853 1379577722486947691 -0.3932495 -0.21009827 9.209473 
313214710616846 1379577722550088560 -0.33493042 0.30049133 9.197571 
313214777517501 1379577722614083921 -1.2573242 0.29096985 8.147827 
313214840969356 1379577722677357006 -0.81100464 1.1812286 7.659851 
313214902681550 1379577722741352367 -0.9133606 0.90748596 10.003326 
313214969704287 1379577722804554272 -0.5777283 0.8622589 10.849548 
313215038619288 1379577722868458080 -1.0014343 0.57780457 10.293732 
313215092884510 1379577722931769991 0.35656738 0.24455261 13.193024 
313215156427924 1379577722995765353 0.57437134 0.38380432 7.966919 
313215226777384 1379577723058875704 0.69696045 -0.24580383 9.480835 
313215284369325 1379577723122779513 0.36489868 0.56233215 9.109497 
313215350873217 1379577723185950900 -0.18139648 0.8063202 8.070465 
313215413958827 1379577723250007296 0.68148804 2.0286407 8.321594 
313215475945702 1379577723313065844 0.16494751 1.4966278 10.167572 
313215546508804 1379577723375169116 0.2315979 1.632309 10.895966 
313215615606926 1379577723440171557 -0.012390137 1.0015106 10.41037 
313215686871997 1379577723504136401 -0.7253113 -0.26127625 13.410828 
313215755725956 1379577723567399341 -1.0621338 0.6992035 7.615814 
313215795921287 1379577723631303149 -1.2144775 0.4016571 8.946442 
313215854611962 1379577723694474536 -0.3944397 0.6408844 10.594849 
313215929508956 1379577723758439380 -0.6800842 0.8384552 7.978821 
313215994914114 1379577723821610766 -0.81814575 1.1907501 7.7776794 
313216069536425 1379577723885697680 -0.43966675 1.4537811 8.983337 
313216109182388 1379577723948746997 -0.8859863 1.2788239 9.998566 
313216179776011 1379577724012711841 -0.65390015 1.1907501 10.172333 
313216243075262 1379577724076005298 -0.11236572 0.8789215 10.949524 
313216300789286 1379577724139923787 -0.30041504 -0.46836853 12.868103 
313216398027193 1379577724203095174 -0.0730896 0.026748657 8.646515 
313216427723514 1379577724267060017 0.9242859 0.69325256 9.396332 
313216491724735 1379577724330200887 0.1828003 0.74086 9.228516 
313216559418920 1379577724394196248 -0.58843994 0.8705902 7.65152 
313216625281884 1379577724457367635 -0.56344604 1.38237 8.03952 
313216682751746 1379577724521362996 -0.9704895 1.0134125 10.453217 
313216744738622 1379577724583374715 -0.6181946 1.7180023 10.485352 
313216814264031 1379577724648499226 -0.81100464 0.8729706 11.414886 
313216878875659 1379577724711670613 -1.191864 0.16600037 11.792175 
313216936681243 1379577724775635457 -0.9788208 0.343338 8.789337 
313217000194139 1379577724838806844 -1.2192383 1.1240997 8.917877 
313217067766243 1379577724902771687 -0.8145752 0.394516 10.248505 
313217131004454 1379577724965943074 -0.9228821 0.7146759 8.235901 
313217195310879 1379577725029877400 -0.665802 0.8717804 8.416809 
313217255283410 1379577725093079305 -1.1168823 0.6492157 9.462982 
313217322000945 1379577725157044148 -0.78125 1.1978912 9.462982 
313217385025513 1379577725220185017 -0.7217407 0.61231995 10.47464 
313217445272729 1379577725284180379 -0.21710205 1.331192 9.090454 
313217508449899 1379577725347351766 -0.58010864 -0.1493988 12.968079 
313217576937616 1379577725411286092 -0.4277649 0.09577942 8.094269 
313217640175827 1379577725474457478 0.19708252 0.47068787 8.866699 
313217699476909 1379577725538452840 0.62197876 0.21955872 10.650787 
313217766621729 1379577725601624226 -0.0028686523 0.97532654 8.1180725 
313217830622950 1379577725665589070 -0.36468506 1.7120514 8.239471 
313217894441048 1379577725728760457 -1.0657043 1.6489716 9.466553 
313217954230458 1379577725792388354 -1.2489929 1.1455231 10.3246765 
313218016553058 1379577725856017504 -1.1323547 0.40046692 11.386322 
313218081103645 1379577725919982348 -1.7774353 -0.50883484 11.826691 
313218144189255 1379577725983153735 -1.6334229 0.15409851 8.0538025 
313218208007354 1379577726047118579 -1.5072632 -0.1327362 9.790283 
313218271398167 1379577726110289965 -1.3227844 0.28382874 10.397278 
313218339946924 1379577726174254809 -1.9690552 0.07673645 8.671509 
313218402452645 1379577726237395678 -1.1525879 0.74086 7.877655 
313218466392827 1379577726301391040 -2.1178284 -0.2743683 9.527252 
313218525754950 1379577726364531909 -1.6143799 0.574234 9.758148 
313218593571218 1379577726428496752 -1.9833374 -0.39338684 10.546051 
313218652933342 1379577726491698657 -0.36349487 0.2374115 9.480835 
313218717087164 1379577726555663500 -2.1892395 -1.2717438 13.852386 
313218779806530 1379577726618910519 -0.76101685 -0.445755 7.6943665 
313218847683837 1379577726682875363 0.13162231 -0.6707001 9.092834 
313218906954401 1379577726746046750 -0.018341064 -0.46003723 9.795044 
313218971108224 1379577726810011593 -0.6479492 0.1302948 8.477509 
313219043685668 1379577726873182980 -0.22424316 0.82655334 7.3980103 
313219127036806 1379577726937453000 -0.5658264 0.6313629 9.583191 
313219172969966 1379577727000563351 -0.9621582 0.91700745 10.065216 
313219237642635 1379577727064619748 -0.8371887 0.5920868 10.897156 
313219302925713 1379577727127669064 -0.49084473 -0.04109192 11.50415 
313219365522995 1379577727191694943 -1.4370422 -0.65641785 10.66507 
313219431080755 1379577727254957882 -1.0216675 0.09577942 7.7062683 
313219495234577 1379577727318739621 -1.525116 -0.7444916 9.399902 
313219543426246 1379577727381666867 -0.9276428 0.004135132 10.378235 
313219607610589 1379577727445662228 -1.2894592 0.195755 8.756012 
313219685132335 1379577727508833615 -1.5203552 0.24217224 8.300171 
313219749499800 1379577727573012082 -1.4572754 0.41355896 9.912872 
313219813317899 1379577727636213986 -1.7143555 0.4016571 9.996185 
313219888703217 1379577727700239865 -1.3965759 -0.29341125 10.137817 
313219961158581 1379577727763350216 -0.8621826 -0.77067566 9.340393 
313219989481488 1379577727827070920 -2.0916443 -1.2705536 13.577454 
313220058945855 1379577727890242306 -0.36587524 0.16838074 6.1138 
313220116873522 1379577727954207150 -0.6669922 -0.7825775 10.319916 
313220188077550 1379577728017409054 -1.0597534 -0.67189026 9.77243 
313220267461038 1379577728081679074 -1.1573486 0.075546265 8.195435 
313220313485761 1379577728144728390 -1.0454712 0.5004425 8.182343 
313220369124399 1379577728208510129 -1.3346863 0.80274963 9.7986145 
313220441457682 1379577728271832866 -2.1523438 -0.20533752 11.412506 
313220497554125 1379577728335797710 -1.5084534 -0.10298157 10.959045 
313220559815685 1379577728398969097 -2.9473877 -1.1039276 13.054962 
313220627845596 1379577728462933941 -1.6000977 0.66825867 6.9457397 
313220691266929 1379577728526105327 -2.9783325 -0.21128845 9.293976 
313220751056339 1379577728590070171 -1.1133118 -0.19224548 8.475128 
313220815729007 1379577728653241558 -0.34088135 0.5980377 9.214233 
313220882293939 1379577728717206401 -0.92407227 -0.057754517 8.512024 
313220945410070 1379577728780377788 -0.32302856 0.28025818 8.914307 
313221005413122 1379577728844342632 -0.7467346 0.09101868 9.972382 
313221068620813 1379577728907514019 -0.4610901 -0.27079773 11.213745 
313221136864365 1379577728971478862 0.26254272 -0.31126404 9.780762 
313221198881763 1379577729034619732 -0.3611145 -1.2753143 13.635773 
313221259220538 1379577729098751795 -0.11236572 -0.14582825 6.7576904 
313221355664914 1379577729161892664 0.67315674 -0.6611786 8.262085 
313221388504835 1379577729225888026 0.76242065 -0.111312866 10.047363 
313221464805767 1379577729289059412 0.48272705 0.657547 8.790527 
313221538237782 1379577729353024256 0.2970581 0.939621 7.903839 
313221599034363 1379577729416195643 0.17208862 0.8646393 9.408234 
313221662791422 1379577729480160487 0.48272705 1.0134125 10.096161 
313221728868027 1379577729543311542 -0.2944641 -0.013717651 11.433929 
313221771413427 1379577729607306903 0.2970581 -0.2969818 12.3515625 
313221834193832 1379577729670478290 -1.4322815 -1.3169708 10.813843 
313221898042451 1379577729734443134 -0.79315186 0.15052795 7.5920105 
313221958777994 1379577729797645038 -1.4168091 -0.13511658 8.917877 
313222045181167 1379577729861579364 -0.6896057 0.4195099 9.912872 
313222085956384 1379577729924781268 -0.83361816 0.7872772 7.5991516 
313222164302180 1379577729988746112 -1.0871277 1.0991058 8.709595 
313222217499188 1379577730051917499 -0.82528687 1.1240997 9.230896 
313222277288600 1379577730115821307 -0.9764404 0.6825409 11.226837 
313222343914572 1379577730179023212 -0.9859619 -0.18867493 11.751709 
313222408068394 1379577730243018573 -0.07904053 0.054122925 10.566284 
313222471611809 1379577730306281513 -1.0609436 -1.1455841 12.662201 
313222531157055 1379577730370200006 -0.4598999 -0.445755 6.3078003 
313222595188798 1379577730433371392 0.51724243 -0.23747253 9.534393 
313222658854294 1379577730497336236 0.5874634 -0.30412292 9.38205 
313222726029633 1379577730560599175 -0.22781372 -0.095840454 8.285889 
313222785513839 1379577730624594537 0.07330322 0.44450378 8.950012 
313222848477366 1379577730687643853 0.061401367 0.26716614 9.292786 
313222917056644 1379577730751730767 -0.43847656 0.1386261 10.333008 
313222976327206 1379577730814871636 0.13757324 -0.8230438 11.082825 
313223039718020 1379577730878744927 -0.6967468 -1.7049713 10.572235 
313223107076482 1379577730941916314 -1.1323547 -0.7528229 9.360626 
313223171627069 1379577731005881158 -0.24804688 -0.27674866 9.074982 
313223234346435 1379577731069144097 -0.8895569 0.14814758 8.42157 
313223299324307 1379577731133139459 -1.0787964 0.08268738 8.209717 
313223362440438 1379577731196188775 -1.0585632 0.5028229 9.203522 
313223425709169 1379577731260153619 -1.2954102 0.19456482 9.133301 
313223488520095 1379577731323416558 -0.52178955 0.343338 10.2604065 
313223548523148 1379577731387411920 -0.45394897 0.03627014 11.3315735 
313223611791879 1379577731450552789 0.5505676 0.23027039 11.031647 
313223680401677 1379577731514426080 -0.29922485 -0.9884796 11.461304 
313223742510634 1379577731577597466 -0.7633972 -0.3802948 8.078796 
313223802727330 1379577731641684381 0.6588745 0.60398865 9.06189 
313223865965540 1379577731704733697 0.022125244 0.13386536 9.668884 
313223933903890 1379577731768820611 0.289917 0.92652893 7.9657288 
313223997569386 1379577731831869927 -0.0016784668 1.9334259 7.3730164 
313224060868637 1379577731895834771 -0.30517578 2.5356598 9.203522 
313224120505445 1379577731959097711 -0.40039063 2.1833649 10.751953 
313224184140423 1379577732023122322 0.05307007 1.8536835 13.996399 
313224247470195 1379577732086263191 -1.8643188 0.87535095 9.817657 
313224315988432 1379577732150380622 -1.9559631 0.4683075 11.282776 
313224377792185 1379577732213429939 -1.8476563 0.8967743 8.508453 
313224442312251 1379577732277486335 -1.8131409 1.2562103 8.283508 
313224505458903 1379577732340505134 -1.390625 1.4954376 9.486786 
313224569429602 1379577732404531013 -1.0157166 1.7513275 7.934784 
313224640419988 1379577732467793953 -1.1264038 2.415451 8.439423 
313224697615166 1379577732531667244 -1.3346863 2.6046906 8.708405 
313224758747472 1379577732594930183 -1.5989075 2.5297089 9.520111 
313224823694825 1379577732659230720 -1.8369446 2.3095245 10.630554 
313224884857650 1379577732721974861 -1.9262085 2.0655365 10.778137 
313224949164076 1379577732786092292 -1.5739136 1.2681122 12.894287 
313225013501020 1379577732849217228 -1.089508 1.0503082 7.2266235 
313225077044435 1379577732913365177 -0.56344604 0.80989075 9.094025 
313225136955927 1379577732976322941 -0.48251343 0.67658997 9.783142 
313225205199478 1379577733040318302 -0.29208374 1.2847748 7.7860107 
313225265996060 1379577733103581242 -1.0704651 1.792984 8.218048 
313225328715426 1379577733167576603 -1.3930054 2.2595367 8.476318 
313225391831555 1379577733230717472 -1.9107361 2.4809113 10.559143 
313225458304927 1379577733294539979 -2.0285645 2.0464935 9.489166 
313225521970423 1379577733357680848 -3.1401978 1.0967255 12.903809 
313225582950128 1379577733421828797 -2.06427 0.7789459 11.062592 
313225646066257 1379577733484878114 -2.32135 0.76942444 9.233276 
313225715225422 1379577733549483826 -1.7262573 1.1586151 9.283264 
313225777853225 1379577733612105897 -1.6750793 1.6703949 7.480133 
313225836971186 1379577733675979188 -1.6500854 2.1428986 7.7705383 
313225900545122 1379577733739242127 -1.9285889 2.0476837 9.234467 
313225964149578 1379577733803084901 -2.1368713 2.286911 9.074982 
313226040267387 1379577733866256287 -2.3427734 1.9179535 10.4913025 
313226091053286 1379577733930221131 -2.9569092 1.132431 13.586975 
313226161036500 1379577733993484071 -1.3120728 0.2528839 10.86145 
313226222596091 1379577734057509949 -0.87646484 1.0955353 6.7576904 
313226282019256 1379577734120634940 -1.2466125 0.37071228 9.505829 
313226345562672 1379577734184599784 -1.1894836 1.3264313 9.226135 
313226408984005 1379577734247862723 -1.1847229 2.069107 8.140686 
313226477471720 1379577734311827567 -0.94311523 1.8917694 8.604858 
313226540984615 1379577734375029471 -1.2001953 2.3428497 9.486786 
313226604131266 1379577734438994315 -1.7798157 2.3297577 10.85788 
313226663432349 1379577734502043631 -1.4620361 1.9417572 10.517487 
313226731218097 1379577734566130545 -1.197815 0.5278168 10.968567 
313226790183456 1379577734629179862 -1.0740356 0.08387756 10.599609 
313226854673002 1379577734693144705 -1.2120972 0.56352234 8.8750305 
313226918399540 1379577734757323172 -1.5084534 -0.3481598 8.863129 
313226985269675 1379577734820280936 -1.2632751 0.458786 8.670319 
313227048629968 1379577734883543875 -0.64556885 1.1978912 7.9181213 
313227108968745 1379577734947417166 -0.6181946 1.3704681 8.382294 
313227177364898 1379577735010680106 -0.58724976 1.4966278 9.473694 
313227236543901 1379577735074583914 -0.5075073 1.7037201 9.9461975 
313227300972407 1379577735137785819 -0.6836548 1.9036713 10.396088 
313227363386568 1379577735201811698 -0.36587524 0.52186584 12.223022 
313227425312404 1379577735264861014 -0.15759277 0.66944885 11.724335 
313227490656520 1379577735328947928 0.032836914 0.9467621 7.345642 
313227552338194 1379577735391966727 0.5184326 0.72776794 8.522736 
313227622229846 1379577735455962088 0.34228516 0.80870056 10.367523 
313227685071293 1379577735519225028 0.032836914 1.3407135 8.406097 
313227744280815 1379577735583098319 -0.1302185 1.3549957 8.389435 
313227816247853 1379577735646269705 -0.22305298 1.594223 9.2535095 
313227873595633 1379577735710326102 -0.69436646 1.4299774 10.212799 
313227935368866 1379577735773582919 -0.8062439 1.3264313 10.4591675 
313228011150951 1379577735837639315 -1.0871277 0.47306824 10.998322 
313228062699860 1379577735900810702 -0.9764404 0.23146057 12.175415 
313228130271965 1379577735964714511 -0.8705139 0.36476135 8.765533 
313228188871079 1379577736027916415 -0.7800598 0.37190247 9.958099 
313228252750219 1379577736091820224 -0.51226807 0.97413635 8.0216675 
313228321207413 1379577736155083163 -0.69436646 1.44664 8.10141 
313228379837049 1379577736218956454 -1.3037415 1.151474 9.390381 
313228443014221 1379577736282127841 -0.7633972 1.6108856 9.474884 
313228507534287 1379577736346214755 -0.6419983 1.4752045 10.136627 
313228569490643 1379577736409233554 -0.8621826 1.0122223 11.75528 
313228637856276 1379577736473320468 -0.68603516 -0.2577057 13.323944 
313228698683378 1379577736536413967 -0.0730896 0.27668762 7.7384033 
313228764332701 1379577736600470364 0.10900879 0.458786 8.836945 
313228825037720 1379577736663672268 -0.033813477 0.5182953 9.855743 
313228890748082 1379577736727637112 -0.26589966 1.2526398 8.365631 
313228951880387 1379577736790716946 -0.03857422 2.0036469 7.6872253 
313229017651790 1379577736854803860 0.007843018 2.1667023 9.547485 
313229078875658 1379577736917853176 -0.37539673 1.8917694 9.992615 
313229147088689 1379577736981940090 -1.178772 2.1548004 10.037842 
313229206023528 1379577737044989407 -1.5298767 0.7241974 10.949524 
313229270543595 1379577737108954250 -2.1761475 0.21836853 11.225647 
313229335307826 1379577737172186672 -2.9057312 0.4421234 9.735535 
313229396562212 1379577737236059963 -1.6524658 0.21122742 8.3168335 
313229461082280 1379577737299353420 -1.1561584 1.0312653 10.021179 
313229524625695 1379577737363226711 -1.0966492 1.164566 8.222809 
313229587467141 1379577737426428616 -0.730072 1.4228363 8.914307 
313229656412663 1379577737490454495 -0.8824158 1.4359283 8.428711 
313229715439063 1379577737553534329 -0.52059937 1.8286896 10.02594 
313229781576710 1379577737617590725 -0.6241455 1.2335968 9.96167 
313229843685668 1379577737680640041 -0.35635376 0.9515228 10.631744 
313229906069309 1379577737744696438 -0.35873413 -0.40171814 14.282043 
313229968483470 1379577737807867825 0.016174316 0.29811096 7.2278137 
313230050827435 1379577737871710598 0.29943848 0.5111542 8.632233 
313230101979578 1379577737934912502 -0.30755615 -0.18629456 9.502258 
313230162989803 1379577737998999416 -0.5253601 0.92652893 8.93692 
313230222962336 1379577738062048733 -0.07785034 1.4537811 8.049042 
313230290168195 1379577738126105129 -0.33016968 1.2502594 9.429657 
313230349774482 1379577738189331478 -0.2706604 1.4371185 10.951904 
313230413592580 1379577738253296322 -0.61105347 1.2621613 10.744812 
313230477441199 1379577738316559261 -1.4894104 0.47306824 10.824554 
313230543456766 1379577738380493588 -0.6824646 -0.40052795 12.549133 
313230605229999 1379577738443664974 -1.0145264 0.6753998 7.987152 
313230673290429 1379577738507599301 -1.5739136 0.29692078 9.074982 
313230731797982 1379577738570740170 -0.6408081 0.62065125 8.86908 
313230801018187 1379577738634857601 -1.1192627 1.2443085 8.394196 
313230858793253 1379577738697876400 -0.7895813 1.3585663 8.765533 
313230931492779 1379577738762024349 -0.32540894 2.1309967 9.95929 
313230986337887 1379577738825012631 -0.06594849 1.5121002 10.393707 
313231053757391 1379577738888977474 -0.61224365 1.2205048 11.614838 
313231113027953 1379577738952345595 0.3720398 0.72657776 11.880249 
313231177120735 1379577739016218886 -0.024291992 0.9193878 7.151642 
313231240358947 1379577739079390273 -0.55392456 0.56233215 7.7645874 
313231308266774 1379577739143324599 0.61364746 1.2883453 10.737671 
313231367567860 1379577739206618056 -0.69317627 0.72062683 8.481079 
313231438802408 1379577739270643935 -0.42300415 1.728714 8.582245 
313231494685209 1379577739333662734 -0.49560547 1.0181732 10.167572 
313231558076023 1379577739397597060 -1.0038147 1.632309 9.880737 
313231621131112 1379577739460737929 -0.614624 1.3288116 10.496063 
313231689649349 1379577739524855361 -0.832428 1.1883698 12.59198 
313231777151256 1379577739587996230 -1.1002197 0.6646881 11.086395 
313231835078922 1379577739651869521 -1.3894348 1.4954376 7.068329 
313231900972406 1379577739715040908 -2.173767 0.5480499 10.611511 
313231964943108 1379577739779005752 -1.210907 0.888443 9.790283 
313232029737858 1379577739842238174 -1.0561829 1.2181244 8.047852 
313232071184523 1379577739906264052 -1.3001709 1.7168121 7.4837036 
313232141289817 1379577739969313369 -1.4834595 1.5359039 8.697693 
313232211883439 1379577740033278213 -1.0347595 1.8358307 9.489166 
313232260807597 1379577740096480117 -1.1192627 1.5716095 10.318726 
313232344372375 1379577740160567031 -1.0502319 1.8167877 9.693878 
313232411211991 1379577740223585830 -0.47061157 0.311203 12.735992 
313232450430669 1379577740287550674 -0.31588745 -0.03276062 11.220886 
313232529142710 1379577740350722060 -0.8883667 0.36714172 7.2075806 
313232601994838 1379577740414656386 0.57318115 0.4349823 10.482971 
313232649362456 1379577740477980361 -0.3849182 0.11125183 10.064026 
313232717178725 1379577740541823134 -0.56225586 1.1824188 7.4956055 
313232778829876 1379577740605115306 0.06021118 1.5894623 8.203766 
313232829737857 1379577740669110667 0.1899414 1.5180511 10.041412 
313232892548784 1379577740732282054 -0.40753174 1.4680634 10.318726 
313232961555345 1379577740796368968 -0.3111267 1.337143 10.576996 
313233020947990 1379577740859448802 -0.614624 0.23384094 12.364655 
313233088092809 1379577740923383128 -1.3620605 -0.13630676 9.098785 
313233151697265 1379577740986554515 -1.6512756 0.58851624 7.420624 
313233211578235 1379577741050549876 -0.72650146 0.37071228 9.889069 
313233274785927 1379577741113721263 -0.35992432 0.42546082 9.902161 
313233342358031 1379577741177686106 -0.42895508 0.94914246 9.207092 
313233401567554 1379577741240949046 -1.0430908 0.78489685 8.022858 
313233465782417 1379577741304791819 -0.4182434 1.0467377 9.57843 
313233529325831 1379577741367993724 -0.1302185 0.6634979 10.0914 
313233592808207 1379577741432034272 0.4862976 -0.098220825 10.607941 
313233660838116 1379577741495297212 -0.68722534 -1.3395844 13.55127 
313233727525130 1379577741559292573 -0.27661133 0.33143616 6.582733 
313233783499493 1379577741622341890 -0.16830444 -0.2886505 8.341827 
313233850949515 1379577741686306733 0.2399292 -0.20890808 11.593414 
313233914370850 1379577741749478120 -1.307312 -0.4386139 8.328735 
313233974679105 1379577741813565034 -0.33135986 0.25764465 8.16687 
313234038375123 1379577741876705903 0.59936523 -0.060134888 8.913116 
313234105458901 1379577741940579194 0.97546387 -0.050613403 10.963806 
313234168513991 1379577742003720063 0.49700928 0.27549744 9.83551 
313234228608604 1379577742067715425 0.3553772 -0.09346008 11.786224 
313234292121498 1379577742130978364 0.24230957 -0.4624176 10.313965 
313234360761816 1379577742194851655 -0.4111023 -0.17558289 9.652222 
313234422870773 1379577742258023042 -0.38134766 0.6170807 8.541779 
313234482934866 1379577742321987886 -0.19924927 -0.031570435 10.763855 
313234550751133 1379577742385159272 -0.85980225 0.18266296 9.036896 
313234613317897 1379577742449215669 -1.0133362 0.46949768 7.7836304 
313234674785927 1379577742510891694 -0.64437866 1.2002716 8.3573 
313234740954093 1379577742576229829 -0.8633728 0.89201355 9.839081 
313234799736332 1379577742639401216 -0.9371643 0.6230316 10.768616 
313234868224047 1379577742703396577 -0.010009766 0.90034485 9.866455 
313234927616690 1379577742766567964 0.8088379 0.9598541 11.607697 
313234991770513 1379577742830532807 -0.7574463 -0.53977966 12.414642 
313235056321102 1379577742893704194 -0.5170288 0.6825409 7.4587097 
313235122763952 1379577742957669038 0.45059204 0.87654114 7.6229553 
313235184872910 1379577743020809907 0.6755371 0.30168152 12.540802 
313235248477366 1379577743084987101 -0.0647583 0.6980133 8.620331 
313235308999263 1379577743148189005 -0.45632935 1.2097931 8.005005 
313235398668118 1379577743212123331 0.68743896 1.3728485 9.934296 
313235436177655 1379577743275294718 -0.056427002 0.80155945 9.424896 
313235509212906 1379577743339259562 0.23754883 1.3716583 9.823608 
313235578524672 1379577743402400431 0.15899658 0.7658539 9.925964 
313235648416325 1379577743466365275 0.931427 1.0062714 11.633881 
313235693159191 1379577743529567179 -1.0609436 -1.0301361 10.709106 
313235754657740 1379577743593532023 -0.42181396 0.8360748 7.52536 
313235818353759 1379577743656733927 -1.1061707 -0.445755 9.089264 
313235885773260 1379577743720057902 -0.61343384 -0.10774231 11.412506 
313235949072514 1379577743783961710 -0.8288574 1.1240997 7.358734 
313236011975000 1379577743847957072 -1.5370178 0.7051544 9.12854 
313236109457069 1379577743911021027 0.31610107 1.5121002 9.390381 
313236138573504 1379577743974985871 -0.5265503 0.9967499 10.968567 
313236199797371 1379577744038157257 0.9088135 0.32548523 10.849548 
313236268224046 1379577744102122101 -0.5170288 -0.21842957 11.611267 
313236326456917 1379577744165262970 -1.0192871 0.42189026 7.0326233 
313236394395266 1379577744229258332 0.16732788 0.08030701 9.758148 
313236458579609 1379577744292429718 -0.044525146 0.14576721 11.624359 
313236516873520 1379577744356364045 -1.0561829 0.65278625 8.594147 
