#SysTm EventTmStmp Pressure
41442739854054 41441960577000 995.6807 
41442749828512 41442030623000 995.777 
41442766565179 41442100611000 995.74097 
41442776065262 41442170723000 995.7846 
41442788001012 41442243825000 995.7119 
41442799878679 41442310626000 995.73145 
41442812083346 41442380593000 995.8187 
41442828140054 41442450587000 995.745 
41442839620970 41442520604000 995.7649 
41442851910679 41442590629000 995.5844 
41442878291846 41442660903000 995.75354 
41442889492095 41442731022000 995.7592 
41442934600179 41442800640000 995.8298 
41442942632554 41442870629000 995.7236 
41443028891054 41442940579000 995.7881 
41443037904554 41443010615000 995.68964 
41443080929971 41443080602000 995.6622 
41443150939346 41443150635000 995.6861 
41443220971846 41443220604000 995.73267 
41443294960096 41443290593000 995.74915 
41443360850429 41443360587000 995.7665 
41443431056762 41443430658000 995.709 
41443501710387 41443500659000 995.8189 
41443570890138 41443570582000 995.6954 
41443641065554 41443640627000 995.6992 
41443710983929 41443710638000 995.6144 
41443781961346 41443780584000 995.67426 
41443850750679 41443850561000 995.64374 
41443940276930 41443925182000 995.7079 
41443998123513 41443997855000 995.7809 
41444065903638 41444065620000 995.7468 
41444137245013 41444136847000 995.64886 
41444207224638 41444206886000 995.74255 
41444276913180 41444276547000 995.7518 
41444345957722 41444345593000 995.6958 
41444415911305 41444415586000 995.7506 
41444485908305 41444485578000 995.68 
41444555933013 41444555596000 995.77075 
41444629893805 41444626616000 995.75275 
41444698437139 41444696155000 995.78766 
41444765873764 41444765590000 995.83636 
41444836055846 41444835649000 995.77856 
41444905886055 41444905596000 995.7321 
41444975889680 41444975613000 995.7491 
41445047161846 41445045660000 995.6901 
41445116032054 41445115647000 995.75287 
41445185858596 41445185592000 995.8094 
41445256254429 41445255703000 995.8129 
41445329239138 41445325561000 995.8809 
41445396101763 41445395581000 995.83215 
41445465983222 41445465672000 995.8184 
41445535891680 41445535595000 995.7677 
41445605795305 41445605559000 995.82965 
41445675940805 41445675586000 995.79205 
41445745938180 41445745614000 995.77 
41445815936472 41445815600000 995.82465 
41445885956140 41445885630000 995.6868 
41445956037972 41445955593000 995.8326 
41446025998556 41446025604000 995.8359 
41446099150347 41446095634000 995.8265 
41446166099347 41446165780000 995.81494 
41446235847806 41446235579000 995.7731 
41446306015014 41446305594000 995.63654 
41446375853181 41446375578000 995.6912 
41446445824931 41446445611000 995.70483 
41446515962348 41446515639000 995.73016 
41446585838098 41446585578000 995.7133 
41446655833639 41446655584000 995.7241 
41446731525265 41446725640000 995.8079 
41446803342806 41446795655000 995.85925 
41446866037640 41446865643000 995.7676 
41446935864807 41446935592000 995.7554 
41447005869515 41447005584000 995.65393 
41447076053640 41447075644000 995.74646 
41447145895973 41447145573000 995.6646 
41447216025890 41447215656000 995.7674 
41447312372890 41447290732000 995.6938 
41447364328806 41447360621000 995.6676 
41447432818265 41447430561000 995.6196 
41447500839598 41447500584000 995.69165 
41447570823098 41447570551000 995.82324 
41447643230390 41447642909000 995.66095 
41447711484057 41447710627000 995.6631 
41447780868890 41447780622000 995.7466 
41447851988057 41447851672000 995.71204 
41447921177307 41447920890000 995.8432 
41447996461681 41447991621000 995.79694 
41448064052598 41448062123000 995.7621 
41448130981265 41448130658000 995.7463 
41448203465598 41448201673000 995.7644 
41448270952140 41448270643000 995.77 
41448340900765 41448340595000 995.67523 
41448410912681 41448410609000 995.6887 
41448480854806 41448480593000 995.6664 
41448550869765 41448550596000 995.71466 
41448621014806 41448620613000 995.6474 
41448691023848 41448690660000 995.70935 
41448760776181 41448760543000 995.7477 
41448830912181 41448830589000 995.7041 
41448902020015 41448900716000 995.63904 
41448970876098 41448970612000 995.7094 
41449041878307 41449040626000 995.63434 
41449111141348 41449110699000 995.71106 
41449180932307 41449180649000 995.77576 
41449252558640 41449250710000 995.75824 
41449322534973 41449320619000 995.724 
41449391135723 41449390644000 995.6888 
41449464323640 41449460688000 995.7594 
41449530875723 41449530621000 995.7913 
41449600909681 41449600618000 995.8106 
41449670887599 41449670593000 995.7139 
41449741094933 41449740668000 995.70087 
41449811248224 41449810642000 995.7843 
41449880868433 41449880578000 995.8276 
41449950999891 41449950612000 995.78217 
41450020930557 41450020601000 995.75665 
41450091107891 41450090710000 995.7181 
41450160927349 41450160602000 995.73914 
41450230918932 41450230584000 995.6209 
41450300919224 41450300584000 995.5894 
41450373295725 41450370739000 995.6291 
41450440893475 41450440624000 995.71735 
41450510974850 41450510664000 995.6046 
41450580891058 41450580632000 995.8059 
41450650923391 41450650613000 995.73627 
41450720946932 41450720629000 995.73224 
41450802179182 41450791180000 995.73517 
41450862856891 41450860580000 995.7523 
41450930821266 41450930578000 995.7665 
41451000881932 41451000590000 995.7689 
41451071110767 41451070710000 995.7914 
41451141055809 41451140656000 995.8168 
41451212566183 41451211780000 995.6859 
41451280994267 41451280643000 995.73956 
41451350924934 41451350601000 995.5893 
41451421036850 41451420646000 995.777 
41451490893642 41451490603000 995.7642 
41451563047975 41451560764000 995.737 
41451630971184 41451630613000 995.7527 
41451702903892 41451700615000 995.60956 
41451770876017 41451770606000 995.68536 
41451841988642 41451840652000 995.7238 
41451910848975 41451910597000 995.7639 
41451980772725 41451980560000 995.7862 
41452050998350 41452050669000 995.7812 
41452120817892 41452120584000 995.74164 
41452190916558 41452190629000 995.7227 
41452267497766 41452260693000 995.8523 
41452332178975 41452330607000 995.7761 
41452400895850 41452400593000 995.71893 
41452472923934 41452472641000 995.70404 
41452540986101 41452540650000 995.7619 
41452611174767 41452610657000 995.7334 
41452682073642 41452681770000 995.6171 
41452751873976 41452751575000 995.68616 
41452823554142 41452820609000 995.70026 
41452890884518 41452890605000 995.7125 
41452961079476 41452960624000 995.7737 
41453030846892 41453030563000 995.8197 
41453100803892 41453100554000 995.8528 
41453170918017 41453170587000 995.83075 
41453242760434 41453240594000 995.6824 
41453310861726 41453310601000 995.7454 
41453381053892 41453380665000 995.808 
41453450847184 41453450594000 995.68353 
41453520994767 41453520627000 995.7347 
41453591425726 41453590668000 995.7644 
41453662632809 41453660586000 995.7556 
41453730975517 41453730650000 995.6804 
41453801003684 41453800653000 995.8703 
41453870859726 41453870571000 995.8784 
41453941048684 41453940643000 995.7917 
41454011103185 41454010677000 995.7157 
41454080834185 41454080572000 995.6707 
41454151099685 41454150657000 995.7388 
41454220924101 41454220585000 995.74133 
41454290874227 41454290586000 995.8003 
41454361144476 41454360654000 995.82324 
41454430927143 41454430578000 995.7072 
41454500909560 41454500622000 995.72046 
41454571037310 41454570642000 995.78705 
41454640893519 41454640578000 995.82764 
41454711541435 41454710623000 995.8072 
41454780918477 41454780655000 995.79175 
41454851193476 41454850681000 995.6955 
41454920847309 41454920586000 995.6946 
41454990843601 41454990595000 995.75696 
41455065428684 41455060690000 995.781 
41455130846934 41455130588000 995.87067 
41455200821684 41455200571000 995.7442 
41455273459059 41455273140000 995.8172 
41455340888143 41455340559000 995.80145 
41455410930143 41455410617000 995.84094 
41455481086976 41455480629000 995.7274 
41455566790268 41455550593000 995.771 
41455641414393 41455620593000 995.7833 
41455701392560 41455690665000 995.77374 
41455767683018 41455760585000 995.7424 
41455847874935 41455830578000 995.67316 
41455908205143 41455900557000 995.71295 
41455978094685 41455970558000 995.77136 
41456054485643 41456040591000 995.7387 
41456125724643 41456110615000 995.83057 
41456197580352 41456180672000 995.7781 
41456276846727 41456250598000 995.6775 
41456338142852 41456320565000 995.7475 
41456410995268 41456390947000 995.76294 
41456462918478 41456460573000 995.9099 
41456530763144 41456530554000 995.81024 
41456600765727 41456600565000 995.7923 
41456671099769 41456670683000 995.8229 
41456741042686 41456740679000 995.7999 
41456810894728 41456810594000 995.8104 
41456880985269 41456880618000 995.77216 
41456950923310 41456950591000 995.84204 
41457020852269 41457020572000 995.8256 
41457091090935 41457090561000 995.7416 
41457160934644 41457160569000 995.78577 
41457231298685 41457230961000 995.81036 
41457300842477 41457300567000 995.85767 
41457384157686 41457370575000 995.8107 
41457440832728 41457440554000 995.7167 
41457510980811 41457510604000 995.7499 
41457580949478 41457580632000 995.72925 
41457652713686 41457650614000 995.85596 
41457720971144 41457720578000 995.6341 
41457797158937 41457790577000 995.8328 
41457862674645 41457860576000 995.8235 
41457930787562 41457930571000 995.8115 
41458000935687 41458000615000 995.8755 
41458070857728 41458070579000 995.8013 
41458141868853 41458140737000 995.8963 
41458211264187 41458210602000 995.7072 
41458280805062 41458280574000 995.7896 
41458350861353 41458350605000 995.82446 
41458420977937 41458420649000 995.87067 
41458490881354 41458490601000 995.82074 
41458560933270 41458560616000 995.87897 
41458630851937 41458630561000 995.8576 
41458700835937 41458700567000 995.7199 
41458770833854 41458770560000 995.66547 
41458841499604 41458840667000 995.7077 
41458910888520 41458910580000 995.7571 
41458980743145 41458980551000 995.7433 
41459054440020 41459050871000 995.79834 
41459120790438 41459120579000 995.8644 
41459196024729 41459190580000 995.8008 
41459263453062 41459260589000 995.73816 
41459343843604 41459330587000 995.79297 
41459401311229 41459400638000 995.81604 
41459470989271 41459470684000 995.84546 
41459540875979 41459540568000 995.8508 
41459610871979 41459610556000 995.7383 
41459681296896 41459680646000 995.70807 
41459751298604 41459750667000 995.6554 
41459829744312 41459820592000 995.78 
41459890834729 41459890555000 995.7562 
41459960862313 41459960564000 995.76245 
41460031758645 41460030703000 995.81305 
41460100814979 41460100554000 995.8067 
41460171000812 41460170703000 995.7435 
41460240931063 41460240610000 995.83307 
41460310880354 41460310598000 995.8409 
41460380792604 41460380577000 995.8548 
41460451374479 41460450666000 995.773 
41460529883646 41460520642000 995.7238 
41460591576396 41460590599000 995.8028 
41460667266521 41460660605000 995.7912 
41460730775396 41460730581000 995.72296 
41460802340979 41460800562000 995.7096 
41460870928813 41460870586000 995.8019 
41460941542480 41460940604000 995.84534 
41461010774563 41461010550000 995.91534 
41461080879813 41461080579000 995.9148 
41461150948146 41461150707000 995.802 
41461220898229 41461220572000 995.82983 
41461291019146 41461290630000 995.7878 
41461361089062 41461360646000 995.8893 
41461430929812 41461430599000 995.87744 
41461500939437 41461500614000 995.74835 
41461571119271 41461570668000 995.7226 
41461640950187 41461640636000 995.87537 
41461710945312 41461710644000 995.71826 
41461780968187 41461780645000 995.766 
41461852496979 41461850613000 995.8388 
41461920938479 41461920619000 995.85706 
41461991315104 41461990754000 995.81824 
41462064087271 41462060584000 995.82965 
41462132727271 41462130672000 995.8398 
41462201160687 41462200698000 995.8096 
41462270925064 41462270629000 995.8649 
41462358399438 41462340724000 995.7726 
41462411307522 41462410746000 995.8156 
41462481066189 41462480636000 995.83624 
41462550988689 41462550653000 995.90515 
41462621053064 41462620684000 995.84015 
41462712178230 41462690589000 995.82855 
41462760871856 41462760566000 995.848 
41462844285938 41462830588000 995.94635 
41462900864272 41462900569000 995.8633 
41462970831231 41462970547000 995.7739 
41463040984272 41463040637000 995.7943 
41463110853356 41463110566000 995.8029 
41463180751272 41463180559000 995.8481 
41463250783022 41463250568000 995.8982 
41463321027356 41463320710000 995.90717 
41463390884398 41463390626000 995.8916 
41463465209356 41463460573000 995.8757 
41463531477523 41463530564000 995.817 
41463600795898 41463600564000 995.80615 
41463674503897 41463670795000 995.80237 
41463740789356 41463740550000 995.7751 
41463810844773 41463810589000 995.72833 
41463880897815 41463880615000 995.7426 
41463950908898 41463950599000 995.81055 
41464021111565 41464020690000 995.85 
41464090855731 41464090574000 995.74396 
41464160875898 41464160581000 995.87915 
41464230958648 41464230604000 995.9232 
41464300892190 41464300597000 995.7429 
41464370893940 41464370575000 995.7755 
41464440841815 41464440569000 995.85406 
41464510903190 41464510583000 995.8346 
41464580747314 41464580557000 995.79834 
41464650893731 41464650632000 995.80145 
41464720798940 41464720580000 995.8021 
41464796092523 41464790631000 995.7771 
41464867406522 41464861240000 995.7994 
41464942369356 41464930562000 995.8778 
41465045851689 41465000631000 995.8339 
41465070809981 41465070568000 995.83093 
41465140977481 41465140705000 995.87537 
41465210823356 41465210575000 995.8815 
41465280876773 41465280584000 995.827 
41465350777356 41465350556000 995.8007 
41465420895648 41465420586000 995.7358 
41465490780773 41465490571000 995.8692 
41465560810231 41465560572000 995.76324 
41465630862814 41465630617000 995.83636 
41465700912398 41465700620000 995.74023 
41465770824482 41465770566000 995.816 
41465840817315 41465840606000 995.8298 
41465911327941 41465910654000 995.777 
41465980810524 41465980604000 995.8933 
41466050811399 41466050579000 995.7936 
41466120789148 41466120572000 995.79517 
41466195934023 41466190606000 995.7632 
41466264176107 41466260645000 995.76294 
41466330979649 41466330581000 995.8023 
41466400867191 41466400605000 995.7548 
41466470811690 41466470588000 995.8641 
41466540848857 41466540594000 995.7984 
41466617182440 41466610573000 995.77924 
41466681147108 41466680581000 995.8334 
41466750871191 41466750610000 995.78217 
41466820846650 41466820581000 995.7807 
41466890817775 41466890579000 995.77264 
41466961097066 41466960580000 995.6973 
41467030876483 41467030618000 995.85205 
41467100864983 41467100610000 995.76715 
41467170806357 41467170587000 995.6912 
41467241054774 41467240696000 995.7522 
41467311020607 41467310720000 995.85474 
41467380854691 41467380606000 995.888 
41467450965399 41467450639000 995.81525 
41467520863482 41467520591000 995.8108 
41467606039524 41467590616000 995.8581 
41467685119233 41467662347000 995.9278 
41467747636274 41467730564000 995.83716 
41467815517274 41467803288000 995.8758 
41467882912857 41467870585000 995.9344 
41467947911399 41467940568000 995.76764 
41468017960482 41468010580000 995.82715 
41468082746774 41468080607000 995.9104 
41468150828149 41468150597000 995.8301 
41468220836733 41468220606000 995.81146 
41468290850190 41468290607000 995.7737 
41468361179482 41468360726000 995.80426 
41468442096482 41468430619000 995.7675 
41468532831358 41468500718000 995.79956 
41468597986025 41468570565000 995.7068 
41468664982941 41468640575000 995.7011 
41468717011441 41468710607000 995.83856 
41468780881524 41468780619000 995.838 
41468850911316 41468850658000 995.8089 
41468920929858 41468920663000 995.85974 
41468990876733 41468990610000 995.8909 
41469066620774 41469060953000 995.83093 
41469149397649 41469130693000 995.86804 
41469206682483 41469200606000 995.7955 
41469270849316 41469270589000 995.73126 
41469340853608 41469340600000 995.88794 
41469411059692 41469410618000 995.8398 
41469480830691 41469480601000 995.87634 
41469550815150 41469550584000 995.7895 
41469620980525 41469620619000 995.75934 
41469690846651 41469690590000 995.85693 
41469760783693 41469760574000 995.8973 
41469831454443 41469830637000 995.81573 
41469904090692 41469900595000 995.91925 
41469970907943 41469970610000 995.8382 
41470040893526 41470040588000 995.79443 
41470110880901 41470110628000 995.84625 
41470180793734 41470180580000 995.74756 
41470250896068 41470250600000 995.8277 
41470320881943 41470320657000 995.86847 
41470395907443 41470390594000 995.7961 
41470463995401 41470460912000 995.80493 
41470531185693 41470530598000 995.71747 
41470600880068 41470600608000 995.8563 
41470670965234 41470670619000 995.72504 
41470740796193 41470740567000 995.8036 
41470810780734 41470810566000 995.8648 
41470881068484 41470880700000 995.8693 
41470951022859 41470950700000 995.84106 
41471020825026 41471020571000 995.8856 
41471091006859 41471090618000 995.8344 
41471160979067 41471160710000 995.81006 
41471230848359 41471230588000 995.88776 
41471300968317 41471300646000 995.8325 
41471370812276 41471370556000 995.89246 
41471441395526 41471440630000 995.8373 
41471511412193 41471510652000 995.87964 
41471580910943 41471580633000 995.9566 
41471650890693 41471650599000 995.81757 
41471721043735 41471720616000 995.8918 
41471790998151 41471790663000 995.8522 
41471863569693 41471860604000 995.89874 
41471932093151 41471931633000 995.9092 
41472002937485 41472000725000 995.9234 
41472070892235 41472070588000 995.8353 
41472140801194 41472140548000 995.84357 
41472210845235 41472210558000 995.8296 
41472280879069 41472280578000 995.8117 
41472353353027 41472350593000 995.8687 
41472420834443 41472420589000 995.9098 
41472490855526 41472490585000 995.8873 
41472561031860 41472560628000 995.8436 
41472630863569 41472630580000 995.89215 
41472700890694 41472700590000 995.7845 
41472771096360 41472770646000 995.7591 
41472840848360 41472840591000 995.77716 
41472910902194 41472910600000 995.7796 
41472980959527 41472980656000 995.79736 
41473050749569 41473050558000 995.81616 
41473121287319 41473120718000 995.8077 
41473190842569 41473190584000 995.8247 
41473262506027 41473260594000 995.95197 
41473330831194 41473330585000 995.7844 
41473410649402 41473400565000 995.8973 
41473470837361 41473470602000 995.84064 
41473541035361 41473540601000 995.77997 
41473610873027 41473610597000 995.83826 
41473680914069 41473680600000 995.8327 
41473750936111 41473750590000 995.7777 
41473822604402 41473820708000 995.82837 
41473890832652 41473890589000 995.81256 
41473960868320 41473960610000 995.8515 
41474030965070 41474030643000 995.8531 
41474101148611 41474100679000 995.8813 
41474171058070 41474170663000 995.88995 
41474241111320 41474240649000 995.8429 
41474311202945 41474310679000 995.7388 
41474380785945 41474380576000 995.81885 
41474450915820 41474450620000 995.9339 
41474520818695 41474520574000 995.84375 
41474590876945 41474590615000 995.89703 
41474663806194 41474660634000 995.988 
41474731381986 41474730661000 995.8691 
41474800806611 41474800588000 995.8061 
41474871316445 41474870749000 995.8604 
41474940892111 41474940608000 995.8117 
41475010882153 41475010585000 995.7471 
41475081168319 41475080657000 995.7515 
41475150991236 41475150644000 995.8107 
41475221330570 41475220702000 995.8491 
41475292932611 41475290671000 995.7482 
41475360816570 41475360568000 995.7719 
41475430972195 41475430637000 995.8559 
41475501115987 41475500653000 995.73474 
41475570883403 41475570599000 995.84515 
41475640993445 41475640635000 995.8298 
41475721327902 41475712262000 995.8056 
41475780776528 41475780570000 995.86005 
41475850894986 41475850636000 995.89984 
41475921091903 41475920703000 995.8088 
41475991246320 41475990623000 995.94073 
41476063422278 41476060594000 995.82635 
41476130845737 41476130599000 995.7709 
41476200870571 41476200604000 995.8713 
41476271328321 41476270707000 995.7816 
41476341821904 41476341568000 995.8913 
41476411770029 41476411517000 995.86566 
41476480953111 41476480621000 995.863 
41476551832444 41476551447000 995.83997 
41476621095319 41476620641000 995.9434 
41476691334194 41476690748000 995.84924 
41476761301778 41476761065000 995.7872 
41476830996986 41476830651000 995.82513 
41476900978196 41476900642000 995.91205 
41476970864362 41476970579000 996.0069 
41477041270154 41477040691000 995.934 
41477111733112 41477110666000 995.8426 
41477180843529 41477180597000 995.8932 
41477251268946 41477250739000 995.89825 
41477320831571 41477320581000 995.9276 
41477391251196 41477390591000 995.8307 
41477464092529 41477460710000 995.8981 
41477530830446 41477530577000 995.79767 
41477600847488 41477600579000 995.7545 
41477671028153 41477670626000 995.82605 
41477740880695 41477740569000 995.9239 
41477811057404 41477810633000 995.8709 
41477880911654 41477880599000 995.9001 
41477951226154 41477950689000 995.9112 
41478020839279 41478020569000 995.95294 
41478090853405 41478090557000 995.79504 
41478162719363 41478160588000 995.7846 
41478230853613 41478230605000 995.8831 
41478300958821 41478300651000 995.78815 
41478370869654 41478370594000 995.7504 
41478441028030 41478440632000 995.8256 
41478513291362 41478512088000 995.7514 
41478581005404 41478580668000 995.769 
41478650957946 41478650640000 995.7979 
41478720923988 41478720597000 995.7411 
41478790887529 41478790595000 995.81976 
41478864200196 41478860628000 995.82587 
41478930855112 41478930596000 995.81805 
41479000895447 41479000642000 995.8564 
41479071047613 41479070674000 995.8924 
41479140884988 41479140617000 995.9788 
41479210859863 41479210605000 995.80206 
41479280969738 41479280644000 995.78033 
41479351081030 41479350721000 995.84607 
41479421066946 41479420652000 995.7565 
41479491085446 41479490650000 995.7557 
41479561139905 41479560654000 995.8278 
41479632653363 41479630640000 995.8417 
41479700953697 41479700652000 995.77094 
41479771420072 41479770801000 995.85754 
41479840816364 41479840579000 995.81 
41479910844030 41479910605000 995.9154 
41479981083864 41479980691000 995.8541 
41480050765655 41480050566000 995.797 
41480120922072 41480120626000 995.892 
41480200125864 41480190783000 995.8385 
41480263901197 41480260631000 995.7931 
41480330977739 41480330649000 995.6886 
41480400958072 41480400629000 995.89886 
41480471007072 41480470646000 995.80316 
41480540967989 41480540629000 995.7276 
41480611298947 41480610675000 995.878 
41480680837030 41480680573000 995.8466 
41480750918905 41480750592000 995.9508 
41480820924864 41480820597000 995.82806 
41480890903114 41480890593000 995.79504 
41480961055489 41480960611000 995.8966 
41481030956780 41481030568000 995.84973 
41481102277280 41481101605000 995.94965 
41481173786947 41481173260000 995.8495 
41481241738030 41481241429000 995.82306 
41481310852572 41481310605000 995.7366 
41481380865864 41481380595000 995.65393 
41481450973406 41481450626000 995.8 
41481520923031 41481520613000 995.7931 
41481596994948 41481591265000 995.8225 
41481664441364 41481660903000 995.7727 
41481736814989 41481730643000 995.8695 
41481800839156 41481800560000 995.7431 
41481871091323 41481870662000 995.7628 
41481941503823 41481940624000 995.7907 
41482010913156 41482010604000 995.82465 
41482080949740 41482080606000 995.7767 
41482150883448 41482150586000 995.7799 
41482222355448 41482220580000 995.88196 
41482290904948 41482290586000 995.83655 
41482361000031 41482360606000 995.7697 
41482430877156 41482430562000 995.80725 
41482500930656 41482500600000 995.8127 
41482572439698 41482570671000 995.90393 
41482640840448 41482640603000 995.7596 
41482711470781 41482710610000 995.8891 
41482780798615 41482780565000 995.79065 
41482850815031 41482850568000 995.7444 
41482921492948 41482921114000 995.8363 
41482991338406 41482990630000 995.84314 
41483070450906 41483060591000 995.8745 
41483131211990 41483130605000 995.88226 
41483200961656 41483200682000 995.7748 
41483270885115 41483270585000 995.76575 
41483340945323 41483340609000 995.8104 
41483410923282 41483410589000 995.76044 
41483480929657 41483480605000 995.7203 
41483550999573 41483550618000 995.77 
41483621029532 41483620631000 995.78467 
41483690876948 41483690588000 995.8774 
41483760817657 41483760554000 995.8044 
41483830851490 41483830572000 995.93256 
41483900852657 41483900580000 995.9716 
41483971041323 41483970659000 995.84784 
41484041520823 41484041078000 995.8468 
41484110828032 41484110596000 995.8561 
41484180946490 41484180621000 995.8379 
41484250857782 41484250586000 995.87524 
41484320890323 41484320607000 995.75195 
41484391050865 41484390632000 995.8227 
41484463296365 41484460630000 995.8548 
41484533066615 41484530660000 995.76587 
41484601034657 41484600645000 995.9039 
41484670791907 41484670558000 995.81274 
41484740862740 41484740582000 995.8202 
41484811001783 41484810611000 995.895 
41484880860741 41484880586000 995.84393 
41484950847325 41484950582000 995.8246 
41485021014075 41485020619000 995.81964 
41485090905908 41485090611000 995.8112 
41485160922491 41485160608000 995.84985 
41485231088907 41485230724000 995.8867 
41485300941282 41485300616000 995.8303 
41485371056324 41485370615000 995.8935 
41485441024032 41485440620000 995.8121 
41485511964116 41485510602000 995.8868 
41485580918824 41485580647000 995.7243 
41485651247616 41485650697000 995.8645 
41485724970782 41485720732000 995.85516 
41485790876199 41485790604000 995.80994 
41485868016991 41485860688000 995.8121 
41485931066241 41485930765000 995.71356 
41486000902283 41486000607000 995.85876 
41486071912158 41486070912000 995.8626 
41486141840658 41486140609000 995.8134 
41486210909241 41486210601000 995.7954 
41486281207574 41486280669000 995.7682 
41486350957241 41486350629000 995.92944 
41486421179449 41486420675000 995.8498 
41486491066908 41486490654000 995.8994 
41486560923534 41486560586000 995.7253 
41486631056576 41486630636000 995.8318 
41486701178784 41486700681000 995.84076 
41486771105034 41486770627000 995.82074 
41486841038659 41486840631000 995.95184 
41486911097451 41486910648000 995.90674 
41486996542242 41486980688000 995.76263 
41487050827284 41487050583000 995.704 
41487120942784 41487120609000 995.726 
41487190898908 41487190606000 995.75134 
41487262587366 41487260610000 995.7578 
41487331013200 41487330704000 995.7388 
41487400984034 41487400719000 995.7264 
41487470879909 41487470591000 995.7607 
41487540918367 41487540581000 995.8058 
41487610917367 41487610604000 995.7602 
41487681018367 41487680730000 995.7942 
41487751244034 41487750671000 995.7793 
41487821194159 41487820745000 995.75415 
41487890881951 41487890592000 995.8246 
41487961206076 41487960724000 995.83856 
41488030894993 41488030594000 995.82996 
41488100858076 41488100581000 995.749 
41488171220908 41488170680000 995.75024 
41488240905075 41488240580000 995.7953 
41488310931992 41488310617000 995.8378 
41488381075035 41488380669000 995.7849 
41488450792910 41488450566000 995.94354 
41488520927868 41488520623000 995.70807 
41488591588492 41488590767000 995.79486 
41488662944242 41488660580000 995.8978 
41488734167200 41488730689000 995.81256 
41488801191410 41488800690000 995.83887 
41488870824451 41488870577000 995.8139 
41488940960117 41488940639000 995.82385 
41489011016117 41489010641000 995.8702 
41489080866409 41489080587000 995.7493 
41489151091367 41489150650000 995.85596 
41489225630034 41489223484000 995.8772 
41489290878117 41489290600000 995.81805 
41489361352825 41489360774000 995.8319 
41489431019327 41489430638000 995.69006 
41489500811160 41489500558000 995.9661 
41489570966452 41489570624000 995.9305 
41489641008493 41489640599000 995.8141 
41489731707118 41489710601000 995.9266 
41489790192327 41489780617000 995.78766 
41489863374243 41489851256000 995.95154 
41489940318410 41489920598000 995.8195 
41490001621243 41489990601000 975.738 
41490087635368 41490060642000 995.83746 
41490142989868 41490130607000 995.8335 
41490216530785 41490200663000 995.81134 
41490283892909 41490270615000 995.88715 
41490352844451 41490340598000 995.8834 
41490433374035 41490410562000 995.7824 
41490496471785 41490480619000 995.8819 
41490571608160 41490550576000 995.8937 
41490645403076 41490620574000 995.7946 
41490691224618 41490690709000 995.7785 
41490760907243 41490760580000 995.76996 
41490830992035 41490830586000 995.9757 
41490900969576 41490900579000 995.8421 
41490970823618 41490970555000 995.84393 
41491040851076 41491040579000 995.861 
41491110892201 41491110592000 995.7746 
41491180943451 41491180578000 995.8145 
41491251080744 41491250596000 995.93195 
41491321641285 41491320601000 995.84924 
41491393282410 41491390654000 995.755 
41491464289660 41491460572000 995.7891 
41491530833910 41491530570000 995.7804 
41491600809369 41491600576000 995.7008 
41491671108869 41491670697000 995.75653 
41491740948327 41491740644000 995.86676 
41491810970452 41491810669000 995.9285 
41491880995369 41491880616000 995.80597 
41491951620369 41491951179000 995.7792 
41492021034202 41492020631000 995.9145 
41492091322453 41492090746000 995.80646 
41492160877411 41492160585000 995.82513 
41492231023536 41492230627000 995.8766 
41492300939620 41492300590000 995.80945 
41492370860411 41492370571000 995.8087 
41492445494661 41492440642000 995.8417 
41492511165744 41492510905000 995.7188 
41492580731869 41492580549000 995.7454 
41492650815202 41492650554000 995.8771 
41492721101619 41492720630000 995.70496 
41492799895994 41492791020000 995.70306 
41492864250660 41492860594000 995.7503 
41492937235327 41492930671000 995.6716 
41493000811411 41493000559000 995.7621 
41493071330161 41493070664000 995.7538 
41493141073536 41493140632000 995.8344 
41493210883911 41493210576000 995.7338 
41493280847994 41493280590000 995.66547 
41493350835369 41493350581000 995.77673 
41493420879744 41493420568000 995.7704 
41493490932827 41493490586000 995.72345 
41493560810077 41493560563000 995.7144 
41493630867536 41493630581000 995.81366 
41493700831579 41493700569000 995.7679 
41493770905787 41493770586000 995.8733 
41493840971704 41493840602000 995.77905 
41493910936954 41493910594000 995.7878 
41493980980912 41493980632000 995.8341 
41494050871829 41494050616000 995.7399 
41494120953037 41494120627000 995.74585 
41494191430495 41494190886000 995.7763 
41494265306162 41494260660000 995.7483 
41494333328204 41494330643000 995.7431 
41494417789787 41494400729000 995.8239 
41494470823121 41494470573000 995.7192 
41494540962371 41494540630000 995.8191 
41494611269704 41494610685000 995.8231 
41494681134828 41494680670000 995.79193 
41494751067620 41494750631000 995.82056 
41494820977953 41494820652000 995.8501 
41494891078995 41494890654000 995.85736 
41494960797578 41494960550000 995.863 
41495030927246 41495030586000 995.7805 
41495100909204 41495100594000 995.8832 
41495192989371 41495170614000 995.9273 
41495267652704 41495240598000 995.8704 
41495332243037 41495310620000 995.9597 
41495409575787 41495380568000 995.9497 
41495451031912 41495450743000 995.92194 
41495520755371 41495520546000 995.86786 
41495628271788 41495593288000 995.9036 
41495686018496 41495660581000 995.9409 
41495731693746 41495730576000 995.9012 
41495822450371 41495801078000 995.78284 
41495873094538 41495870565000 995.97253 
41495940766413 41495940553000 995.87994 
41496028210038 41496010589000 995.8944 
41496102950288 41496080582000 995.9047 
41496168413288 41496150584000 995.88025 
41496234337371 41496220606000 995.94653 
41496290881372 41496290575000 995.94586 
41496360796580 41496360551000 995.83954 
41496430898747 41496430582000 995.92584 
41496500810580 41496500559000 995.8965 
41496570806663 41496570560000 995.8717 
41496640889872 41496640580000 995.91034 
41496710841038 41496710571000 995.82605 
41496803070538 41496780622000 995.94904 
41496850930580 41496850638000 995.8339 
41496921040788 41496920634000 995.88367 
41496991145913 41496990619000 995.68787 
41497063944288 41497060609000 995.7825 
41497131464331 41497130573000 995.7202 
41497200786289 41497200583000 995.7897 
41497270867622 41497270593000 995.7534 
41497340860539 41497340589000 995.7828 
41497410866539 41497410585000 995.74 
41497480922331 41497480577000 995.8039 
41497550969622 41497550663000 995.70154 
41497621095706 41497620649000 995.89044 
41497691474288 41497690783000 995.89087 
41497762217413 41497761490000 995.78546 
41497830975205 41497830582000 995.7644 
41497900939122 41497900595000 995.82104 
41497970851372 41497970574000 995.73584 
41498040844788 41498040576000 995.74786 
41498110833914 41498110583000 995.79596 
41498180750581 41498180556000 995.8227 
41498253157456 41498250597000 995.8386 
41498321026289 41498320615000 995.7139 
41498390844748 41498390591000 995.76587 
41498462305456 41498460560000 995.78204 
41498531425914 41498530631000 995.7924 
41498600805039 41498600589000 995.92926 
41498670820080 41498670589000 995.90265 
41498740915789 41498740589000 995.87244 
41498810840706 41498810580000 995.81274 
41498880819581 41498880579000 995.9369 
41498950968956 41498950615000 995.7756 
41499021002623 41499020628000 995.8469 
41499091110039 41499090749000 995.8356 
41499161231664 41499160661000 995.842 
41499230845164 41499230570000 995.8383 
41499300848123 41499300568000 995.78845 
41499371299665 41499370705000 995.7665 
41499440909498 41499440585000 995.7929 
41499510877832 41499510589000 995.7099 
41499581118081 41499580773000 995.73303 
41499650950081 41499650711000 995.6373 
41499721014998 41499720616000 995.74036 
41499791367248 41499790690000 995.7204 
41499863745956 41499860576000 995.73285 
41499930829081 41499930580000 995.754 
41500002587415 41500000657000 995.74274 
41500075603498 41500070580000 995.7092 
41500145759623 41500140594000 995.686 
41500234294040 41500210773000 995.7309 
41500295662415 41500280843000 995.82983 
41500356895123 41500350758000 995.6974 
41500421951207 41500420594000 995.71423 
41500490844915 41500490576000 995.70905 
41500560847165 41500560566000 995.759 
41500630909749 41500630587000 995.7367 
41500700942124 41500700598000 995.8591 
41500770927248 41500770592000 995.77344 
41500855792748 41500840629000 995.8981 
41500938825165 41500910628000 995.82214 
41501006105123 41500980566000 995.6262 
41501073305206 41501050563000 995.82733 
41501124917331 41501120572000 995.86914 
41501191571623 41501190813000 995.79266 
41501264001915 41501261098000 995.9115 
41501331570915 41501330623000 995.7508 
41501401319790 41501400591000 995.89105 
41501470947081 41501470598000 995.7255 
41501541940831 41501541684000 995.7238 
41501610801790 41501610579000 995.767 
41501680815165 41501680571000 995.82404 
41501750851748 41501750572000 995.8336 
41501820929456 41501820592000 995.84796 
41501890910040 41501890582000 995.83185 
41501960922415 41501960573000 995.73114 
41502030889623 41502030583000 995.8058 
41502100906166 41502100565000 995.90216 
41502170859791 41502170564000 995.85767 
41502240976708 41502240594000 995.8132 
41502310914999 41502310593000 995.7757 
41502380843958 41502380591000 995.65045 
41502455587500 41502450679000 995.8475 
41502521025416 41502520606000 995.88983 
41502590986000 41502590626000 995.7342 
41502662802333 41502660616000 995.8297 
41502730938083 41502730602000 995.7845 
41502800937916 41502800626000 995.8372 
41502870999625 41502870676000 995.76556 
41502943447833 41502940588000 995.7603 
41503010846166 41503010596000 995.7658 
41503081136791 41503080794000 995.863 
41503150841207 41503150589000 995.72626 
41503221046582 41503220647000 995.7081 
41503290868041 41503290576000 995.73596 
41503361034624 41503360645000 995.81323 
41503431322124 41503430692000 995.86053 
41503500945916 41503500587000 995.86957 
41503570863874 41503570585000 995.85223 
41503640962749 41503640597000 995.761 
41503710926249 41503710621000 995.8136 
41503781045291 41503780804000 995.83734 
41503851012166 41503850632000 995.8241 
41503920827499 41503920577000 995.8295 
41503990940291 41503990625000 995.9221 
41504067282792 41504060692000 995.8096 
41504132547333 41504130707000 995.89453 
41504200831333 41504200571000 995.8805 
41504270983583 41504270635000 995.81146 
41504340961626 41504340592000 995.775 
41504411786459 41504410602000 995.7644 
41504480927084 41504480628000 995.77747 
41504550791459 41504550567000 995.8014 
41504620772918 41504620557000 995.8755 
41504691398417 41504690757000 995.7773 
41504760912625 41504760614000 995.835 
41504831107250 41504830574000 995.84705 
41504900977166 41504900593000 995.90533 
41504970952917 41504970575000 995.8146 
41505040805501 41505040555000 995.70074 
41505110900793 41505110605000 995.7858 
41505180811335 41505180577000 995.79004 
41505250820835 41505250577000 995.90356 
41505320939543 41505320598000 995.8445 
41505390906043 41505390614000 995.8196 
41505465966501 41505460635000 995.7783 
41505530879335 41505530604000 995.8283 
41505600832876 41505600570000 995.79834 
41505671268043 41505670680000 995.7469 
41505740879751 41505740587000 995.89166 
41505810936960 41505810625000 995.84 
41505882558375 41505880714000 995.7979 
41505957120584 41505950720000 995.75684 
41506020832626 41506020580000 995.84674 
41506091367126 41506090744000 995.77527 
41506160932292 41506160603000 995.7619 
41506231001584 41506230581000 995.77924 
41506301163251 41506300773000 995.68207 
41506371201709 41506370694000 995.7529 
41506441038542 41506440647000 995.8306 
41506510912542 41506510609000 995.785 
41506580971376 41506580657000 995.79626 
41506650825668 41506650583000 995.83887 
41506720876335 41506720587000 995.7691 
41506791586751 41506790664000 995.773 
41506863541417 41506860579000 995.78125 
41506930983793 41506930628000 995.7066 
41507000986209 41507000633000 995.6527 
41507070860334 41507070589000 995.8669 
41507141028209 41507140644000 995.74615 
41507211056334 41507210655000 995.75684 
41507282791459 41507280597000 995.74316 
41507351382876 41507350734000 995.6973 
41507420955252 41507420656000 995.7261 
41507490810086 41507490580000 995.7194 
41507561403461 41507560761000 995.69324 
41507631041836 41507630655000 995.7989 
41507700859127 41507700580000 995.80347 
41507771276918 41507770686000 995.90076 
41507840867293 41507840571000 995.8367 
41507910899460 41507910602000 995.8037 
41507982441376 41507980741000 995.7896 
41508050773752 41508050556000 995.78174 
41508120783585 41508120565000 995.7957 
41508191035877 41508190659000 995.717 
41508263213501 41508260592000 995.6716 
41508330841335 41508330593000 995.73083 
41508400829294 41508400583000 995.7941 
41508470910961 41508470601000 995.6688 
41508541258543 41508540639000 995.9054 
41508611110961 41508610681000 995.86914 
41508680965711 41508680635000 995.7231 
41508753322336 41508750968000 995.7135 
41508820973086 41508820648000 995.83636 
41508890849378 41508890589000 995.6631 
41508962358544 41508960675000 995.7798 
41509031335544 41509030707000 995.75665 
41509100863211 41509100577000 995.73065 
41509171245253 41509170703000 995.7145 
41509242669336 41509240574000 995.70636 
41509310851961 41509310590000 995.7054 
41509380810336 41509380584000 995.65894 
41509451245336 41509450645000 995.79767 
41509520805711 41509520589000 995.84937 
41509590867044 41509590619000 995.77673 
41509662939336 41509660605000 995.76465 
41509730865628 41509730623000 995.7813 
41509800848253 41509800587000 995.83075 
41509871074628 41509870680000 995.8198 
41509941078919 41509940637000 995.7885 
41510011085211 41510010646000 995.74115 
41510081089127 41510080651000 995.82776 
41510150882128 41510150582000 995.7188 
41510220868086 41510220589000 995.7502 
41510291487003 41510290698000 995.82556 
41510360827962 41510360569000 995.71967 
41510430953920 41510430641000 995.7678 
41510501175378 41510500704000 995.7077 
41510570812962 41510570559000 995.7786 
41510640873503 41510640587000 995.6961 
41510710857670 41510710590000 995.64087 
41510780798545 41510780581000 995.78357 
41510850960920 41510850634000 995.67035 
41510920879462 41510920614000 995.714 
41510990934004 41510990616000 995.694 
41511065079170 41511060668000 995.77234 
41511131051211 41511130674000 995.72485 
41511201056711 41511200666000 995.8303 
41511271016961 41511270631000 995.8372 
41511340855253 41511340568000 995.77106 
41511410894253 41511410587000 995.828 
41511481077420 41511480652000 995.8209 
41511550951211 41511550590000 995.7934 
41511620964045 41511620577000 995.7089 
41511691009378 41511690599000 995.69836 
41511762996503 41511760858000 995.7596 
41511830858211 41511830591000 995.6675 
41511900996336 41511900605000 995.8096 
41511970875753 41511970585000 995.79535 
41512040891295 41512040588000 995.69916 
41512110998378 41512110590000 995.7833 
41512180809753 41512180572000 995.6931 
41512250889878 41512250588000 995.789 
41512320834295 41512320565000 995.76306 
41512390910045 41512390574000 995.7934 
41512463921420 41512460594000 995.8008 
41512530886836 41512530569000 995.88983 
41512600883588 41512600575000 995.74176 
41512672984463 41512670626000 995.7494 
41512741014296 41512740656000 995.8142 
41512829648254 41512811140000 995.877 
41512892799004 41512880702000 995.89453 
41512976759588 41512950580000 995.99634 
41513031520963 41513020597000 995.8005 
41513105459130 41513090585000 995.8301 
41513169562129 41513160586000 995.8037 
41513248600713 41513230581000 995.7655 
41513303989796 41513300577000 995.8397 
41513386246838 41513370582000 995.7978 
41513453350463 41513440594000 995.81335 
41513524157213 41513510616000 995.72687 
41513599504213 41513580583000 995.7843 
41513680074463 41513650592000 995.7551 
41513734015921 41513720664000 995.7538 
41513814219921 41513790596000 995.8375 
41513862475255 41513860580000 995.8002 
41513930827171 41513930576000 995.7624 
41514000792796 41514000558000 995.76764 
41514070882505 41514070569000 995.74097 
41514140916380 41514140588000 995.77277 
41514210917005 41514210583000 995.68756 
41514280987963 41514280613000 995.8487 
41514351359213 41514350997000 995.8002 
41514421125546 41514420676000 995.8809 
41514490983546 41514490614000 995.8376 
41514560891671 41514560587000 995.68353 
41514630871171 41514630576000 995.626 
41514700961880 41514700572000 995.7573 
41514771160255 41514770635000 995.9364 
41514840878046 41514840590000 995.73883 
41514911083671 41514910716000 995.8592 
41514980899005 41514980634000 995.79596 
41515050835297 41515050582000 995.8627 
41515134939755 41515120598000 995.8231 
41515197288338 41515191429000 995.79895 
41515265125547 41515260575000 995.663 
41515330804380 41515330563000 995.7887 
41515400804297 41515400553000 995.8237 
41515470817380 41515470566000 995.6666 
41515540827255 41515540570000 995.7418 
41515610846963 41515610561000 995.71173 
41515681180630 41515680692000 995.6716 
41515750858422 41515750562000 995.8115 
41515821652172 41515821232000 995.7835 
41515890962172 41515890596000 995.7585 
41515960988922 41515960614000 995.79474 
41516030833297 41516030559000 995.8288 
41516101030838 41516100677000 995.8721 
41516170865505 41516170592000 995.90704 
41516241925922 41516241702000 995.8682 
41516310852213 41516310579000 995.8376 
41516380732172 41516380548000 995.9176 
41516450804297 41516450582000 995.79144 
41516520985923 41516520634000 995.76276 
41516590914048 41516590628000 995.813 
41516663270464 41516660597000 995.749 
41516731659048 41516730633000 995.7833 
41516802896423 41516800582000 995.792 
41516871391298 41516870598000 995.8132 
41516940890381 41516940576000 995.6752 
41517010857173 41517010570000 995.70465 
41517080837548 41517080562000 995.76044 
41517160933423 41517150589000 995.7679 
41517220838965 41517220563000 995.712 
41517290799257 41517290563000 995.8233 
41517361092465 41517360613000 995.78656 
41517430909548 41517430619000 995.8191 
41517500935715 41517500661000 995.8403 
41517570847673 41517570584000 995.8055 
41517640895882 41517640621000 995.85175 
41517710792423 41517710579000 995.85944 
41517780924715 41517780624000 995.90094 
41517856862173 41517850695000 995.8455 
41517922063757 41517920891000 995.8011 
41517990844048 41517990598000 995.8008 
41518084258090 41518060700000 995.7467 
41518141924007 41518130667000 995.7714 
41518200830715 41518200576000 995.8355 
41518270938091 41518270600000 995.79626 
41518355355424 41518340669000 995.7942 
41518411031674 41518410645000 995.8784 
41518480870674 41518480578000 995.7957 
41518550857132 41518550582000 995.81476 
41518620877757 41518620581000 995.7851 
41518690949174 41518690603000 995.7334 
41518760885966 41518760591000 995.84503 
41518830902299 41518830606000 995.9358 
41518900933424 41518900598000 995.7938 
41518970914716 41518970598000 995.8412 
41519040891841 41519040586000 995.91394 
41519111255132 41519111026000 995.83984 
41519187751299 41519180584000 995.953 
41519251891216 41519250562000 995.84515 
41519320886049 41519320572000 995.74695 
41519390862258 41519390593000 995.7925 
41519464457465 41519460611000 995.8634 
41519530893924 41519530618000 995.81116 
41519600854340 41519600586000 995.8194 
41519670932299 41519670615000 995.81146 
41519740810466 41519740559000 995.8068 
41519810822258 41519810592000 995.7658 
41519885195716 41519880615000 995.7494 
41519951012924 41519950663000 995.80164 
41520020836008 41520020554000 995.7833 
41520090918341 41520090584000 995.81165 
41520162723591 41520160604000 995.88385 
41520230900758 41520230600000 995.7872 
41520301005091 41520300623000 995.78687 
41520377031591 41520370630000 995.8661 
41520441105299 41520440671000 995.8945 
41520510975799 41520510601000 995.88025 
41520582245049 41520580565000 995.95776 
41520650807674 41520650582000 995.904 
41520732822216 41520720618000 995.87537 
41520790978924 41520790625000 995.8187 
41520863048341 41520860587000 995.8017 
41520930867091 41520930617000 995.69965 
41521000793425 41521000575000 995.83136 
41521070971592 41521070622000 995.77716 
41521141019425 41521140646000 995.8243 
41521211072842 41521210668000 995.76404 
41521281002217 41521280614000 995.8379 
41521350837675 41521350549000 995.77155 
41521420890967 41521420590000 995.7881 
41521490826675 41521490563000 995.8924 
41521561000092 41521560634000 995.8042 
41521630984967 41521630594000 995.8242 
41521700864592 41521700580000 995.9172 
41521770910717 41521770588000 995.73145 
41521841248925 41521840859000 995.7626 
41521911802509 41521910595000 995.81934 
41521980796467 41521980565000 995.8503 
41522053287717 41522050599000 995.8395 
41522120836467 41522120578000 995.7447 
41522190920425 41522190605000 995.7359 
41522262269925 41522260573000 995.8014 
41522330915051 41522330628000 995.8204 
41522400997718 41522400595000 995.8102 
41522471037176 41522470692000 995.7686 
41522540931301 41522540610000 995.7678 
41522610916051 41522610618000 995.7762 
41522680799884 41522680551000 995.7044 
41522750986468 41522750613000 995.74524 
41522820830718 41522820549000 995.90326 
41522890834218 41522890580000 995.8318 
41522961053301 41522960628000 995.7088 
41523030932467 41523030613000 995.75586 
41523100934717 41523100602000 995.7886 
41523170952842 41523170613000 995.7642 
41523241026675 41523240654000 995.7916 
41523310842800 41523310581000 995.90894 
41523380823676 41523380565000 995.85254 
41523450861718 41523450577000 995.8399 
41523520875218 41523520584000 995.71954 
41523590832010 41523590582000 995.84863 
41523666070760 41523660768000 995.75653 
41523730818385 41523730594000 995.7077 
41523800872343 41523800583000 995.78064 
41523870859343 41523870575000 995.7979 
41523940886343 41523940569000 995.818 
41524010814135 41524010566000 995.7417 
41524080988051 41524080593000 995.8811 
41524150907426 41524150604000 995.71576 
41524220899676 41524220597000 995.833 
41524290996177 41524290619000 995.8138 
41524360934885 41524360625000 995.8007 
41524430836844 41524430561000 995.8221 
41524501818885 41524500577000 995.71625 
41524571114677 41524570578000 995.76154 
41524640835052 41524640570000 995.8345 
41524711718301 41524710636000 995.8778 
41524781582676 41524780637000 995.8407 
41524851093885 41524850687000 995.8002 
41524920840093 41524920582000 995.77386 
41524992711718 41524990609000 995.8218 
41525063482634 41525060590000 995.732 
41525132337218 41525130683000 995.8496 
41525200778469 41525200565000 995.7873 
41525272505844 41525270595000 995.83203 
41525340914510 41525340607000 995.7859 
41525410877260 41525410572000 995.7943 
41525480877927 41525480594000 995.8135 
41525551075427 41525550649000 995.7965 
41525620927802 41525620648000 995.8614 
41525690851761 41525690603000 995.80835 
41525760869218 41525760569000 995.7824 
41525831083051 41525830592000 995.8463 
41525900853801 41525900589000 995.82214 
41525971890885 41525970631000 995.83954 
41526040861719 41526040565000 995.7486 
41526110792052 41526110566000 995.7903 
41526180765177 41526180559000 995.8681 
41526252108427 41526250710000 995.8527 
41526320812260 41526320596000 995.7704 
41526390838677 41526390598000 995.7754 
41526464529968 41526460650000 995.84106 
41526531764177 41526530639000 995.77106 
41526600776302 41526600571000 995.7498 
41526670803219 41526670587000 995.76465 
41526740779010 41526740574000 995.68054 
41526817494719 41526810578000 995.7594 
41526895861511 41526880634000 995.7068 
41526950833094 41526950577000 995.7186 
41527035186511 41527020581000 995.67206 
41527090835552 41527090570000 995.7546 
41527160902719 41527160579000 995.76013 
41527231128302 41527230583000 995.83435 
41527300749052 41527300554000 995.846 
41527380963011 41527370716000 995.76855 
41527440763677 41527440552000 995.77893 
41527510794636 41527510584000 995.7332 
41527580814761 41527580584000 995.7458 
41527650809344 41527650575000 995.75195 
41527720766636 41527720572000 995.8902 
41527790830303 41527790606000 995.8511 
41527863718386 41527860615000 995.7952 
41527930824970 41527930582000 995.7899 
41528000837137 41528000594000 995.8679 
41528070816137 41528070587000 995.78503 
41528140946345 41528140621000 995.6911 
41528210879512 41528210592000 995.8328 
41528280845428 41528280587000 995.862 
41528350883179 41528350597000 995.86816 
41528420778179 41528420579000 995.81586 
41528490792762 41528490574000 995.7564 
41528560858886 41528560591000 995.79694 
41528630857137 41528630609000 995.72095 
41528701498303 41528700613000 995.61676 
41528770893220 41528770605000 995.7305 
41528840781803 41528840549000 995.7848 
41528911713720 41528910565000 995.8722 
41528981005137 41528980589000 995.82825 
41529051129345 41529050614000 995.7993 
41529120827220 41529120579000 995.7519 
41529191029345 41529190727000 995.6722 
41529274767970 41529260578000 995.75867 
41529331778387 41529330583000 995.7049 
41529401036553 41529400609000 995.8631 
41529470933929 41529470624000 995.81854 
41529540909929 41529540601000 995.7963 
41529610839304 41529610579000 995.75183 
41529680842346 41529680602000 995.77594 
41529758797678 41529750641000 995.7679 
41529820835387 41529820589000 995.78174 
41529891049970 41529890609000 995.7386 
41529960893387 41529960581000 995.71124 
41530030967054 41530030617000 995.7699 
41530100783220 41530100565000 995.79004 
41530170862429 41530170582000 995.81146 
41530240850929 41530240588000 995.7647 
41530310849221 41530310604000 995.9029 
41530380874096 41530380630000 995.8618 
41530450815804 41530450594000 995.79114 
41530521123846 41530520672000 995.8612 
41530593462346 41530590660000 995.906 
41530663601512 41530660595000 995.8358 
41530731851513 41530731034000 995.7793 
41530802312971 41530800746000 995.7657 
41530870938638 41530870629000 995.81354 
41530945883971 41530940820000 995.8882 
41531026741221 41531010975000 995.76666 
41531080759554 41531080561000 995.8608 
41531150817721 41531150581000 995.7057 
41531245660305 41531220618000 995.826 
41531331795430 41531290623000 995.7584 
41531375409930 41531360574000 995.73956 
41531448321888 41531430662000 995.8422 
41531515202930 41531500587000 995.8092 
41531591884638 41531570568000 995.78595 
41531644472055 41531640730000 995.7984 
41531711002972 41531710649000 995.71094 
41531780927013 41531780600000 995.8773 
41531850778472 41531850562000 995.71893 
41531922468138 41531920718000 995.8199 
41531990832347 41531990583000 995.81946 
41532070354347 41532060562000 995.7003 
41532161152430 41532130596000 995.79065 
41532232622430 41532200589000 995.7354 
41532295520305 41532270594000 995.792 
41532361630472 41532340568000 995.91626 
41532410815805 41532410561000 995.7074 
41532480864722 41532480580000 995.744 
41532550833389 41532550567000 995.7823 
41532620824430 41532620557000 995.8345 
41532690862514 41532690574000 995.8064 
41532760870597 41532760593000 995.8278 
41532831034764 41532830639000 995.8467 
41532900956555 41532900632000 995.74146 
41532970996347 41532970642000 995.7483 
41533041003305 41533040619000 995.6865 
41533110960472 41533110628000 995.7322 
41533180896680 41533180600000 995.74255 
41533252117847 41533250628000 995.6896 
41533321049264 41533320644000 995.8204 
41533391457180 41533390613000 995.69055 
41533464995139 41533460579000 995.75085 
41533530822430 41533530564000 995.8405 
41533600850180 41533600576000 995.6915 
41533670866305 41533670584000 995.7701 
41533740815181 41533740567000 995.72864 
41533810915889 41533810571000 995.8801 
41533880959431 41533880617000 995.7149 
41533950936181 41533950605000 995.7276 
41534021065972 41534020653000 995.88934 
41534090942222 41534090625000 995.7999 
41534160899764 41534160599000 995.82245 
41534230928097 41534230601000 995.82916 
41534300894056 41534300587000 995.9317 
41534370944347 41534370592000 995.78674 
41534441080514 41534440668000 995.84143 
41534511082556 41534510658000 995.7853 
41534580898889 41534580576000 995.85986 
41534650811181 41534650580000 995.8852 
41534720898347 41534720602000 995.7408 
41534790835764 41534790577000 995.668 
41534863669097 41534860967000 995.8195 
41534935808806 41534935567000 995.6824 
41535005810556 41535005558000 995.82574 
41535077749681 41535075560000 995.7056 
41535145930181 41535145616000 995.8505 
41535215860347 41535215605000 995.82275 
41535285854347 41535285586000 995.898 
41535360220514 41535355626000 995.84064 
41535425859014 41535425571000 995.8506 
41535495806139 41535495554000 995.85474 
41535566013974 41535565632000 995.75287 
41535635916057 41535635582000 995.81305 
41535705926932 41535705607000 995.8365 
41535776016724 41535775619000 995.87695 
41535846885849 41535845558000 995.8921 
41535915972265 41535915610000 995.81433 
41535986517807 41535985862000 995.8526 
41536055863724 41536055578000 995.87024 
41536130769057 41536125622000 995.9071 
41536201115307 41536195654000 995.83746 
41536266180349 41536265849000 995.8724 
41536335865682 41536335594000 995.88745 
41536405876974 41536405579000 995.8892 
41536480145766 41536475582000 995.9759 
41536548785390 41536545858000 995.9177 
41536616859932 41536615626000 995.75885 
41536686390974 41536685653000 995.8482 
41536763192807 41536757717000 995.9029 
41536825987057 41536825680000 996.0073 
41536895961974 41536895683000 995.7545 
41536965903766 41536965582000 995.82574 
41537035883391 41537035580000 995.8292 
41537105876641 41537105588000 995.7148 
41537176347057 41537175761000 995.6933 
41537245988557 41537245599000 995.79724 
41537315811849 41537315577000 995.9081 
41537386143808 41537385818000 995.84216 
41537456083474 41537455725000 995.84564 
41537526235849 41537525729000 995.9058 
41537598783891 41537595641000 995.9149 
41537665942724 41537665679000 995.8657 
41537736058266 41537735677000 995.9088 
41537805922724 41537805592000 995.91693 
41537876129766 41537875636000 995.7799 
41537946033016 41537945679000 995.8691 
41538015892516 41538015592000 995.7631 
41538086723057 41538085612000 995.741 
41538158420016 41538155620000 995.90485 
41538225969183 41538225607000 995.84973 
41538300442683 41538295610000 995.77026 
41538365893808 41538365581000 995.9043 
41538435957224 41538435579000 995.7509 
41538505910474 41538505589000 995.7969 
41538575990724 41538575647000 995.83575 
41538646430599 41538645965000 995.76843 
41538715876099 41538715579000 995.8152 
41538785837891 41538785574000 995.9233 
41538856036183 41538855642000 995.7915 
41538929841808 41538925730000 995.9242 
41538996490308 41538995888000 995.898 
41539065902974 41539065578000 995.91956 
41539135885516 41539135606000 995.95703 
41539205850474 41539205558000 995.78784 
41539276196849 41539275768000 995.86365 
41539345952224 41539345633000 995.85565 
41539415908516 41539415598000 995.96655 
41539486048726 41539485646000 995.80634 
41539556860892 41539555752000 995.8064 
41539625820767 41539625588000 995.84357 
41539695946808 41539695594000 995.85266 
41539765962350 41539765608000 995.8406 
41539835890725 41539835584000 995.86957 
41539910762517 41539905712000 995.9317 
41539975809683 41539975555000 995.9483 
41540045959517 41540045556000 995.75085 
41540115824809 41540115588000 995.87537 
41540186148101 41540185648000 995.84534 
41540255868850 41540255592000 995.8499 
41540329387808 41540325579000 995.89014 
41540396562184 41540395579000 995.8346 
41540465944184 41540465627000 995.8106 
41540535876059 41540535593000 995.8984 
41540605853392 41540605595000 995.8737 
41540675978184 41540675646000 995.9276 
41540745873559 41540745593000 995.9384 
41540816003851 41540815643000 995.9556 
41540885920976 41540885585000 995.953 
41540956067101 41540955659000 995.8912 
41541028936559 41541025703000 995.9328 
41541095974560 41541095688000 995.96484 
41541166152435 41541165690000 995.8666 
41541236195060 41541235662000 995.90295 
41541305852602 41541305565000 995.968 
41541375996935 41541375655000 995.86255 
41541446329060 41541445582000 995.92426 
41541515791727 41541515565000 995.9679 
41541585966060 41541585638000 995.86615 
41541655980143 41541655640000 995.90753 
41541730309768 41541725573000 995.8777 
41541800341560 41541795767000 995.8948 
41541865985310 41541865640000 995.96234 
41541936017185 41541935620000 995.8569 
41542005945352 41542005608000 995.84174 
41542077088935 41542075584000 995.84576 
41542145903560 41542145598000 995.79456 
41542215869310 41542215592000 995.78204 
41542289487351 41542288444000 995.7472 
41542356026852 41542355598000 995.78094 
41542425928102 41542425595000 995.8886 
41542497210352 41542495599000 995.74744 
41542565891185 41542565561000 995.84155 
41542636008560 41542635588000 995.874 
41542705892435 41542705589000 995.922 
41542802406310 41542775596000 995.89136 
41542846998935 41542845641000 995.90656 
41542928558893 41542915554000 995.80005 
41542988878643 41542985588000 995.94305 
41543056140019 41543055651000 995.8264 
41543131750685 41543125609000 995.94775 
41543197740643 41543195620000 995.979 
41543266642727 41543265619000 995.9176 
41543335896811 41543335569000 995.87665 
41543405954353 41543405589000 995.78796 
41543475990853 41543475643000 995.8395 
41543546003561 41543545629000 995.8747 
41543616076728 41543615645000 995.8751 
41543686109936 41543685656000 995.8005 
41543755990478 41543755622000 995.85095 
41543826089561 41543825677000 995.8422 
41543895922478 41543895584000 995.8104 
41543967599769 41543965602000 995.88434 
41544035989103 41544035652000 995.932 
41544105891978 41544105579000 995.7828 
41544176191228 41544175852000 995.73956 
41544246254603 41544245724000 995.7811 
41544316104728 41544315804000 995.75806 
41544385827061 41544385555000 995.7909 
41544455836353 41544455579000 995.7884 
41544530284603 41544525569000 995.7614 
41544597538519 41544595583000 995.789 
41544666100561 41544665570000 995.7494 
41544735828311 41544735576000 995.74506 
41544805849686 41544805572000 995.8024 
41544875844853 41544875566000 995.7865 
41544945871936 41544945569000 995.8555 
41545016042561 41545015597000 995.80585 
41545085933811 41545085591000 995.83453 
41545155889061 41545155568000 995.80444 
41545225836270 41545225555000 995.80566 
41545295840436 41545295562000 995.7646 
41545365874436 41545365584000 995.74866 
41545436111520 41545435590000 995.9017 
41545505884145 41545505594000 995.77356 
41545575822228 41545575557000 995.74976 
41545646828353 41545645683000 995.7382 
41545715876145 41545715571000 995.7512 
41545786050978 41545785710000 995.6494 
41545855913353 41545855584000 995.7643 
41545931647770 41545926408000 995.7002 
41545999030103 41545995626000 995.7178 
41546067905436 41546065635000 995.7184 
41546135939645 41546135620000 995.8332 
41546205935562 41546205611000 995.806 
41546289630978 41546275635000 995.7069 
41546345962395 41546345604000 995.7201 
41546415956020 41546415607000 995.7848 
41546485920104 41546485606000 995.6589 
41546555975479 41546555623000 995.7941 
41546626169812 41546625625000 995.7162 
41546696363770 41546695572000 995.7208 
41546765926729 41546765587000 995.8106 
41546835895437 41546835584000 995.7225 
41546908257895 41546905741000 995.75183 
41546975793062 41546975561000 995.7806 
41547047060312 41547045667000 995.84076 
41547115927229 41547115621000 995.80194 
41547185953396 41547185600000 995.6801 
41547255805479 41547255565000 995.7672 
41547325952729 41547325585000 995.8297 
41547397877979 41547395590000 995.815 
41547480471895 41547465597000 995.78217 
41547536192146 41547535635000 995.7627 
41547605975146 41547605613000 995.8826 
41547676893104 41547675573000 995.807 
41547746856104 41547745611000 995.8347 
41547825212562 41547816260000 995.84436 
41547890972229 41547890609000 995.76764 
41547962192312 41547961828000 995.802 
41548031819896 41548031511000 995.79614 
41548100895104 41548100569000 995.7263 
41548170899604 41548170581000 995.7998 
41548241012021 41548240607000 995.7718 
41548312257771 41548310590000 995.7359 
41548382023438 41548380589000 995.74774 
41548452155230 41548451816000 995.6357 
41548521323521 41548520977000 995.8557 
41548591100730 41548590597000 995.86194 
41548666312188 41548660633000 995.7734 
41548730934355 41548730605000 995.72894 
41548800944438 41548800612000 995.8815 
41548870909855 41548870571000 995.84906 
41548943610980 41548940586000 995.8091 
41549011021772 41549010634000 995.7843 
41549080866063 41549080558000 995.69257 
41549150959730 41549150596000 995.76025 
41549220924938 41549220601000 995.7886 
41549290864980 41549290584000 995.75006 
41549360867397 41549360594000 995.76294 
41549430963938 41549430599000 995.88586 
41549500875772 41549500572000 995.8459 
41549570910313 41549570579000 995.8518 
41549641032188 41549640582000 995.80493 
41549710908563 41549710606000 995.78143 
41549794874188 41549780634000 995.79517 
41549850999272 41549850636000 995.86786 
41549922043980 41549920686000 995.8166 
41549991021813 41549990642000 995.9374 
41550063183522 41550060882000 995.8142 
41550131429105 41550130926000 995.8705 
41550200865772 41550200610000 995.7924 
41550270793522 41550270567000 995.98724 
41550340851981 41550340576000 995.91034 
41550410868481 41550410582000 995.84863 
41550480877481 41550480597000 996.00055 
41550551687814 41550550590000 995.90063 
41550621089981 41550620723000 995.793 
41550691102814 41550690680000 995.7868 
41550761313189 41550760723000 995.8471 
41550831144272 41550830658000 995.94507 
41550900945773 41550900592000 995.898 
41550971376480 41550970676000 995.8982 
41551041394605 41551040739000 995.79504 
41551110866772 41551110579000 995.9007 
41551182825897 41551180628000 995.8815 
41551251061605 41551250656000 995.92126 
41551321023147 41551320627000 995.8194 
41551390981439 41551390606000 995.91876 
41551466009564 41551460587000 995.75 
41551535214105 41551531130000 995.8909 
41551601998855 41551600649000 995.86194 
41551683896897 41551683567000 995.8573 
41551750850480 41551750560000 995.9329 
41551849303147 41551825610000 995.78973 
41551896019689 41551895648000 995.79944 
41551986736230 41551965618000 995.8815 
41552063935939 41552035639000 995.93097 
41552114736314 41552105637000 995.8212 
41552192667105 41552175757000 995.7324 
41552268428397 41552246034000 995.80347 
41552318913022 41552315594000 995.95825 
41552402030648 41552385603000 995.8453 
41552457278773 41552455715000 995.7868 
41552539108315 41552525763000 995.9538 
41552613798731 41552595579000 995.97845 
41552679395773 41552665592000 995.89246 
41552750881273 41552735984000 995.9563 
41552826577565 41552810580000 995.8647 
41552896418440 41552882338000 995.8801 
41552979900065 41552950586000 995.83203 
41553046244857 41553025596000 995.83276 
41553131177732 41553095599000 995.7733 
41553195153356 41553165585000 995.81744 
41553235846357 41553235556000 995.76184 
41553305867065 41553305595000 995.86053 
41553618826065 41553375593000 995.8733 
41553659583357 41553445708000 995.80023 
41553704606565 41553515601000 995.8479 
41553742870857 41553585609000 995.8126 
41553756698690 41553655589000 995.8474 
41553773005357 41553725612000 995.8785 
41553813673107 41553795582000 995.88336 
41553865915690 41553865624000 995.8236 
41553935942149 41553935580000 995.8558 
41554024414565 41554005781000 995.80695 
41554076183190 41554075613000 995.8688 
41554145922149 41554145587000 995.8212 
41554229144607 41554215683000 995.8682 
41554290090774 41554285611000 995.8209 
41554355926857 41554355614000 995.88684 
41554426206899 41554425647000 995.7721 
41554495939857 41554495618000 995.7852 
41554565935357 41554565632000 995.9748 
41554636122315 41554635544000 995.85754 
41554705800524 41554705548000 995.76416 
41554775774732 41554775551000 995.8231 
41554846119691 41554845553000 995.88 
41554915810816 41554915583000 995.8839 
41554985986191 41554985607000 995.761 
41555056653274 41555056252000 995.8236 
41555133395983 41555125585000 995.8412 
41555199856191 41555195610000 995.8218 
41555265779400 41555265557000 995.8681 
41555335849358 41555335556000 995.8358 
41555405892733 41555405590000 995.8595 
41555475944192 41555475612000 995.83984 
41555545886567 41555545594000 995.87634 
41555616001150 41555615625000 995.7981 
41555685809859 41555685567000 995.8977 
41555755865067 41555755575000 995.81226 
41555826223774 41555825692000 995.78357 
41555895861316 41555895589000 995.8858 
41555966010441 41555965665000 995.82336 
41556036304649 41556035687000 995.77936 
41556105814608 41556105569000 995.9404 
41556175865650 41556175582000 995.7664 
41556246702774 41556245646000 995.7567 
41556315817275 41556315580000 995.8203 
41556385794233 41556385578000 995.8158 
41556455887525 41556455609000 995.9092 
41556529889733 41556525702000 995.8738 
41556597277649 41556595668000 995.738 
41556674783941 41556665793000 995.7886 
41556736047941 41556735664000 995.7606 
41556806014275 41556805664000 995.7961 
41556876196026 41556875672000 995.81146 
41556946109734 41556945694000 995.77344 
41557015779859 41557015560000 995.81995 
41557086021859 41557085642000 995.8445 
41557165545109 41557155745000 995.89813 
41557225911901 41557225613000 995.78033 
41557295889692 41557295579000 995.8312 
41557365999067 41557365621000 995.6456 
41557435958817 41557435598000 995.7522 
41557506198067 41557505773000 995.8156 
41557576027901 41557575617000 995.7672 
41557654504609 41557645785000 995.8033 
41557715850901 41557715585000 995.72186 
41557786051276 41557785633000 995.7712 
41557856033942 41557855648000 995.73267 
41557941582567 41557925818000 995.6942 
41557999517150 41557995586000 995.7787 
41558071904276 41558066458000 995.7524 
41558137792859 41558135802000 995.7489 
41558206977276 41558206630000 995.8024 
41558276000359 41558275637000 995.71 
41558345999526 41558345661000 995.6333 
41558416166109 41558415709000 995.77094 
41558486096401 41558485725000 995.7558 
41558556055859 41558555667000 995.8322 
41558626622192 41558625939000 995.7565 
41558696120693 41558695640000 995.8921 
41558766053526 41558765586000 995.7272 
41558836336735 41558835629000 995.8542 
41558905937610 41558905598000 995.85785 
41558975992068 41558975679000 995.7974 
41559046564568 41559045563000 995.8613 
41559117416235 41559115803000 995.7799 
41559185931902 41559185566000 995.8128 
41559257320401 41559255627000 995.78015 
41559331560318 41559325586000 995.8372 
41559405892152 41559396021000 995.74664 
41559472420943 41559466553000 995.84076 
41559536396235 41559535698000 995.7752 
41559605958110 41559605608000 995.81604 
41559676434401 41559675570000 995.72675 
41559745975859 41559745633000 995.7913 
41559815875193 41559815579000 995.7584 
41559885981526 41559885588000 995.79535 
41559956942193 41559956623000 995.70337 
41560026953776 41560026638000 995.6153 
41560095879234 41560095565000 995.68164 
41560166401318 41560166075000 995.70905 
41560235982984 41560235681000 995.6817 
41560306748068 41560306458000 995.70447 
41560376464484 41560376163000 995.6341 
41560446656484 41560446122000 995.72125 
41560515859901 41560515566000 995.7031 
41560634174526 41560585830000 995.7043 
41560656763568 41560655596000 995.7023 
41560737611068 41560725605000 995.72424 
41560823032819 41560796146000 995.7635 
41560877542819 41560865597000 995.7647 
41560956143944 41560935781000 995.769 
41561024484985 41561005638000 995.7025 
41561077475652 41561076911000 995.80066 
41561145904277 41561145584000 995.6795 
41561220932902 41561220573000 995.68634 
41561291555402 41561290605000 995.751 
41561361824486 41561361428000 995.7124 
41561435620778 41561431567000 995.71356 
41561534091402 41561500629000 995.6583 
41561584046944 41561570577000 995.72626 
41561666649528 41561640571000 995.68884 
41561716580236 41561712290000 995.7087 
41561780932028 41561780591000 995.71295 
41561850980444 41561850635000 995.7309 
41561920892986 41561920613000 995.8307 
41561991048986 41561990684000 995.80383 
41562064244902 41562060587000 995.63837 
41562132093153 41562130576000 995.73816 
41562203059986 41562200691000 995.8065 
41562274833902 41562270834000 995.7025 
41562363493652 41562340597000 995.73737 
41562412921444 41562410588000 995.66394 
41562480877778 41562480597000 995.7208 
41562550873070 41562550577000 995.6992 
41562620963362 41562620644000 995.6112 
41562690912570 41562690610000 995.7747 
41562761029195 41562760614000 995.66626 
41562830918862 41562830601000 995.7776 
41562900873195 41562900572000 995.60895 
41562972429987 41562972064000 995.6448 
41563040878237 41563040563000 995.6299 
41563113000903 41563112125000 995.59235 
41563184612236 41563180639000 995.73926 
41563250991195 41563250668000 995.73645 
41563320965028 41563320639000 995.6782 
41563392093737 41563390672000 995.70245 
41563467791487 41563461407000 995.8084 
41563535789695 41563530631000 995.7502 
41563603040320 41563600582000 995.76886 
41563670954570 41563670589000 995.6992 
41563742736112 41563741551000 995.6659 
41563810931112 41563810605000 995.7375 
41563882637237 41563882301000 995.77313 
41563951381904 41563950904000 995.739 
41564021081070 41564020592000 995.73676 
41564090827279 41564090579000 995.80255 
41564161387279 41564160569000 995.90045 
41564231714237 41564230578000 995.76575 
41564300931154 41564300597000 995.8808 
41564370857779 41564370590000 995.798 
41564440904945 41564440574000 995.75323 
41564510849362 41564510593000 995.75775 
