#SysTm EventTmStmp Snd
191701150946228,1379441423620962868,-Infinity
191701152869011,1379441423622030983,-Infinity
191701154181387,1379441423622030983,-Infinity
191701155432723,1379441423622030983,-Infinity
191701156531456,1379441423622030983,-Infinity
191701158118515,1379441423622030983,-Infinity
191701158789963,1379441423631399880,70.83876495900019
191701160407543,1379441423632529030,-Infinity
191701161475756,1379441423658255349,-Infinity
191701162513449,1379441423684927712,-Infinity
191701163795304,1379441423686026345,-Infinity
191701165199242,1379441423686026345,-Infinity
191701166389536,1379441423875204811,-Infinity
191701167396708,1379441423876303444,-Infinity
191701168831166,1379441423876303444,-Infinity
191701170051981,1379441423876303444,-Infinity
191701171242275,1379441423876303444,-Infinity
191701172829335,1379441423876303444,-Infinity
191701173439742,1379441423885702858,-Infinity
191701174477435,1379441423886801491,-Infinity
191701255692144,1379441423939200173,72.92277368802654
191701256638276,1379441423940268288,-Infinity
191701257584408,1379441423940268288,-Infinity
191701258286376,1379441423940268288,-Infinity
191701259049385,1379441423940268288,69.87606687863985
191701260880609,1379441423940268288,-Infinity
191701261277374,1379441423949637184,-Infinity
191701262070903,1379441423950766335,-Infinity
191701288348943,1379441424002371559,73.44165038125179
191701289447677,1379441424003439675,-Infinity
191701290454849,1379441424003439675,-Infinity
191701291217858,1379441424003439675,-Infinity
191701291889307,1379441424003439675,-Infinity
191701292957520,1379441424003439675,-Infinity
191701295246547,1379441424012808571,-Infinity
191701297352453,1379441424013937722,-Infinity
191701355707405,1379441424066031227,71.94313328373354
191701356836659,1379441424067099343,-Infinity
191701357904872,1379441424067310973,-Infinity
191701358942565,1379441424067310973,70.75369742689209
191701360163380,1379441424067310973,-Infinity
191701361536796,1379441424067310973,-Infinity
191701362025122,1379441424076679869,-Infinity
191701363703743,1379441424077809020,-Infinity
191701415557855,1379441424129749938,71.64879679962912
191701416992312,1379441424130818053,-Infinity
191701418457290,1379441424130818053,72.79849843563451
191701419922268,1379441424130818053,-Infinity
191701421387246,1379441424130818053,-Infinity
191701423340550,1379441424130818053,-Infinity
191701424042518,1379441424140217467,-Infinity
191701425110731,1379441424141346617,-Infinity
191701461368935,1379441424166737242,73.397257569983
191701477636293,1379441424193714781,71.41431957863013
191701482458512,1379441424194782897,-Infinity
191701484137132,1379441424194782897,-Infinity
191701486334599,1379441424194782897,-Infinity
191701487708016,1379441424194782897,-Infinity
191701489325596,1379441424194782897,-Infinity
191701489997044,1379441424204212828,-Infinity
191701491217859,1379441424205311461,-Infinity
191701540813463,1379441424256855650,74.09194648342763
191701543163532,1379441424257923766,-Infinity
191701544506428,1379441424257923766,-Infinity
191701545635682,1379441424257923766,-Infinity
191701549847493,1379441424257923766,-Infinity
191701552624847,1379441424257923766,-Infinity
191701553204734,1379441424268360777,-Infinity
191701554333988,1379441424268452330,-Infinity
191701605089369,1379441424320851012,75.07496789020519
191701606981632,1379441424321919127,-Infinity
191701608843374,1379441424321919127,-Infinity
191701610277832,1379441424321919127,-Infinity
191701611468126,1379441424321919127,-Infinity
191701619769667,1379441424321919127,70.46743125623395
191701620502156,1379441424331318541,-Infinity
191701621661930,1379441424332447691,-Infinity
191701667808733,1379441424383961363,71.28284310461862
191701668846426,1379441424385029479,-Infinity
191701669945159,1379441424385029479,-Infinity
191701670860770,1379441424385029479,-Infinity
191701671776381,1379441424385029479,-Infinity
191701673088757,1379441424385029479,-Infinity
191701676476519,1379441424394398375,-Infinity
191701677849935,1379441424395558043,-Infinity
191701731565792,1379441424447956725,74.34500415489622
191701733183372,1379441424449024840,-Infinity
191701734068462,1379441424449024840,-Infinity
191701734770431,1379441424449024840,-Infinity
191701735563961,1379441424449024840,-Infinity
191701736662694,1379441424449024840,-Infinity
191701740508261,1379441424458393736,74.65691246351929
191701741851157,1379441424459553404,-Infinity
191701794956604,1379441424511128111,72.70662109740321
191701796421582,1379441424512196227,-Infinity
191701798191764,1379441424512196227,-Infinity
191701799656742,1379441424512196227,-Infinity
191701800724955,1379441424512196227,-Infinity
191701802128892,1379441424512196227,-Infinity
191701803776992,1379441424521565123,-Infinity
191701805058848,1379441424522694273,-Infinity
191701858988345,1379441424575123473,75.45628124053162
191701861948821,1379441424576191588,-Infinity
191701863444319,1379441424576191588,-Infinity
191701864787215,1379441424576191588,-Infinity
191701866008030,1379441424576191588,-Infinity
191701867778212,1379441424576191588,-Infinity
191701868510701,1379441424585591002,-Infinity
191701869823077,1379441424586720152,-Infinity
191701922226556,1379441424638264342,74.73356753828615
191701924088299,1379441424639332457,-Infinity
191701925461716,1379441424639332457,-Infinity
191701926499409,1379441424639332457,-Infinity
191701927537101,1379441424639332457,-Infinity
191701929093640,1379441424639332457,-Infinity
191701930955383,1379441424648731871,-Infinity
191701932298279,1379441424649861022,-Infinity
191701986227777,1379441424702259703,74.80166781725384
191701988242122,1379441424703327818,-Infinity
191701989585018,1379441424703327818,-Infinity
191701990653231,1379441424703327818,-Infinity
191701991782485,1379441424703327818,-Infinity
191701993339024,1379441424703327818,-Infinity
191701995017645,1379441424712757750,-Infinity
191701996391061,1379441424713856383,-Infinity
191702049404947,1379441424765400572,73.91380911064417
191702051724497,1379441424766499205,-Infinity
191702053036873,1379441424766499205,-Infinity
191702054044045,1379441424766499205,-Infinity
191702055081738,1379441424766499205,-Infinity
191702056668797,1379441424766499205,-Infinity
191702058103254,1379441424775868102,-Infinity
191702059659793,1379441424776936217,-Infinity
191702113406169,1379441424829395934,74.01111348765556
191702116030921,1379441424830464049,-Infinity
191702117465379,1379441424830464049,-Infinity
191702118594633,1379441424830464049,-Infinity
191702120761579,1379441424830464049,-Infinity
191702122836964,1379441424830464049,-Infinity
191702123630494,1379441424839863463,-Infinity
191702124820788,1379441424840992613,-Infinity
191702176735941,1379441424892567320,72.67443454290785
191702179086010,1379441424893635436,71.32061136113023
191702181649722,1379441424893650004,-Infinity
191702182687415,1379441424893650004,-Infinity
191702183816668,1379441424893650004,-Infinity
191702185708932,1379441424893650004,-Infinity
191702186288819,1379441424903049418,-Infinity
191702187448593,1379441424904178568,-Infinity
191702240462480,1379441424956516215,74.68253940884048
191702242873589,1379441424957584330,-Infinity
191702244216486,1379441424957584330,-Infinity
191702245376260,1379441424957584330,-Infinity
191702246413952,1379441424957584330,-Infinity
191702248184134,1379441424957584330,-Infinity
191702249252347,1379441424966983744,-Infinity
191702250778366,1379441424968112894,-Infinity
191702303670170,1379441425019718119,78.08888905783019
191702305440352,1379441425020786234,-Infinity
191702306844289,1379441425020786234,-Infinity
191702307912502,1379441425020786234,-Infinity
191702308980715,1379441425020786234,-Infinity
191702310689856,1379441425020786234,-Infinity
191702312490558,1379441425030185648,-Infinity
191702314016576,1379441425031314798,-Infinity
191702367579831,1379441425083682963,73.77110779486449
191702369960420,1379441425084751078,-Infinity
191702371303316,1379441425084751078,-Infinity
191702372341009,1379441425084751078,-Infinity
191702373470263,1379441425084751078,-Infinity
191702375057322,1379441425084751078,-Infinity
191702376430739,1379441425094150492,-Infinity
191702377773635,1379441425095279642,-Infinity
191702430787521,1379441425146823832,75.43284175317456
191702433168110,1379441425147891947,-Infinity
191702434511007,1379441425147891947,-Infinity
191702435670781,1379441425147891947,-Infinity
191702436708473,1379441425147891947,-Infinity
191702438326053,1379441425147891947,-Infinity
191702440554040,1379441425157291361,75.65443331218042
191702441744335,1379441425158420511,-Infinity
191702494697180,1379441425210819193,76.71519082430218
191702496192678,1379441425211887308,-Infinity
191702497596616,1379441425211887308,-Infinity
191702498725869,1379441425211887308,75.2400136393143
191702500129807,1379441425211887308,-Infinity
191702501838948,1379441425211887308,-Infinity
191702503578609,1379441425221286722,-Infinity
191702504890985,1379441425222415873,-Infinity
191702558423718,1379441425273960062,73.77821008501193
191702561109511,1379441425275028177,-Infinity
191702562543968,1379441425275028177,-Infinity
191702563734263,1379441425275028177,-Infinity
191702564863516,1379441425275028177,-Infinity
191702566694739,1379441425275028177,-Infinity
191702567305146,1379441425284427591,-Infinity
191702568464920,1379441425285556742,-Infinity
191702621814532,1379441425337924906,78.37894240167631
191702623248990,1379441425338993021,-Infinity
191702624591886,1379441425338993021,-Infinity
191702625721140,1379441425338993021,-Infinity
191702626819873,1379441425338993021,-Infinity
191702628406933,1379441425338993021,-Infinity
191702630665440,1379441425348392435,-Infinity
191702632069377,1379441425349521586,-Infinity
191702685113784,1379441425401126810,76.86574631059473
191702687555414,1379441425402194925,-Infinity
191702689020391,1379441425402194925,-Infinity
191702690302247,1379441425402194925,-Infinity
191702691370460,1379441425402194925,-Infinity
191702692896479,1379441425402194925,-Infinity
191702693903651,1379441425411594340,-Infinity
191702695277068,1379441425412723490,-Infinity
191702748962404,1379441425465061136,75.48549191319063
191702750549463,1379441425466129252,-Infinity
191702751953400,1379441425466129252,-Infinity
191702753082654,1379441425466129252,-Infinity
191702754120347,1379441425466129252,-Infinity
191702755676886,1379441425466129252,-Infinity
191702757813312,1379441425475528666,-Infinity
191702760102340,1379441425477329203,73.79594043987176
191702812231135,1379441425528263041,73.1699209973455
191702813665592,1379441425529331156,-Infinity
191702815008489,1379441425529331156,-Infinity
191702816137743,1379441425529331156,-Infinity
191702817236476,1379441425529331156,-Infinity
191702818823535,1379441425529331156,-Infinity
191702821082043,1379441425538730570,-Infinity
191702822455460,1379441425539859720,-Infinity
191702876140794,1379441425592227884,71.79275160755932
191702877636292,1379441425593296000,-Infinity
191702879009709,1379441425593296000,69.3839379012928
191702880718851,1379441425593296000,-Infinity
191702881817584,1379441425593296000,-Infinity
191702883435164,1379441425593296000,-Infinity
191702885052743,1379441425602695414,-Infinity
191702886395640,1379441425603824564,-Infinity
191702939775771,1379441425655399271,70.79132997802648
191702942431044,1379441425656467386,-Infinity
191702943804460,1379441425656467386,-Infinity
191702944903194,1379441425656467386,-Infinity
191702945971407,1379441425656467386,-Infinity
191702947558466,1379441425656467386,-Infinity
191702948504598,1379441425665836283,-Infinity
191702949908535,1379441425666965433,-Infinity
191703003410747,1379441425719364115,72.67443454290785
191703004936765,1379441425720432230,-Infinity
191703006371223,1379441425720432230,-Infinity
191703007439436,1379441425720432230,-Infinity
191703008538169,1379441425720432230,-Infinity
191703010186269,1379441425720432230,-Infinity
191703012200614,1379441425729831644,-Infinity
191703014092877,1379441425730960795,-Infinity
191703066526877,1379441425782474466,72.07369437166544
191703069212670,1379441425783573099,-Infinity
191703071349096,1379441425783573099,-Infinity
191703072905635,1379441425783573099,-Infinity
191703074370613,1379441425783573099,-Infinity
191703076995365,1379441425783573099,-Infinity
191703077819415,1379441425792941996,-Infinity
191703079864280,1379441425794071146,72.08664316848854
191703130680700,1379441425846500345,72.15965720960746
191703133824298,1379441425847568461,-Infinity
191703135808122,1379441425847568461,-Infinity
191703137334141,1379441425847568461,-Infinity
191703138829639,1379441425847568461,67.0662398303778
191703142461563,1379441425847568461,-Infinity
191703143316134,1379441425856967875,-Infinity
191703144994754,1379441425858097025,-Infinity
191703193796829,1379441425909671732,69.93981041367383
191703196940427,1379441425910739847,-Infinity
191703198954772,1379441425910739847,64.26408612386186
191703201640565,1379441425910739847,-Infinity
191703204051674,1379441425910739847,-Infinity
191703208171924,1379441425910739847,-Infinity
191703208904413,1379441425920139261,-Infinity
191703210430433,1379441425921268412,-Infinity
191703257767531,1379441425973606058,66.13372418433187
191703261735179,1379441425974674173,-Infinity
191703263657962,1379441425974674173,-Infinity
191703265245022,1379441425974674173,-Infinity
191703268388620,1379441425974674173,-Infinity
191703270952331,1379441425974674173,-Infinity
191703271745861,1379441425984073588,-Infinity
191703273210839,1379441425985080668,-Infinity
191703320975221,1379441426036807963,70.35496892078665
191703323966217,1379441426037876078,-Infinity
191703325827960,1379441426037876078,67.03157182108959
191703373409222,1379441426037876078,-Infinity
191703374782639,1379441426037876078,-Infinity
191703376949585,1379441426037876078,-Infinity
191703377651554,1379441426047275492,-Infinity
191703378963930,1379441426048404642,72.11248298361626
191703385190086,1379441426100803324,-Infinity
191703386716104,1379441426101901957,-Infinity
191703388333684,1379441426101901957,-Infinity
191703389798662,1379441426101901957,-Infinity
191703391660404,1379441426101901957,-Infinity
191703393766310,1379441426101901957,-Infinity
191703394376718,1379441426111301371,-Infinity
191703395567012,1379441426112430521,-Infinity
191703448001011,1379441426163944193,71.01620342028724
191703450534202,1379441426165012308,-Infinity
191703452029700,1379441426165012308,-Infinity
191703453250515,1379441426165012308,-Infinity
191703454349248,1379441426165012308,-Infinity
191703455997349,1379441426165012308,-Infinity
191703456760358,1379441426174411722,-Infinity
191703458133775,1379441426175540873,-Infinity
191703512002233,1379441426227909037,68.3238260416772
191703513558772,1379441426228977152,-Infinity
191703515023750,1379441426228977152,-Infinity
191703516244565,1379441426228977152,-Infinity
191703517495900,1379441426228977152,-Infinity
191703519296602,1379441426228977152,65.49903137814506
191703520853141,1379441426238376566,-Infinity
191703522287598,1379441426239505716,-Infinity
191703575148883,1379441426291080423,67.71064127471578
191703577559992,1379441426292148539,-Infinity
191703578933409,1379441426292148539,65.13223222711352
191703580886713,1379441426292148539,-Infinity
191703582015966,1379441426292148539,-Infinity
191703583938750,1379441426292148539,-Infinity
191703584579678,1379441426301547953,-Infinity
191703585892054,1379441426302677103,-Infinity
191703639150103,1379441426355045267,66.79684605132911
191703641957977,1379441426356113382,-Infinity
191703643392434,1379441426356113382,-Infinity
191703644491168,1379441426356113382,-Infinity
191703645620421,1379441426356113382,-Infinity
191703647238001,1379441426356113382,-Infinity
191703648184133,1379441426365512797,-Infinity
191703649496509,1379441426366641947,-Infinity
191703702418835,1379441426418216654,64.95266728426256
191703704860464,1379441426419284769,-Infinity
191703706233881,1379441426419284769,-Infinity
191703707302094,1379441426419284769,-Infinity
191703708461868,1379441426419284769,-Infinity
191703710354131,1379441426419284769,-Infinity
191703711208702,1379441426428684183,-Infinity
191703712521078,1379441426429813334,-Infinity
191703766755780,1379441426482181498,64.98203932396571
191703768556482,1379441426483249613,-Infinity
191703770082500,1379441426483249613,-Infinity
191703771181234,1379441426483249613,-Infinity
191703772218926,1379441426483249613,-Infinity
191703774294312,1379441426483249613,-Infinity
191703775087841,1379441426492649027,-Infinity
191703776400217,1379441426493778177,-Infinity
191703829536185,1379441426545352884,64.07628061655853
191703831428449,1379441426546421000,-Infinity
191703832771345,1379441426546633341,-Infinity
191703833839558,1379441426546633341,-Infinity
191703834968812,1379441426546633341,-Infinity
191703836586392,1379441426546633341,-Infinity
191703838295533,1379441426556032755,-Infinity
191703840767684,1379441426557161905,-Infinity
191703893445846,1379441426609530069,66.9150019528122
191703895185507,1379441426610598184,-Infinity
191703896619964,1379441426610598184,-Infinity
191703897871300,1379441426610598184,-Infinity
191703899061594,1379441426610598184,67.475475432079
191703904524741,1379441426610598184,-Infinity
191703905806596,1379441426619997598,-Infinity
191703908553430,1379441426621126749,-Infinity
191703958698401,1379441426672884561,65.52661528104059
191703964069987,1379441426674074747,-Infinity
191703968709084,1379441426674074747,-Infinity
191703971577999,1379441426674074747,-Infinity
191703974080669,1379441426674074747,-Infinity
191703977926236,1379441426674074747,-Infinity
191703979086010,1379441426683687784,61.87827261407479
191703982229609,1379441426685824014,-Infinity
191704023248989,1379441426736879923,64.82920309508943
191704027216637,1379441426738070108,-Infinity
191704031184285,1379441426738070108,-Infinity
191704033931119,1379441426738070108,-Infinity
191704036494830,1379441426738070108,-Infinity
191704041622253,1379441426738070108,-Infinity
191704042904108,1379441426747622110,-Infinity
191704045437299,1379441426748751261,-Infinity
191704085205345,1379441426799929239,70.05229257898388
191704090271726,1379441426801088907,-Infinity
191704094117293,1379441426801088907,-Infinity
191704101503223,1379441426801088907,-Infinity
191704103944853,1379441426801088907,-Infinity
191704107698859,1379441426801088907,-Infinity
191704108828113,1379441426810671427,-Infinity
191704111574946,1379441426811800577,-Infinity
191704149542290,1379441426864016153,72.00648293429362
191704153815143,1379441426865206339,-Infinity
191704156806139,1379441426865206339,-Infinity
191704162910214,1379441426865206339,-Infinity
191704166206414,1379441426865206339,-Infinity
191704172096846,1379441426865206339,-Infinity
191704174050149,1379441426874758341,-Infinity
191704176766463,1379441426875887491,-Infinity
191704212536338,1379441426927095987,66.79287970058935
191704216320865,1379441426928286173,-Infinity
191704224286682,1379441426928286173,66.68911355582335
191704227247158,1379441426928286173,-Infinity
191704229780349,1379441426928286173,-Infinity
191704233564875,1379441426928286173,-Infinity
191704234938291,1379441426937838175,-Infinity
191704237379921,1379441426938967325,-Infinity
191704276568080,1379441426991121866,66.38680643991808
191704281420819,1379441426992312052,-Infinity
191704285296906,1379441426992312052,-Infinity
191704287830097,1379441426992312052,-Infinity
191704290424329,1379441426992312052,-Infinity
191704293964692,1379441426992312052,-Infinity
191704295277068,1379441427001864054,-Infinity
191704297779738,1379441427002962686,-Infinity
191704339501087,1379441427054201700,63.81193072643237
191704344872672,1379441427055391886,-Infinity
191704349237085,1379441427055391886,-Infinity
191704352106000,1379441427055391886,-Infinity
191704355005436,1379441427055391886,-Infinity
191704359430890,1379441427055391886,63.17995935260766
191704361140031,1379441427064943888,-Infinity
191704364222589,1379441427066042520,-Infinity
191704403441267,1379441427118258097,64.29058698297952
191704409453780,1379441427119448282,-Infinity
191704413421429,1379441427119448282,-Infinity
191704416931271,1379441427119448282,-Infinity
191704419342381,1379441427119448282,61.808124213324746
191704423523672,1379441427119448282,-Infinity
191704425141251,1379441427129030802,-Infinity
191704427674442,1379441427130159952,-Infinity
191704488318423,1379441427181337931,64.07085460901322
191704492225031,1379441427182528116,-Infinity
191704495277068,1379441427182528116,-Infinity
191704497596616,1379441427182528116,66.31584544836625
191704506874810,1379441427182528116,-Infinity
191704508126145,1379441427182528116,-Infinity
191704508553430,1379441427192080118,-Infinity
191704509285919,1379441427194277384,-Infinity
191704529215722,1379441427245180704,61.20292853979415
191704534068461,1379441427246248819,-Infinity
191704536601652,1379441427246248819,-Infinity
191704538524435,1379441427246248819,58.371043862706415
191704540721902,1379441427246248819,-Infinity
191704543316134,1379441427246248819,-Infinity
191704544170704,1379441427255648233,-Infinity
191704545940886,1379441427256746866,-Infinity
191704592240291,1379441427308352091,60.04114069179058
191704593400065,1379441427309420206,-Infinity
191704594865043,1379441427309420206,-Infinity
191704595780654,1379441427309420206,-Infinity
191704596635224,1379441427309420206,-Infinity
191704597825519,1379441427309420206,-Infinity
191704601060678,1379441427318789102,58.169935337519874
191704606371223,1379441427319948770,-Infinity
191704656210991,1379441427372316934,62.41338272176841
191704657675968,1379441427373385050,-Infinity
191704658957824,1379441427373399723,-Infinity
191704660300720,1379441427373399723,-Infinity
191704661094250,1379441427373399723,-Infinity
191704662345585,1379441427373399723,-Infinity
191704665031378,1379441427382768619,-Infinity
191704670769209,1379441427383897770,-Infinity
191704723691534,1379441427435502994,68.63739721766653
191704725644838,1379441427436571109,-Infinity
191704728422192,1379441427436571109,-Infinity
191704730161853,1379441427436571109,-Infinity
191704731779432,1379441427436571109,-Infinity
191704737181538,1379441427436571109,-Infinity
191704737975068,1379441427445940006,-Infinity
191704740569300,1379441427447038639,-Infinity
191704785434248,1379441427499467838,67.32006368283639
191704786655063,1379441427500535953,-Infinity
191704788425245,1379441427500535953,-Infinity
191704789279815,1379441427500535953,-Infinity
191704790225947,1379441427500535953,-Infinity
191704791416241,1379441427500535953,-Infinity
191704792209771,1379441427509904850,-Infinity
191704793522147,1379441427511064518,-Infinity
191704846841237,1379441427562669742,68.60525682275059
191704856821398,1379441427563737857,-Infinity
191704862467667,1379441427563737857,-Infinity
191704864512532,1379441427563737857,-Infinity
191704869945158,1379441427563737857,-Infinity
191704873424481,1379441427563737857,-Infinity
191704874553734,1379441427573137271,-Infinity
191704876629120,1379441427574266422,-Infinity
191704913680852,1379441427626634586,70.15256519162342
191704925522757,1379441427627702701,63.57957930299157
191704929002079,1379441427627702701,-Infinity
191704941576472,1379441427627702701,-Infinity
191704944475908,1379441427627702701,-Infinity
191704948016271,1379441427627702701,-Infinity
191704949481249,1379441427637102115,-Infinity
191704960193899,1379441427638231266,63.38206775083063
191704975332004,1379441427689805973,-Infinity
191704978384041,1379441427690874088,66.69713973457743
191704981832844,1379441427690874088,-Infinity
191704987631715,1379441427690874088,-Infinity
191704990164905,1379441427690874088,-Infinity
191704994132554,1379441427690874088,-Infinity
191704995353369,1379441427700304020,-Infinity
191704997703437,1379441427701402652,-Infinity
191705040279356,1379441427753953922,66.84430149615828
191705045650942,1379441427755144107,-Infinity
191705049313386,1379441427755144107,-Infinity
191705052487505,1379441427755144107,-Infinity
191705055020696,1379441427755144107,-Infinity
191705059171466,1379441427755144107,-Infinity
191705060880607,1379441427764879215,-Infinity
191705063657961,1379441427765794742,-Infinity
191705103639650,1379441427817064273,66.58815537633514
191705107637819,1379441427818315494,-Infinity
191705110964540,1379441427818315494,-Infinity
191705113802934,1379441427818315494,-Infinity
191705117190695,1379441427818315494,64.96246900628925
191705121280425,1379441427818315494,-Infinity
191705122867485,1379441427831590641,-Infinity
191705125522757,1379441427831712711,-Infinity
191705134923032,1379441427851579654,-Infinity
191705156378853,1379441427873155582,65.7843829744469
191705176644380,1379441427892930973,-Infinity
191705179726938,1379441427893114078,64.36960777199484
191705183816667,1379441427895799625,-Infinity
191705196818346,1379441427913438785,-Infinity
191705217266996,1379441427933580387,62.94218481778416
191705229871910,1379441427938341129,68.21336676942364
191705233686956,1379441427938341129,-Infinity
191705236159106,1379441427938341129,-Infinity
191705238753338,1379441427938341129,68.9586090065501
191705243026190,1379441427938341129,-Infinity
191705244430127,1379441427953721988,-Infinity
191705246963318,1379441427956407535,-Infinity
191705249404948,1379441427957170475,-Infinity
191705257126602,1379441427973894107,-Infinity
191705277209007,1379441427994035709,63.994532368170155
191705293964692,1379441428001909244,63.74456652470791
191705297474535,1379441428001909244,-Infinity
191705300404490,1379441428001909244,-Infinity
191705302876640,1379441428001909244,-Infinity
191705306600126,1379441428001909244,-Infinity
191705307820941,1379441428014085758,-Infinity
191705310476213,1379441428020433414,-Infinity
191705312948363,1379441428020616520,-Infinity
191705317679021,1379441428034288395,-Infinity
191705337761426,1379441428054460514,-Infinity
191705356989260,1379441428065477359,64.91334939121033
191705361964081,1379441428065477359,-Infinity
191705364466751,1379441428065477359,-Infinity
191705367640870,1379441428065477359,-Infinity
191705371333835,1379441428065477359,-Infinity
191705372707251,1379441428077074039,-Infinity
191705375057320,1379441428083543766,-Infinity
191705377376868,1379441428083726871,-Infinity
191705379818498,1379441428095140445,64.16800779521004
191705397886560,1379441428113450992,-Infinity
191705422119736,1379441428134691227,70.69567557844942
191705426209465,1379441428129075992,-Infinity
191705429169942,1379441428129075992,-Infinity
191705432893427,1379441428129075992,-Infinity
191705435426618,1379441428129075992,-Infinity
191705439791031,1379441428129075992,71.70531349521765
191705441347570,1379441428147783268,-Infinity
191705443758679,1379441428148576725,-Infinity
191705445834065,1379441428154741275,-Infinity
191705458713662,1379441428175340641,65.80218784955866
191705478735026,1379441428195421207,71.13732567370324
191705484839100,1379441428193254459,-Infinity
191705488471024,1379441428193254459,-Infinity
191705491126297,1379441428193254459,-Infinity
191705493628967,1379441428193254459,-Infinity
191705497566095,1379441428193254459,-Infinity
191705499427838,1379441428211381900,74.70809095296315
191705502907160,1379441428211565006,-Infinity
191705505104627,1379441428215562809,-Infinity
191705519205040,1379441428235734928,72.66233376325314
191705539165363,1379441428255876529,72.133957586037
191705548016271,1379441428256181705,-Infinity
191705551556634,1379441428256181705,-Infinity
191705554028784,1379441428256181705,-Infinity
191705556531455,1379441428256181705,-Infinity
191705561933561,1379441428256181705,-Infinity
191705563398538,1379441428274797428,-Infinity
191705565931729,1379441428274980533,-Infinity
191705568037635,1379441428277635562,-Infinity
191705580184743,1379441428296129215,69.15122822551555
191705599870383,1379441428316270816,68.06729410356304
191705611590207,1379441428319749820,-Infinity
191705617633240,1379441428319749820,-Infinity
191705621997655,1379441428319749820,-Infinity
191705624805529,1379441428319749820,-Infinity
191705628529014,1379441428319749820,-Infinity
191705629932951,1379441428336473453,-Infinity
191705633107070,1379441428338701236,-Infinity
191705635640261,1379441428338823307,-Infinity
191705639974154,1379441428356584537,67.52302081187028
191705659903956,1379441428376695621,64.86395036839978
191705675286224,1379441428383317936,-Infinity
191705678521383,1379441428383317936,69.87328477873017
191705681420819,1379441428383317936,-Infinity
191705683984530,1379441428383317936,-Infinity
191705687585934,1379441428383317936,-Infinity
191705688806749,1379441428396837223,-Infinity
191705691645143,1379441428401964176,-Infinity
191705693964692,1379441428403398502,-Infinity
191705701320101,1379441428416978824,70.03045894135181
191705720700537,1379441428437150943,69.19044879671907
191705738615996,1379441428446977604,66.12087437957993
191705744201225,1379441428446977604,-Infinity
191705746887018,1379441428446977604,-Infinity
191705749359168,1379441428446977604,-Infinity
191705754395029,1379441428446977604,-Infinity
191705755585324,1379441428458635318,-Infinity
191705758118514,1379441428465013492,67.49379293474394
191705762330326,1379441428465898502,-Infinity
191705764771956,1379441428477403629,-Infinity
191705781619201,1379441428497728336,64.2001521556372
191705802983461,1379441428516099918,68.24027407148765
191705806188100,1379441428510484684,-Infinity
191705809209617,1379441428510484684,-Infinity
191705812017491,1379441428510484684,-Infinity
191705814489641,1379441428510484684,-Infinity
191705818274168,1379441428510484684,-Infinity
191705819678105,1379441428529252994,69.75562438492835
191705822974305,1379441428530015934,-Infinity
191705825202292,1379441428537279117,-Infinity
191705842324222,1379441428557634342,71.21396665469001
191705864359930,1379441428577775943,68.98330671190945
191705867289886,1379441428572130191,-Infinity
191705870830249,1379441428572130191,-Infinity
191705873882286,1379441428572130191,-Infinity
191705876323916,1379441428572130191,-Infinity
191705880138962,1379441428572130191,70.6245130221529
191705881756542,1379441428590318668,-Infinity
191705884167652,1379441428591081607,-Infinity
191705886212517,1379441428598253238,-Infinity
191705902144151,1379441428618425357,66.29066130855045
191705937822467,1379441428653856266,66.63272163823284
191705942553125,1379441428654710758,-Infinity
191705993735789,1379441428707353580,66.59221631856194
191705998710610,1379441428708147037,-Infinity
191706002708778,1379441428707353580,64.2161798282157
191706006554345,1379441428707353580,-Infinity
191706007469956,1379441428707353580,-Infinity
191706008599210,1379441428707353580,-Infinity
191706009026495,1379441428716936100,-Infinity
191706009850545,1379441428718858707,-Infinity
191706055722665,1379441428771165836,68.56653067253987
191706057004521,1379441428771928775,-Infinity
191706057920132,1379441428771165836,-Infinity
191706058805223,1379441428771165836,-Infinity
191706060880608,1379441428771165836,-Infinity
191706064115768,1379441428771165836,-Infinity
191706065336582,1379441428780534732,-Infinity
191706068541222,1379441428782426822,-Infinity
191706119327120,1379441428834337223,73.22116729826169
191706125034430,1379441428835069645,-Infinity
191706129124160,1379441428834337223,-Infinity
191706132054116,1379441428834337223,-Infinity
191706134770429,1379441428834337223,-Infinity
191706136143845,1379441428834337223,-Infinity
191706136815294,1379441428843706119,-Infinity
191706137822466,1379441428845567691,-Infinity
191706190500629,1379441428907793033,74.05764138334267
191706191538322,1379441428908525455,-Infinity
191706202312013,1379441428918565738,68.630978647682
191706223493151,1379441428939744937,68.37357407609849
191706245193137,1379441428960313785,70.3786283642517
191706247299043,1379441428954576480,-Infinity
191706249343908,1379441428954576480,-Infinity
191706251236171,1379441428954576480,-Infinity
191706252945312,1379441428954576480,-Infinity
191706255997349,1379441428954576480,-Infinity
191706256882440,1379441428972215641,-Infinity
191706258652621,1379441428972948062,-Infinity
191706264176809,1379441428980455387,-Infinity
191706283618286,1379441429001110399,69.31299680052167
191706303487048,1379441429021221483,65.02591195342114
191706309682683,1379441429018993700,-Infinity
191706310995059,1379441429018993700,-Infinity
191706311819109,1379441429018993700,-Infinity
191706312551598,1379441429018993700,-Infinity
191706313741893,1379441429018993700,-Infinity
191706319174519,1379441429036999071,-Infinity
191706320547936,1379441429037670458,-Infinity
191706323813616,1379441429041363085,-Infinity
191706344079143,1379441429061535204,70.13368328527015
191706364192069,1379441429081676805,68.83719148225258
191706372951415,1379441429082561815,-Infinity
191706375240443,1379441429082561815,-Infinity
191706377102186,1379441429082561815,-Infinity
191706379330173,1379441429082561815,66.58815537633514
191706382473771,1379441429082561815,-Infinity
191706383419903,1379441429100139940,-Infinity
191706385373207,1379441429101909960,-Infinity
191706387143388,1379441429103283251,-Infinity
191706406127060,1379441429121960008,70.3969856936167
191706425415935,1379441429142284715,72.32697409309041
191706438814378,1379441429146435106,71.93216407071301
191706443483995,1379441429146435106,-Infinity
191706446200308,1379441429146435106,-Infinity
191706449374427,1379441429146435106,-Infinity
191706454654452,1379441429146435106,-Infinity
191706456180471,1379441429162426317,-Infinity
191706458500019,1379441429164989794,73.6584736967866
191706461826740,1379441429165172899,-Infinity
191706465855429,1379441429182598436,-Infinity
191706485998874,1379441429202801073,69.4892746686855
191706502296753,1379441429209942186,69.91215330496763
191706507851460,1379441429209942186,-Infinity
191706511361303,1379441429209942186,-Infinity
191706514047096,1379441429209942186,-Infinity
191706517526418,1379441429209942186,-Infinity
191706518625152,1379441429222851122,69.19345843972052
191706530863821,1379441429227978075,-Infinity
191706533702215,1379441429229442919,-Infinity
191706535899682,1379441429243023241,-Infinity
191706546124008,1379441429263134325,69.86493312737926
191706565657047,1379441429273479784,67.98122476878706
191706573653384,1379441429273479784,-Infinity
191706577621033,1379441429273479784,-Infinity
191706583969270,1379441429273479784,-Infinity
191706588852530,1379441429273479784,-Infinity
191706590500630,1379441429285625780,-Infinity
191706593094861,1379441429292187059,-Infinity
191706595200767,1379441429292003954,-Infinity
191706597489795,1379441429303295458,-Infinity
191706606157580,1379441429321392381,75.10548742537196
191706627857565,1379441429342541063,73.48765284496984
191706630818041,1379441429336803758,-Infinity
191706634205802,1379441429336803758,-Infinity
191706636769514,1379441429336803758,-Infinity
191706639119582,1379441429336803758,70.71337547497001
191706642995669,1379441429336803758,-Infinity
191706644277525,1379441429354473436,-Infinity
191706646627594,1379441429355205858,-Infinity
191706648672459,1379441429363354051,-Infinity
191706668144456,1379441429384197557,71.77712227474933
191706687311250,1379441429404125536,70.04138262177797
191706693720529,1379441429401928270,-Infinity
191706697047249,1379441429401928270,-Infinity
191706699763562,1379441429401928270,68.82150164095906
191706704097455,1379441429401928270,-Infinity
191706708187185,1379441429401928270,-Infinity
191706709621642,1379441429420452440,-Infinity
191706712337955,1379441429421215380,-Infinity
191706714565943,1379441429424267137,-Infinity
191706727689703,1379441429444469774,70.9328646370631
191706747711067,1379441429464550340,70.811334190255
191706755585323,1379441429464184130,-Infinity
191706759064645,1379441429464184130,66.63676179871219
191706762788131,1379441429464184130,-Infinity
191706765626526,1379441429464184130,-Infinity
191706769472093,1379441429464184130,-Infinity
191706770998111,1379441429482220018,-Infinity
191706773500782,1379441429483013475,-Infinity
191706775545647,1379441429485363329,-Infinity
191706788699927,1379441429504833544,68.50485888613682
191706808141404,1379441429524975145,67.34988113631351
191706819891747,1379441429527752245,69.4892746686855
191706825843220,1379441429527752245,-Infinity
191706828406931,1379441429527752245,-Infinity
191706831336887,1379441429527752245,-Infinity
191706835029852,1379441429527752245,-Infinity
191706836403268,1379441429545177782,-Infinity
191706838875419,1379441429547405565,68.22683084156829
191706841439130,1379441429547497118,-Infinity
191706848428295,1379441429565258348,-Infinity
191706868724344,1379441429585430467,69.13003585886966
191706882946838,1379441429591350878,68.1083063393787
191706886365119,1379441429591350878,-Infinity
191706888928831,1379441429591350878,-Infinity
191706891645144,1379441429591350878,-Infinity
191706895307588,1379441429591350878,-Infinity
191706896650485,1379441429606426561,-Infinity
191706898970033,1379441429609936083,70.83627483001
191706901655826,1379441429610058153,-Infinity
191706908828113,1379441429625683153,-Infinity
191706928910518,1379441429645824755,70.17678175980014
191706946887017,1379441429654888475,71.22349939416942
191706950610502,1379441429654888475,-Infinity
191706953143693,1379441429654888475,-Infinity
191706955676884,1379441429654888475,-Infinity
191706959491931,1379441429654888475,72.1103325998505
191706961323153,1379441429667064989,-Infinity
191706963886864,1379441429673504198,-Infinity
191706966481096,1379441429673626268,-Infinity
191706969319490,1379441429686107958,-Infinity
191706990103865,1379441429706280077,71.07697571023641
191707009942106,1379441429724102342,67.75691981109091
191707013665592,1379441429718487108,-Infinity
191707016717629,1379441429718487108,-Infinity
191707019189779,1379441429718487108,69.33966767053579
191707022455459,1379441429718487108,-Infinity
191707026117904,1379441429718487108,-Infinity
191707027491320,1379441429736645067,-Infinity
191707029963470,1379441429736828172,-Infinity
191707032283019,1379441429745281542,-Infinity
191707050778364,1379441429766308153,67.4718072906121
191707073058237,1379441429786480272,65.40644708126175
191707076384957,1379441429780834520,-Infinity
191707079528555,1379441429780847532,64.84411181084327
191707084228693,1379441429780847532,-Infinity
191707086761884,1379441429780847532,-Infinity
191707091034736,1379441429780847532,-Infinity
191707092438673,1379441429799493772,-Infinity
191707095002384,1379441429800256712,-Infinity
191707097016729,1379441429806970579,-Infinity
191707110598294,1379441429827112181,66.96570778845123
191707130497577,1379441429847284300,69.69335060261255
191707137242579,1379441429845636351,-Infinity
191707141118666,1379441429845636351,-Infinity
191707143682377,1379441429845636351,-Infinity
191707146459731,1379441429845636351,-Infinity
191707151434552,1379441429845636351,-Infinity
191707152777448,1379441429863641722,-Infinity
191707155310639,1379441429864404661,-Infinity
191707157386024,1379441429867395384,-Infinity
191707170937071,1379441429887536985,72.85592548768001
191707191568843,1379441429907709104,72.81041109154056
191707201121719,1379441429909204466,71.37227596604075
191707206767988,1379441429909204466,-Infinity
191707209270659,1379441429909204466,-Infinity
191707214367561,1379441429909204466,-Infinity
191707218274168,1379441429909204466,-Infinity
191707219586544,1379441429927820188,70.16871707128333
191707222760663,1379441429930017454,-Infinity
191707225080211,1379441429930139524,-Infinity
191707231123245,1379441429947961790,-Infinity
191707251297211,1379441429968103392,69.85099583535917
191707264176808,1379441429972742063,68.09124143942162
191707267595089,1379441429972742063,-Infinity
191707270250362,1379441429972742063,-Infinity
191707272814073,1379441429972742063,-Infinity
191707277636292,1379441429972742063,-Infinity
191707279284392,1379441429988214476,70.04138262177797
191707283099438,1379441429990777952,-Infinity
191707286334598,1379441429991571409,-Infinity
191707291706184,1379441430008386595,-Infinity
191707311697028,1379441430028528196,70.57845579979484
191707328544273,1379441430036310179,68.57945858678997
191707333702216,1379441430036310179,-Infinity
191707337242579,1379441430036310179,-Infinity
191707341057626,1379441430036310179,-Infinity
191707346887017,1379441430036310179,-Infinity
191707348657198,1379441430048700315,-Infinity
191707353082652,1379441430054834349,-Infinity
191707356287291,1379441430055688841,-Infinity
191707358393197,1379441430068841917,65.3504189850265
191707371486437,1379441430088769895,-Infinity
191707390103864,1379441430099664671,68.15591043160683
191707392698096,1379441430099664671,-Infinity
191707395048165,1379441430099664671,-Infinity
191707397672917,1379441430099664671,66.97348247544654
191707402312013,1379441430099664671,-Infinity
191707403654910,1379441430110284788,-Infinity
191707406401743,1379441430117242796,-Infinity
191707409270658,1379441430117944700,-Infinity
191707411681767,1379441430129114134,-Infinity
191707432221978,1379441430147851927,70.55018899788028
191707455631103,1379441430169183714,69.28028744059569
191707461521535,1379441430163568479,-Infinity
191707467015202,1379441430163568479,-Infinity
191707470952331,1379441430163568479,-Infinity
191707474553735,1379441430163568479,-Infinity
191707480352606,1379441430163568479,68.008859874983
191707482366951,1379441430182184202,-Infinity
191707485907314,1379441430182947142,-Infinity
191707488959351,1379441430189294798,-Infinity
191707493506887,1379441430209863645,70.26766194989501
191707531291107,1379441430229913694,-Infinity
191707532115157,1379441430226770384,-Infinity
191707533183370,1379441430226770384,-Infinity
191707533976900,1379441430226770384,-Infinity
191707534770429,1379441430226770384,-Infinity
191707536204887,1379441430226770384,-Infinity
191707536632172,1379441430244317991,-Infinity
191707539440046,1379441430244989378,70.33124484376394
191707540325137,1379441430249902708,-Infinity
191707553052132,1379441430270105345,-Infinity
191707572524130,1379441430290185911,70.1875230410628
191707580856191,1379441430290338499,65.21826366613038
191707582199087,1379441430290338499,-Infinity
191707582992617,1379441430290338499,-Infinity
191707583755626,1379441430290338499,-Infinity
191707584823839,1379441430290338499,-Infinity
191707590592190,1379441430308313352,-Infinity
191707591538321,1379441430309045774,-Infinity
191707593827349,1379441430311029417,-Infinity
191707612749980,1379441430330469114,69.28028744059569
191707632954467,1379441430350610716,66.90717471046733
191707667625611,1379441430353906614,65.34573361949944
191707668846425,1379441430353906614,-Infinity
191707669578914,1379441430353906614,-Infinity
191707670464005,1379441430353906614,-Infinity
191707671715340,1379441430353906614,-Infinity
191707672234187,1379441430370752317,-Infinity
191707673149798,1379441430372522337,-Infinity
191707673943328,1379441430372613890,-Infinity
191707674736857,1379441430390863401,-Infinity
191707704280577,1379441430411035520,68.86536196042123
191707732389840,1379441430417474729,67.51207188233371
191707733549614,1379441430417474729,-Infinity
191707734282103,1379441430417474729,-Infinity
191707734984071,1379441430417474729,-Infinity
191707736113325,1379441430417474729,-Infinity
191707736540610,1379441430431207640,-Infinity
191707737273099,1379441430435449583,-Infinity
191707737975068,1379441430437433226,-Infinity
191707738646516,1379441430451318724,-Infinity
191707767457747,1379441430471460325,68.22346678001402
191707795780653,1379441430481042845,66.63676179871219
191707796970948,1379441430481042845,-Infinity
191707797672916,1379441430481042845,-Infinity
191707798435926,1379441430481042845,-Infinity
191707799565180,1379441430481042845,68.5308793544237
191707800022985,1379441430491723997,-Infinity
191707801152239,1379441430498620970,-Infinity
191707802037330,1379441430499353392,-Infinity
191707802800339,1379441430511743528,-Infinity
191707831611570,1379441430531702024,64.60754936285993
191707861277372,1379441430550348265,65.54953512752944
191707862254024,1379441430544610960,-Infinity
191707863139114,1379441430544610960,-Infinity
191707863902124,1379441430544610960,-Infinity
191707864665133,1379441430544610960,-Infinity
191707865824907,1379441430544610960,-Infinity
191707866282713,1379441430562646849,-Infinity
191707867015202,1379441430563318235,-Infinity
191707867625609,1379441430571557981,-Infinity
191707895826434,1379441430592004759,68.78372996215899
191707896955687,1379441430612115843,-Infinity
191707897810258,1379441430606439573,-Infinity
191707898725869,1379441430606439573,-Infinity
191707899458358,1379441430606439573,69.45430418601912
191707900740214,1379441430606439573,-Infinity
191707903517567,1379441430606439573,-Infinity
191707934343143,1379441430624078733,67.08927518816444
191707935319795,1379441430624750120,-Infinity
191707935960723,1379441430632593138,-Infinity
191707936754252,1379441430652734739,-Infinity
191707971394878,1379441430672967893,67.95002979485558
191707972615692,1379441430671747190,-Infinity
191707973622865,1379441430671747190,-Infinity
191707974324833,1379441430671747190,-Infinity
191707974996281,1379441430671747190,-Infinity
191707976156056,1379441430671747190,-Infinity
191707976552820,1379441430689722044,-Infinity
191707977224269,1379441430690454466,-Infinity
191707977926237,1379441430693017942,-Infinity
191708015191611,1379441430713159544,66.88365056571625
191708016259824,1379441430733301145,-Infinity
191708049557550,1379441430735315306,68.85285302805502
191708050778365,1379441430735315306,-Infinity
191708051541374,1379441430735315306,-Infinity
191708052243343,1379441430735315306,-Infinity
191708054807054,1379441430735315306,-Infinity
191708055295380,1379441430752893431,-Infinity
191708056333073,1379441430754632933,-Infinity
191708057096082,1379441430755487425,-Infinity
191708057737010,1379441430773584349,-Infinity
191708076140794,1379441430793725950,67.29014349891183
191708089600278,1379441430798883421,67.74270651038341
191708092072428,1379441430798883421,-Infinity
191708092988039,1379441430798883421,-Infinity
191708093842610,1379441430798883421,-Infinity
191708095185506,1379441430798883421,-Infinity
191708096253719,1379441430813898069,-Infinity
191708099183675,1379441430816919309,67.48647056939129
191708101991549,1379441430817651731,-Infinity
191708116702368,1379441430834039671,-Infinity
191708138066629,1379441430854181272,66.27383121647335
191708155676883,1379441430862512571,66.59627536270862
191708157599667,1379441430862512571,-Infinity
191708158820482,1379441430862512571,-Infinity
191708160163378,1379441430862512571,-Infinity
191708161903039,1379441430862512571,-Infinity
191708162635528,1379441430874292356,-Infinity
191708163886863,1379441430880090696,-Infinity
191708165077158,1379441430880823118,-Infinity
191708177102185,1379441430894464476,-Infinity
191708197794998,1379441430914606077,71.81947948131817
191708217083873,1379441430926111204,69.44261599476116
191708218884575,1379441430926111204,71.6215375835452
191708223889916,1379441430926111204,-Infinity
191708225232812,1379441430926111204,-Infinity
191708227430279,1379441430926111204,-Infinity
191708228010166,1379441430937219602,-Infinity
191708229200460,1379441430944147093,-Infinity
191708230299194,1379441430944848997,-Infinity
191708238326052,1379441430952966673,-Infinity
191708258011692,1379441430974176390,-Infinity
191708279803239,1379441430994836790,74.99048188493099
191708282031227,1379441430989099485,-Infinity
191708283587766,1379441430989099485,-Infinity
191708284747540,1379441430989099485,-Infinity
191708285846274,1379441430989099485,-Infinity
191708291492543,1379441430989099485,-Infinity
191708292072430,1379441431006860716,-Infinity
191708293201683,1379441431007532102,-Infinity
191708298634310,1379441431014978392,-Infinity
191708320792100,1379441431037012083,73.36567479445398
191708371944243,1379441431055566770,69.47763348089175
191708373592343,1379441431053247434,-Infinity
191708375209923,1379441431053247434,-Infinity
191708376339177,1379441431053247434,-Infinity
191708377926236,1379441431053247434,-Infinity
191708380215264,1379441431053247434,-Infinity
191708380825671,1379441431071313841,-Infinity
191708381985445,1379441431072046263,-Infinity
191708382901057,1379441431075708372,-Infinity
191708383999790,1379441431095880491,-Infinity
191708428162768,1379441431116022093,71.33238033541245
191708429261502,1379441431116723997,-Infinity
191708430482316,1379441431116723997,-Infinity
191708431336887,1379441431116723997,-Infinity
191708432191457,1379441431116723997,-Infinity
191708433503833,1379441431116723997,-Infinity
191708433961639,1379441431134332640,-Infinity
191708434846730,1379441431136133177,-Infinity
191708435731820,1379441431136987669,-Infinity
191708446658114,1379441431156274778,70.63471487330409
191708447756847,1379441431162073118,-Infinity
191708462955992,1379441431176446897,69.37510189090486
191708479803238,1379441431180322630,69.42798359906058
191708481176654,1379441431180322630,-Infinity
191708482061745,1379441431180322630,-Infinity
191708482855275,1379441431180322630,-Infinity
191708484381293,1379441431180322630,-Infinity
191708484808579,1379441431196557981,-Infinity
191708485571588,1379441431198297483,-Infinity
191708486334597,1379441431198999388,-Infinity
191708499305756,1379441431216760618,68.50485888613682
191708519327122,1379441431236841184,69.42798359906058
191708534343145,1379441431243860227,-Infinity
191708535777603,1379441431243860227,-Infinity
191708538036110,1379441431243860227,-Infinity
191708538982242,1379441431243860227,68.98638899225902
191708541637514,1379441431243860227,-Infinity
191708542125840,1379441431257043821,-Infinity
191708551709237,1379441431261438352,-Infinity
191708554425550,1379441431263269407,-Infinity
191708566267454,1379441431277124388,70.80383800956189
191708580001622,1379441431297235472,72.95600580995097
191708598130723,1379441431307428343,-Infinity
191708599534660,1379441431307428343,72.92473204293253
191708603685430,1379441431307428343,-Infinity
191708606340703,1379441431307428343,-Infinity
191708608171925,1379441431307428343,-Infinity
191708608934934,1379441431318445188,-Infinity
191708610216790,1379441431325403196,-Infinity
191708611223962,1379441431326074583,-Infinity
191708620929440,1379441431337579710,71.55988969237059
191708639302704,1379441431355615599,69.21449678659258
191708661582576,1379441431376764280,69.16935204035879
191708663657961,1379441431371026976,-Infinity
191708665122939,1379441431371026976,-Infinity
191708666252193,1379441431371026976,-Infinity
191708667289885,1379441431371026976,-Infinity
191708668937986,1379441431371026976,-Infinity
191708671196493,1379441431388727171,-Infinity
191708672569910,1379441431389398558,-Infinity
191708681359777,1379441431397638304,70.03045894135181
191708702052589,1379441431418079739,67.72490710920718
191708722165515,1379441431438526517,66.64887101488809
191708725461715,1379441431434803372,-Infinity
191708727262417,1379441431434803372,-Infinity
191708728422191,1379441431434803372,-Infinity
191708729581966,1379441431434803372,-Infinity
191708732084636,1379441431434803372,-Infinity
191708735136673,1379441431452808743,-Infinity
191708736998416,1379441431453541165,-Infinity
191708741057625,1379441431458668118,69.60196587464128
191708764253108,1379441431478809720,70.04956637434879
191708781344516,1379441431498920804,73.20222242863305
191708788516804,1379441431498371487,-Infinity
191708790409067,1379441431498371487,-Infinity
191708791538321,1379441431498371487,-Infinity
191708792667574,1379441431498371487,-Infinity
191708794224113,1379441431498371487,-Infinity
191708798283323,1379441431516010648,-Infinity
191708799687260,1379441431516743069,70.49337786888385
191708802800339,1379441431519092923,-Infinity
191708821570369,1379441431539234525,67.24130226166521
191708841622253,1379441431559345608,65.81107661675611
191708852701148,1379441431561970120,-Infinity
191708854379769,1379441431561970120,-Infinity
191708855447982,1379441431561970120,-Infinity
191708856485674,1379441431561970120,-Infinity
191708858133774,1379441431561970120,-Infinity
191708861918300,1379441431579548245,67.47914202482663
191708864024206,1379441431581287747,-Infinity
191708865122939,1379441431581379300,-Infinity
191708882061746,1379441431599659329,68.81207411176065
191708902296752,1379441431619861966,70.36023214809546
191708915817277,1379441431625538235,-Infinity
191708917465377,1379441431625538235,-Infinity
191708918564111,1379441431625538235,-Infinity
191708920639496,1379441431625538235,-Infinity
191708923081126,1379441431625538235,-Infinity
191708923661013,1379441431640064603,-Infinity
191708925370154,1379441431643146878,-Infinity
191708926713050,1379441431643879300,-Infinity
191708942461563,1379441431660084134,71.1805194201913
191708962574488,1379441431680195218,67.74981606853223
191708979940580,1379441431689106351,66.70515850226973
191708982138047,1379441431689106351,-Infinity
191708984335513,1379441431689106351,-Infinity
191708985647889,1379441431689106351,-Infinity
191708987936917,1379441431689106351,-Infinity
191708989005130,1379441431700367337,-Infinity
191708990622710,1379441431707325345,-Infinity
191708991751964,1379441431707477933,-Infinity
191709003349705,1379441431720478421,66.35348524875063
191709023126906,1379441431740650540,65.74418803349869
191709042965149,1379441431752674466,69.53857636112315
191709044674290,1379441431752674466,-Infinity
191709046108747,1379441431752674466,-Infinity
191709047268521,1379441431752674466,-Infinity
191709048886101,1379441431752674466,-Infinity
191709049527029,1379441431763325101,-Infinity
191709052548546,1379441431770283108,-Infinity
191709054257686,1379441431770954495,-Infinity
191709063017033,1379441431779590970,67.93612931202583
191709084137131,1379441431800739651,68.93694074595703
191709106020237,1379441431820881253,72.875640194884
191709107454695,1379441431815204983,-Infinity
191709108919673,1379441431815204983,-Infinity
191709110109968,1379441431815204983,-Infinity
191709111178181,1379441431815204983,-Infinity
191709112765240,1379441431815204983,-Infinity
191709115573115,1379441431833332425,-Infinity
191709116824450,1379441431834064847,-Infinity
191709123722055,1379441431841328030,71.95627807654651
191709143865500,1379441431861500150,70.2862550977089
191709164039466,1379441431881611233,71.13973097071175
191709170051980,1379441431879810696,-Infinity
191709172371528,1379441431879810696,-Infinity
191709173500782,1379441431879810696,-Infinity
191709174630035,1379441431879810696,-Infinity
191709176247615,1379441431879810696,-Infinity
191709180032141,1379441431897449857,70.76625973892462
191709181527639,1379441431898182278,-Infinity
191709184152391,1379441431901783353,-Infinity
191709204845204,1379441431921894437,70.57075579208447
191709224378242,1379441431942036038,71.38631313201789
191709234022679,1379441431943348294,-Infinity
191709235640259,1379441431943348294,-Infinity
191709236708472,1379441431943348294,-Infinity
191709237776685,1379441431943348294,-Infinity
191709239333224,1379441431943348294,-Infinity
191709243636597,1379441431961414700,-Infinity
191709245498340,1379441431963123685,-Infinity
191709246719155,1379441431964039212,-Infinity
191709264787216,1379441431982349759,68.8277809794783
191709284839100,1379441432002460843,69.78940462120813
191709297260892,1379441432006946927,-Infinity
191709300984377,1379441432006946927,67.68561953542333
191709302174672,1379441432006946927,-Infinity
191709303303926,1379441432006946927,-Infinity
191709305196189,1379441432006946927,-Infinity
191709305806596,1379441432022693997,-Infinity
191709308309267,1379441432025532132,-Infinity
191709309377480,1379441432025623685,-Infinity
191709325156512,1379441432042744046,69.05698117111757
191709345330478,1379441432062916165,69.52700111809823
191709361231592,1379441432070484525,66.7451416520586
191709363032293,1379441432070484525,-Infinity
191709364131027,1379441432070484525,-Infinity
191709365290801,1379441432070484525,-Infinity
191709366969421,1379441432070484525,-Infinity
191709367579829,1379441432083027249,-Infinity
191709370662386,1379441432088489896,-Infinity
191709371974762,1379441432089374905,-Infinity
191709385556328,1379441432103168851,70.24636377908807
191709413665592,1379441432123340970,70.60151494393548
191709424591885,1379441432134083157,68.73311080365332
191709426392587,1379441432134083157,-Infinity
191709427643922,1379441432134083157,-Infinity
191709428773176,1379441432134083157,-Infinity
191709430421276,1379441432134083157,-Infinity
191709431062204,1379441432144733792,-Infinity
191709433961639,1379441432151722317,-Infinity
191709435243494,1379441432152393704,-Infinity
191709445895104,1379441432163532620,68.56653067253987
191709465611265,1379441432182178860,68.59236728451236
191709488928830,1379441432203388577,69.3278240617533
191709490546409,1379441432197651273,-Infinity
191709492408152,1379441432197664131,-Infinity
191709493537406,1379441432197664131,-Infinity
191709494605619,1379441432197664131,-Infinity
191709496192678,1379441432197664131,-Infinity
191709498084941,1379441432215791572,-Infinity
191709500709693,1379441432216523994,71.37227596604075
191709507302094,1379441432223726142,-Infinity
191709527292937,1379441432243837226,67.39071368545706
191709546734414,1379441432264345039,72.72467374812248
191709551465072,1379441432261232246,-Infinity
191709553235253,1379441432261232246,-Infinity
191709554486589,1379441432261232246,-Infinity
191709555554802,1379441432261232246,-Infinity
191709557172381,1379441432261232246,-Infinity
191709561140030,1379441432278840888,71.79052056713762
191709562513447,1379441432279573310,-Infinity
191709566847339,1379441432284486640,-Infinity
191709587021307,1379441432304628242,66.26540392343576
191709607561517,1379441432324739326,66.68911355582335
191709615496814,1379441432324800361,-Infinity
191709617205955,1379441432324800361,-Infinity
191709618304688,1379441432324800361,-Infinity
191709619433942,1379441432324800361,69.41919231287663
191709621356726,1379441432324800361,-Infinity
191709625110731,1379441432342805732,-Infinity
191709626392587,1379441432343477119,-Infinity
191709627827044,1379441432345521797,-Infinity
191709647451644,1379441432365053047,73.33210854130915
191709667564569,1379441432385164131,69.90383896752667
191709678735025,1379441432388368476,69.24446343052219
191709681573420,1379441432388368476,-Infinity
191709683007877,1379441432388368476,-Infinity
191709684137131,1379441432388368476,-Infinity
191709685785231,1379441432388368476,-Infinity
191709687708014,1379441432405336250,-Infinity
191709689936001,1379441432407106269,-Infinity
191709691156816,1379441432407197822,-Infinity
191709707973542,1379441432425477851,70.31539271013737
191709728116989,1379441432445619453,67.51937270226244
191709742675206,1379441432451936591,70.01678498986709
191709744384347,1379441432451936591,-Infinity
191709745574641,1379441432451936591,-Infinity
191709746642854,1379441432451936591,-Infinity
191709748413036,1379441432451936591,-Infinity
191709749084484,1379441432465791572,-Infinity
191709752197562,1379441432469941963,-Infinity
191709754517110,1379441432472078193,-Infinity
191709768220757,1379441432485872138,70.13908230614268
191709788486284,1379441432506013740,71.78605676606594
191709805852376,1379441432515504707,71.59419253404938
191709807622558,1379441432515504707,-Infinity
191709808843373,1379441432515504707,-Infinity
191709810155749,1379441432515504707,-Infinity
191709811773328,1379441432515504707,-Infinity
191709812322695,1379441432526216377,-Infinity
191709815344212,1379441432533113349,-Infinity
191709816626067,1379441432533784736,-Infinity
191709828712135,1379441432546296943,70.1875230410628
191709848916621,1379441432566591133,67.56667900919126
191709870128281,1379441432584810127,68.87473184961692
191709871990024,1379441432579072822,-Infinity
191709873393961,1379441432579072822,-Infinity
191709874553735,1379441432579072822,-Infinity
191709875682989,1379441432579072822,-Infinity
191709877361610,1379441432579072822,-Infinity
191709879528556,1379441432597169746,71.71657283141658
191709881176656,1379441432597902168,-Infinity
191709889478197,1379441432605958808,-Infinity
191709914016576,1379441432626588691,68.5211308129393
191709940538780,1379441432658265937,70.50114675992864
191709942888848,1379441432658998359,-Infinity
191709996238458,1379441432712861884,69.2981441805275
191709997550834,1379441432713594306,-Infinity
191709998313844,1379441432712861884,-Infinity
191709999046333,1379441432712861884,-Infinity
191710002678257,1379441432712861884,-Infinity
191710004295837,1379441432712861884,-Infinity
191710004906244,1379441432722200263,-Infinity
191710013329867,1379441432724061836,-Infinity
191710059568231,1379441432776094306,73.47479669932996
191710061307892,1379441432776826728,-Infinity
191710062192983,1379441432776094306,-Infinity
191710063078074,1379441432776094306,-Infinity
191710064024205,1379441432776094306,-Infinity
191710065397622,1379441432776094306,-Infinity
191710067778211,1379441432785463203,-Infinity
191710069731515,1379441432787294258,-Infinity
191710123722054,1379441432840028633,73.5716658956644
191710125583797,1379441432840761054,-Infinity
191710127018254,1379441432840028633,-Infinity
191710128269589,1379441432840028633,-Infinity
191710129337802,1379441432840028633,-Infinity
191710131138504,1379441432840028633,-Infinity
191710132084636,1379441432849397529,-Infinity
191710133824297,1379441432851259101,-Infinity
191710186868704,1379441432903138984,71.86605622958236
191710188577844,1379441432903901924,-Infinity
191710189920741,1379441432903138984,-Infinity
191710191294158,1379441432903138984,-Infinity
191710192606534,1379441432903138984,-Infinity
191710194346196,1379441432903138984,-Infinity
191710195139725,1379441432912538398,-Infinity
191710197031988,1379441432914399970,-Infinity
191710250961487,1379441432967103828,71.07939777824645
191710255875266,1379441432967103828,-Infinity
191710257157122,1379441432967103828,-Infinity
191710258438978,1379441432967103828,-Infinity
191710260758526,1379441432967103828,-Infinity
191710261765698,1379441432967866767,-Infinity
191710263749522,1379441432976503242,-Infinity
191710265916469,1379441432978364814,-Infinity
191710315328951,1379441433031465400,73.96780869664703
191710317221214,1379441433032228340,-Infinity
191710318503070,1379441433031465400,-Infinity
191710319662844,1379441433031465400,69.80904924860455
191710321219384,1379441433031465400,-Infinity
191710323294769,1379441433031465400,-Infinity
191710323966217,1379441433040864814,-Infinity
191710325370154,1379441433042726386,-Infinity
191710378109358,1379441433094270576,71.75474574911557
191710380978273,1379441433095033515,-Infinity
191710382901057,1379441433094270576,-Infinity
191710384915401,1379441433094270576,-Infinity
191710386807664,1379441433094270576,-Infinity
191710389798661,1379441433094270576,-Infinity
191710390866874,1379441433103669990,-Infinity
191710392820177,1379441433105531562,-Infinity
191710441256008,1379441433157472480,75.68298610723834
191710443972321,1379441433158204902,-Infinity
191710445254176,1379441433157472480,-Infinity
191710446413951,1379441433157472480,-Infinity
191710447573725,1379441433157472480,-Infinity
191710449465988,1379441433157472480,-Infinity
191710450686803,1379441433166841377,-Infinity
191710451846577,1379441433168702949,-Infinity
191710505135148,1379441433221437324,72.55061713349349
191710507088452,1379441433221437324,-Infinity
191710508248226,1379441433221437324,-Infinity
191710509530082,1379441433221437324,-Infinity
191710511178182,1379441433221437324,-Infinity
191710511788589,1379441433222169746,-Infinity
191710514199699,1379441433230806220,-Infinity
191710515542595,1379441433232606758,-Infinity
191710568281798,1379441433284578193,69.83982987458754
191710570082500,1379441433285341133,-Infinity
191710571303315,1379441433284578193,-Infinity
191710572493609,1379441433284578193,-Infinity
191710573653383,1379441433284578193,-Infinity
191710575393044,1379441433284578193,-Infinity
191710576339176,1379441433293977607,-Infinity
191710578506122,1379441433295839179,-Infinity
191710632252497,1379441433348543037,70.71084912592129
191710635060372,1379441433349275459,-Infinity
191710637013675,1379441433348543037,-Infinity
191710638936459,1379441433348543037,72.12752077922441
191710641103406,1379441433348543037,-Infinity
191710644155443,1379441433348543037,-Infinity
191710645254177,1379441433357911933,-Infinity
191710647207481,1379441433359804023,-Infinity
191710695673832,1379441433411744941,76.5761366007368
191710697810258,1379441433411744941,-Infinity
191710698878471,1379441433411744941,-Infinity
191710700892816,1379441433411744941,-Infinity
191710702540916,1379441433411744941,-Infinity
191710703181844,1379441433412477363,-Infinity
191710704707862,1379441433421113838,-Infinity
191710705898157,1379441433423005927,-Infinity
191710759308808,1379441433475709785,78.62109089191465
191710762482927,1379441433475709785,-Infinity
191710763581660,1379441433475709785,-Infinity
191710764741434,1379441433475709785,-Infinity
191710766420055,1379441433475709785,-Infinity
191710767030462,1379441433476442207,-Infinity
191710768159716,1379441433485078681,-Infinity
191710769533132,1379441433486970771,-Infinity
191710822547021,1379441433538850654,70.29686190793588
191710824927610,1379441433539583076,-Infinity
191710826087384,1379441433538850654,-Infinity
191710827155597,1379441433538850654,-Infinity
191710828193289,1379441433538850654,-Infinity
191710829719308,1379441433538850654,-Infinity
191710830787521,1379441433548219550,-Infinity
191710832679784,1379441433550111640,-Infinity
191710886456679,1379441433602815498,74.72402257510463
191710888409983,1379441433602815498,-Infinity
191710889569757,1379441433602815498,-Infinity
191710891217857,1379441433602815498,-Infinity
191710893018559,1379441433602815498,-Infinity
191710893537406,1379441433603578437,-Infinity
191710894819261,1379441433612214912,-Infinity
191710896650484,1379441433614076484,-Infinity
191710949878012,1379441433665986884,71.51624400571738
191710952563806,1379441433666749824,-Infinity
191710953662539,1379441433665986884,-Infinity
191710954730752,1379441433665986884,-Infinity
191710955829486,1379441433665986884,-Infinity
191710957630188,1379441433665986884,-Infinity
191710958179554,1379441433675386299,-Infinity
191710962452407,1379441433677247871,69.93152252553683
191711013574030,1379441433729951728,71.34413338199421
191711015466293,1379441433729951728,-Infinity
191711016778669,1379441433729951728,-Infinity
191711017999484,1379441433729951728,-Infinity
191711019739145,1379441433729951728,70.5912739936995
191711020624236,1379441433730714668,-Infinity
191711021906091,1379441433739351142,-Infinity
191711023767834,1379441433741212715,-Infinity
191711076842763,1379441433793123115,75.50588108021405
191711079314913,1379441433793886054,70.59383536366164
191711081573420,1379441433793123115,-Infinity
191711082672154,1379441433793123115,-Infinity
191711083709846,1379441433793123115,-Infinity
191711085510548,1379441433793123115,-Infinity
191711086120956,1379441433802522529,-Infinity
191711087280730,1379441433804384101,-Infinity
191711141088146,1379441433857118476,70.8487183409422
191711145086314,1379441433857330785,-Infinity
191711146307129,1379441433857330785,-Infinity
191711147405863,1379441433857330785,-Infinity
191711149206565,1379441433857330785,-Infinity
191711149755931,1379441433858063207,-Infinity
191711151434552,1379441433866699682,-Infinity
191711152594326,1379441433868591772,-Infinity
191711204051675,1379441433920471654,70.12287516340993
191711206432264,1379441433921234594,-Infinity
191711207561518,1379441433920471654,-Infinity
191711208629731,1379441433920471654,-Infinity
191711209636903,1379441433920471654,-Infinity
191711211437605,1379441433920471654,-Infinity
191711213085705,1379441433929871068,-Infinity
191711214520162,1379441433931732641,-Infinity
191711267656130,1379441433984436498,72.38551092864266
191711269395791,1379441433985168920,-Infinity
191711270341923,1379441433984436498,-Infinity
191711271104932,1379441433984436498,-Infinity
191711271806901,1379441433984436498,-Infinity
191711272966675,1379441433984436498,-Infinity
191711284289733,1379441433993774877,70.98198425214201
191711285205344,1379441433995666967,-Infinity
191711352777449,1379441434047577367,70.29686190793588
191711353967744,1379441434047577367,-Infinity
191711354761274,1379441434047577367,-Infinity
191711355768446,1379441434047577367,-Infinity
191711357019781,1379441434047577367,-Infinity
191711357508107,1379441434048309789,-Infinity
191711358271116,1379441434056946264,-Infinity
191711358942565,1379441434058777318,-Infinity
191711413665591,1379441434111542211,71.9387472610172
191711414794845,1379441434112274633,-Infinity
191711415527334,1379441434111542211,-Infinity
191711416229303,1379441434111542211,-Infinity
191711417053353,1379441434111542211,-Infinity
191711418091045,1379441434111542211,-Infinity
191711418457290,1379441434120880590,-Infinity
191711419159258,1379441434122772680,-Infinity
191711472173145,1379441434174744115,70.17946832588305
191711473332919,1379441434175476537,-Infinity
191711474065408,1379441434174744115,-Infinity
191711474767376,1379441434174744115,-Infinity
191711475469345,1379441434174744115,-Infinity
191711476476517,1379441434174744115,-Infinity
191711476873282,1379441434184113012,-Infinity
191711477544730,1379441434185944067,-Infinity
191711525950041,1379441434238769994,71.21396665469001
191711527109815,1379441434239502416,-Infinity
191711528086467,1379441434238769994,-Infinity
191711529032598,1379441434238769994,-Infinity
191711530497576,1379441434238769994,-Infinity
191711532267758,1379441434238769994,-Infinity
191711532817125,1379441434248138891,-Infinity
191711533824297,1379441434250000463,-Infinity
191711612933102,1379441434301849828,69.04168378334363
191711614520161,1379441434302582250,-Infinity
191711615679935,1379441434301849828,-Infinity
191711616687108,1379441434301849828,-Infinity
191711617785841,1379441434301849828,-Infinity
191711619342380,1379441434301849828,-Infinity
191711619952788,1379441434311218725,68.9058920007144
191711621234643,1379441434313080297,-Infinity
191711656302551,1379441434365814672,70.71337547497001
191711658683140,1379441434366547094,-Infinity
191711663047554,1379441434365814672,-Infinity
191711665977509,1379441434365814672,-Infinity
191711669121108,1379441434365814672,-Infinity
191711674065409,1379441434365814672,-Infinity
191711675560907,1379441434375214086,-Infinity
191711678490863,1379441434377045141,69.51541042596223
191711753418376,1379441434429077611,72.75467835516838
191711754944395,1379441434429840551,-Infinity
191711756012608,1379441434429077611,-Infinity
191711756989260,1379441434429077611,-Infinity
191711757874350,1379441434429077611,-Infinity
191711759461410,1379441434429077611,-Infinity
191711760041297,1379441434438477025,71.29938693151774
191711761109510,1379441434440338598,-Infinity
191711784701757,1379441434492950902,69.21449678659258
191711786197256,1379441434493713842,-Infinity
191711787234948,1379441434492950902,-Infinity
191711788242120,1379441434492950902,-Infinity
191711789188252,1379441434492950902,71.3370834629543
191711813879235,1379441434492950902,-Infinity
191711814367561,1379441434502319799,-Infinity
191711818945617,1379441434504181371,-Infinity
191711839607908,1379441434556152807,68.53412643795143
191711841164447,1379441434556152807,-Infinity
191711841988497,1379441434556152807,-Infinity
191711842782027,1379441434556152807,-Infinity
191711843972322,1379441434556152807,-Infinity
191711844369086,1379441434556885229,-Infinity
191711847634766,1379441434565521703,-Infinity
191711849710152,1379441434567383275,-Infinity
191711875438825,1379441434593109594,68.05014834321813
191711903487047,1379441434620117650,70.9328646370631
191711904982545,1379441434620850072,-Infinity
191711905959197,1379441434620117650,-Infinity
191711907057930,1379441434620117650,-Infinity
191711908034582,1379441434620117650,-Infinity
191711909346958,1379441434620117650,-Infinity
191711911574946,1379441434629456029,-Infinity
191711913650331,1379441434631317602,-Infinity
191711966694739,1379441434683289037,69.78659461477892
191711968190237,1379441434684036045,-Infinity
191711969044808,1379441434683303623,-Infinity
191711969990939,1379441434683303623,-Infinity
191711971059152,1379441434683303623,-Infinity
191711972432569,1379441434683303623,-Infinity
191711974782638,1379441434692672520,-Infinity
191711976827503,1379441434694534092,-Infinity
191712032374580,1379441434720290928,72.49935783702946
191712033503833,1379441434747268467,-Infinity
191712034388924,1379441434748000889,-Infinity
191712035182454,1379441434747268467,-Infinity
191712035945463,1379441434747268467,-Infinity
191712036708472,1379441434747268467,-Infinity
191712037776686,1379441434747268467,-Infinity
191712038692297,1379441434756606846,-Infinity
191712047634766,1379441434758468418,70.47262678423442
191712104127974,1379441434810409336,72.20232162749289
191712105837115,1379441434810409336,-Infinity
191712107454695,1379441434810409336,-Infinity
191712108644989,1379441434810409336,-Infinity
191712110842457,1379441434810409336,-Infinity
191712111422344,1379441434811172276,-Infinity
191712112490557,1379441434819808750,-Infinity
191712113589290,1379441434821670322,-Infinity
191712166297973,1379441434874404697,76.63892284469945
191712168159715,1379441434874404697,-Infinity
191712169288969,1379441434874404697,-Infinity
191712170570825,1379441434874404697,-Infinity
191712172432568,1379441434874404697,-Infinity
191712173104016,1379441434875167637,-Infinity
191712174507953,1379441434883804111,-Infinity
191712175759288,1379441434885665684,-Infinity
191712233564874,1379441434937576084,80.08832065766182
191712235335055,1379441434937576084,-Infinity
191712236464309,1379441434937576084,-Infinity
191712237532522,1379441434937576084,-Infinity
191712239150102,1379441434937576084,-Infinity
191712239668948,1379441434938339024,77.78433756712236
191712243117750,1379441434946975498,-Infinity
191712244247004,1379441434948837070,-Infinity
191712285113783,1379441435001540928,71.63290599044913
191712287402811,1379441435001540928,-Infinity
191712288501544,1379441435001540928,-Infinity
191712289569757,1379441435001540928,-Infinity
191712291370460,1379441435001540928,-Infinity
191712292011388,1379441435002303867,-Infinity
191712293445845,1379441435010940342,-Infinity
191712295246547,1379441435012801914,-Infinity
191712348351994,1379441435064712315,73.99208597825476
191712350427380,1379441435065475254,-Infinity
191712351678715,1379441435064712315,-Infinity
191712352777448,1379441435064712315,-Infinity
191712353876182,1379441435064712315,-Infinity
191712355554802,1379441435064712315,-Infinity
191712356439893,1379441435074111729,-Infinity
191712358423717,1379441435075973301,-Infinity
191712412200614,1379441435128677158,71.11082334415138
191712414245479,1379441435128677158,-Infinity
191712415405253,1379441435128677158,-Infinity
191712416503986,1379441435128677158,-Infinity
191712418152086,1379441435128677158,-Infinity
191712418701453,1379441435129440098,-Infinity
191712421387247,1379441435138076572,73.3302399399477
191712422730143,1379441435139938145,-Infinity
191712475621948,1379441435191848545,73.83658340148054
191712478185659,1379441435192580967,-Infinity
191712479406474,1379441435191848545,70.52957338037996
191712481848103,1379441435191848545,-Infinity
191712482946837,1379441435191848545,-Infinity
191712484808579,1379441435191848545,-Infinity
191712485510548,1379441435201217442,-Infinity
191712486639802,1379441435203079014,-Infinity
191712539379005,1379441435255813389,72.89727480526481
191712542461562,1379441435255813389,-Infinity
191712543682377,1379441435255813389,-Infinity
191712544842151,1379441435255813389,-Infinity
191712546429210,1379441435255813389,-Infinity
191712546978577,1379441435256576328,-Infinity
191712548413035,1379441435265212803,-Infinity
191712549786451,1379441435267074375,-Infinity
191712602617217,1379441435318984776,69.27432702526647
191712604997806,1379441435319747715,-Infinity
191712606127060,1379441435318984776,-Infinity
191712607225793,1379441435318984776,-Infinity
191712608355047,1379441435318984776,-Infinity
191712609972627,1379441435318984776,-Infinity
191712610979799,1379441435328384190,-Infinity
191712612749981,1379441435330245762,-Infinity
191712666618437,1379441435382949619,74.560132210858
191712668419139,1379441435382949619,-Infinity
191712669548393,1379441435382949619,-Infinity
191712670677647,1379441435382949619,-Infinity
191712672295226,1379441435382949619,-Infinity
191712672905634,1379441435383712559,-Infinity
191712674736856,1379441435392349033,-Infinity
191712676751201,1379441435394210606,-Infinity
191712729795607,1379441435446151524,73.18703672020621
191712732298279,1379441435446883945,-Infinity
191712733366492,1379441435446151524,-Infinity
191712734526266,1379441435446151524,-Infinity
191712735594479,1379441435446151524,-Infinity
191712737212059,1379441435446151524,-Infinity
191712738036109,1379441435455520420,-Infinity
191712740080973,1379441435457412510,72.43951551421507
191712793522145,1379441435510085850,72.2912404056179
191712794895562,1379441435510085850,-Infinity
191712795597530,1379441435510085850,-Infinity
191712796330019,1379441435510085850,-Infinity
191712797337191,1379441435510085850,-Infinity
191712797703436,1379441435510818272,-Infinity
191712801762645,1379441435519424229,70.83129242895896
191712803624388,1379441435521285801,-Infinity
191712876262874,1379441435573257236,70.75369742689209
191712877514209,1379441435573989658,-Infinity
191712878216178,1379441435573257236,-Infinity
191712878887626,1379441435573257236,-Infinity
191712879620115,1379441435573257236,70.11476023543081
191712881573419,1379441435573257236,-Infinity
191712881939663,1379441435582626133,-Infinity
191712882611112,1379441435584457188,-Infinity
191712940355657,1379441435637222080,72.79651140329688
191712942675205,1379441435637954502,-Infinity
191712943407694,1379441435637222080,-Infinity
191712944109663,1379441435637222080,-Infinity
191712944842152,1379441435637222080,-Infinity
191712946215569,1379441435637222080,-Infinity
191712946673374,1379441435646590977,-Infinity
191712947405863,1379441435648574619,-Infinity
191713009850544,1379441435700362949,70.70073637392699
191713011407083,1379441435701095371,-Infinity
191713012078531,1379441435700362949,-Infinity
191713012872061,1379441435700362949,-Infinity
191713013543509,1379441435700362949,-Infinity
191713014581202,1379441435700362949,-Infinity
191713014947446,1379441435709731846,-Infinity
191713015649415,1379441435711562901,-Infinity
191713079864278,1379441435764358311,71.27337531976836
191713081054573,1379441435765090733,-Infinity
191713081817582,1379441435764358311,-Infinity
191713082519551,1379441435764358311,-Infinity
191713083252040,1379441435764358311,-Infinity
191713084320253,1379441435764358311,-Infinity
191713084717018,1379441435773696690,-Infinity
191713085418986,1379441435775558262,-Infinity
191713116153001,1379441435827499180,72.81636129718187
191713117312775,1379441435827499180,-Infinity
191713117984223,1379441435827499180,-Infinity
191713118716712,1379441435827499180,-Infinity
191713119845966,1379441435827499180,71.81057932702264
191713120364813,1379441435828231602,-Infinity
191713121280424,1379441435836868076,-Infinity
191713122012913,1379441435838699131,-Infinity
191713182168566,1379441435891494541,76.008887571564
191713183419901,1379441435892226963,-Infinity
191713184243951,1379441435891494541,-Infinity
191713185098522,1379441435891494541,-Infinity
191713185800490,1379441435891494541,-Infinity
191713186899224,1379441435891494541,-Infinity
191713187295989,1379441435900863438,-Infinity
191713187967437,1379441435902694492,-Infinity
191713244887933,1379441435954665928,77.33423613345202
191713245986666,1379441435955398350,-Infinity
191713246719155,1379441435954665928,-Infinity
191713247482164,1379441435954665928,-Infinity
191713248214653,1379441435954665928,-Infinity
191713249343907,1379441435954665928,-Infinity
191713249771192,1379441435964034824,-Infinity
191713250564722,1379441435965865879,-Infinity
191713306905328,1379441436018600254,77.83454579019158
191713308370306,1379441436019332676,-Infinity
191713309285917,1379441436018600254,-Infinity
191713310537253,1379441436018600254,-Infinity
191713311544425,1379441436018600254,-Infinity
191713313131484,1379441436018600254,-Infinity
191713313650331,1379441436027938633,-Infinity
191713314657503,1379441436029830723,-Infinity
191713365596005,1379441436081802158,72.00865918409669
191713367244105,1379441436082565098,-Infinity
191713368464920,1379441436081802158,-Infinity
191713369716255,1379441436081802158,-Infinity
191713370906549,1379441436081802158,-Infinity
191713372585170,1379441436081802158,-Infinity
191713373592342,1379441436091201572,-Infinity
191713375759288,1379441436093063145,-Infinity
191713429475143,1379441436145767002,74.81742884661402
191713431245326,1379441436146529942,-Infinity
191713432466141,1379441436145767002,-Infinity
191713433717476,1379441436145767002,-Infinity
191713434816209,1379441436145767002,-Infinity
191713436464309,1379441436145767002,-Infinity
191713437563043,1379441436155166416,-Infinity
191713440035193,1379441436157333164,72.1103325998505
191713492682834,1379441436208968906,74.89580776126483
191713494453016,1379441436209701328,-Infinity
191713495856953,1379441436208968906,-Infinity
191713497016727,1379441436208968906,-Infinity
191713498084940,1379441436208968906,-Infinity
191713499794081,1379441436208968906,-Infinity
191713500953855,1379441436218337803,-Infinity
191713502846118,1379441436220229893,-Infinity
191713556653536,1379441436272903233,72.0390695571208
191713559369849,1379441436273666172,70.5579072547596
191713561628357,1379441436272903233,-Infinity
191713562696570,1379441436272903233,-Infinity
191713563764783,1379441436272903233,-Infinity
191713565657046,1379441436272903233,-Infinity
191713566206412,1379441436282302647,-Infinity
191713567366187,1379441436284164219,-Infinity
191713635670779,1379441436336074619,70.44922239122644
191713637410440,1379441436336074619,-Infinity
191713638539694,1379441436336074619,-Infinity
191713641317048,1379441436336074619,-Infinity
191713643270352,1379441436336074619,-Infinity
191713643911279,1379441436336837559,-Infinity
191713645010013,1379441436345534054,-Infinity
191713646139267,1379441436347395627,-Infinity
191713683648805,1379441436400068966,70.09308328241305
191713685907312,1379441436400831906,-Infinity
191713686792403,1379441436400068966,-Infinity
191713687646973,1379441436400068966,-Infinity
191713688471023,1379441436400068966,-Infinity
191713689722359,1379441436400068966,-Infinity
191713691767224,1379441436409437863,-Infinity
191713699672000,1379441436411299435,72.18954429591804
191713750213737,1379441436463270871,71.81725529772456
191713751709235,1379441436464003293,-Infinity
191713752594326,1379441436463270871,-Infinity
191713753601498,1379441436463270871,-Infinity
191713754547630,1379441436463270871,-Infinity
191713755921047,1379441436463270871,-Infinity
191713756348332,1379441436472639767,-Infinity
191713757324984,1379441436474470822,-Infinity
191713783816667,1379441436500197140,72.56287447468678
191713821814531,1379441436527266232,71.1035813772602
191713823493151,1379441436527998654,-Infinity
191713824561364,1379441436527266232,-Infinity
191713825965301,1379441436527266232,-Infinity
191713827155596,1379441436527266232,-Infinity
191713828834216,1379441436527266232,-Infinity
191713829536185,1379441436536635129,-Infinity
191713830726479,1379441436538496701,-Infinity
191713874279050,1379441436590407101,67.90477163577135
191713879559074,1379441436591170041,68.8465917986607
191713881085094,1379441436590407101,-Infinity
191713882427990,1379441436590407101,-Infinity
191713883526724,1379441436590407101,-Infinity
191713885205344,1379441436590407101,-Infinity
191713885815752,1379441436599806515,-Infinity
191713886853444,1379441436601668088,-Infinity
191713937822465,1379441436654341427,68.01920040979523
191713939226402,1379441436654341427,-Infinity
191713940080973,1379441436654341427,65.62701321765437
191713941301788,1379441436654341427,-Infinity
191713942461562,1379441436654341427,-Infinity
191713942919367,1379441436655165402,-Infinity
191713945910364,1379441436663710324,-Infinity
191713948016270,1379441436665632931,-Infinity
191714001030157,1379441436717543332,69.89551666234375
191714002647736,1379441436717543332,-Infinity
191714003563348,1379441436717543332,-Infinity
191714004417918,1379441436717543332,-Infinity
191714005699774,1379441436717543332,-Infinity
191714006188100,1379441436718275754,-Infinity
191714016778669,1379441436726942746,-Infinity
191714017755320,1379441436728773800,-Infinity
191714071654299,1379441436781538693,68.11512292119944
191714073638124,1379441436782271115,-Infinity
191714074736857,1379441436781538693,-Infinity
191714077666813,1379441436781538693,-Infinity
191714078948668,1379441436781538693,74.56337565619681
191714081085094,1379441436781538693,-Infinity
191714081664981,1379441436790907590,-Infinity
191714082824755,1379441436792799679,-Infinity
191714128696875,1379441436844679562,69.50090027255521
191714131199545,1379441436845411984,-Infinity
191714132298278,1379441436844679562,-Infinity
191714133366491,1379441436844679562,-Infinity
191714134404184,1379441436844679562,-Infinity
191714136021764,1379441436844679562,-Infinity
191714136815293,1379441436854048459,-Infinity
191714139531607,1379441436855910031,70.5063221622235
191714192392892,1379441436908674924,68.28047935067778
191714194865042,1379441436909407345,-Infinity
191714196024816,1379441436908674924,-Infinity
191714197062509,1379441436908674924,-Infinity
191714198161242,1379441436908674924,-Infinity
191714199687261,1379441436908674924,-Infinity
191714200969116,1379441436918043820,-Infinity
191714202525655,1379441436919935910,-Infinity
191714255539541,1379441436971815793,72.23630288794504
191714257645447,1379441436971815793,-Infinity
191714258744180,1379441436971815793,-Infinity
191714259873434,1379441436971815793,67.84522975239783
191714262192982,1379441436971815793,-Infinity
191714262742349,1379441436972578732,-Infinity
191714264085246,1379441436981215207,-Infinity
191714265672305,1379441436983076779,-Infinity
191714319418681,1379441437035811154,71.4189785512707
191714322562279,1379441437035811154,-Infinity
191714323722053,1379441437035811154,-Infinity
191714324790266,1379441437035811154,-Infinity
191714326377326,1379441437035811154,-Infinity
191714326987733,1379441437036543576,-Infinity
191714328361150,1379441437045180050,-Infinity
191714329643005,1379441437047041623,-Infinity
191714382687414,1379441437098952023,73.41763244820642
191714385434247,1379441437099714963,-Infinity
191714386532981,1379441437098952023,-Infinity
191714387631714,1379441437098952023,-Infinity
191714388669407,1379441437098952023,-Infinity
191714390378548,1379441437098952023,-Infinity
191714391080516,1379441437108351437,-Infinity
191714392820177,1379441437110213009,-Infinity
191714446688634,1379441437162916867,68.92143024925714
191714448489336,1379441437162916867,-Infinity
191714449588069,1379441437162916867,-Infinity
191714450778364,1379441437162916867,-Infinity
191714452334903,1379441437162916867,-Infinity
191714452914790,1379441437163679806,-Infinity
191714454715492,1379441437172316281,-Infinity
191714456821397,1379441437174177853,-Infinity
191714509865805,1379441437226118771,71.65786422388672
191714512460036,1379441437226851193,-Infinity
191714513650331,1379441437226118771,-Infinity
191714514779585,1379441437226118771,-Infinity
191714515878318,1379441437226118771,-Infinity
191714517770581,1379441437226118771,-Infinity
191714518442029,1379441437235487668,-Infinity
191714521494067,1379441437237379757,70.20361009375269
191714573714423,1379441437290053097,69.08749534444352
191714575728767,1379441437290053097,-Infinity
191714576827501,1379441437290053097,-Infinity
191714577865194,1379441437290053097,-Infinity
191714579604855,1379441437290053097,-Infinity
191714581497118,1379441437290816037,-Infinity
191714582717933,1379441437299452511,-Infinity
191714583938748,1379441437301314084,-Infinity
191714636952635,1379441437353193966,71.57820140140888
191714639302703,1379441437353956906,-Infinity
191714642293700,1379441437353193966,-Infinity
191714643392433,1379441437353193966,-Infinity
191714644491166,1379441437353193966,-Infinity
191714646230828,1379441437353193966,-Infinity
191714647115918,1379441437362593381,-Infinity
191714648184131,1379441437364454953,-Infinity
191714702571436,1379441437417189328,76.90174227709048
191714706905329,1379441437417921750,-Infinity
191714707759900,1379441437417189328,-Infinity
191714708522909,1379441437417189328,-Infinity
191714709408000,1379441437417189328,-Infinity
191714710598294,1379441437417189328,-Infinity
191714711147661,1379441437426558224,-Infinity
191714711910670,1379441437428419797,-Infinity
191714763795302,1379441437480330197,73.06265845412237
191714765260280,1379441437480330197,-Infinity
191714765992769,1379441437480330197,-Infinity
191714766725258,1379441437480330197,-Infinity
191714767732430,1379441437480330197,-Infinity
191714768129195,1379441437481062619,-Infinity
191714771913721,1379441437489699093,-Infinity
191714774019627,1379441437491560666,-Infinity
191714827949125,1379441437544325558,75.30873564605017
191714831062203,1379441437545057980,-Infinity
191714832160937,1379441437544325558,-Infinity
191714833473313,1379441437544325558,-Infinity
191714834572046,1379441437544325558,-Infinity
191714836494829,1379441437544325558,-Infinity
191714837074717,1379441437553724972,-Infinity
191714838417613,1379441437555586545,-Infinity
191714891431499,1379441437607466427,72.312278024418
191714893964690,1379441437608229367,-Infinity
191714895643310,1379441437607466427,-Infinity
191714896742044,1379441437607466427,-Infinity
191714897779736,1379441437607466427,-Infinity
191714899580438,1379441437607466427,-Infinity
191714901350621,1379441437616865841,-Infinity
191714902540915,1379441437618757931,-Infinity
191714955280118,1379441437671461789,75.10548742537196
191714957263942,1379441437671461789,-Infinity
191714958484757,1379441437671461789,-Infinity
191714959614011,1379441437671461789,74.36659250568641
191714961994600,1379441437671461789,-Infinity
191714962574487,1379441437672224728,-Infinity
191714963825822,1379441437680861203,-Infinity
191714965626524,1379441437682722775,-Infinity
191715018518331,1379441437734694211,69.89551666234375
191715021600888,1379441437735457150,-Infinity
191715022852224,1379441437734694211,-Infinity
191715024988650,1379441437734694211,-Infinity
191715026087383,1379441437734694211,-Infinity
191715028040687,1379441437734694211,-Infinity
191715029200461,1379441437744185177,-Infinity
191715031245326,1379441437748060910,-Infinity
191715066069070,1379441437783430783,70.10121848187799
191715086212516,1379441437803572384,71.05757480902318
191715092774396,1379441437809645382,-Infinity
191715094086772,1379441437809797970,-Infinity
191715106233880,1379441437823683468,71.48856485943706
191715126499408,1379441437843825070,69.00485973611057
191715146124007,1379441437855513302,73.02402705236781
191715147772107,1379441437855513302,-Infinity
191715148962401,1379441437855513302,-Infinity
191715150183216,1379441437855513302,-Infinity
191715151831316,1379441437855513302,-Infinity
191715152441724,1379441437866224972,-Infinity
191715155615843,1379441437873152463,-Infinity
191715156897698,1379441437873823849,-Infinity
191715166114851,1379441437882429806,68.88097283069311
191715187326509,1379441437903609006,71.43061505950212
191715209392738,1379441437924086300,67.67487382385173
191715211132400,1379441437918348996,-Infinity
191715212627898,1379441437918348996,-Infinity
191715213787673,1379441437918348996,-Infinity
191715214855886,1379441437918348996,-Infinity
191715216442945,1379441437918348996,-Infinity
191715218976136,1379441437936445920,-Infinity
191715220715797,1379441437937178341,-Infinity
191715227949125,1379441437944197384,-Infinity
191715247817887,1379441437964705197,70.20093098690012
191715267503527,1379441437984816281,67.834679852586
191715273058235,1379441437982619015,-Infinity
191715274797896,1379441437982619015,-Infinity
191715275927150,1379441437982619015,-Infinity
191715277025883,1379441437982619015,-Infinity
191715278643463,1379441437982619015,-Infinity
191715282916315,1379441438000227658,69.33078647856311
191715287402810,1379441438000960080,-Infinity
191715288562584,1379441438004957882,-Infinity
191715307729378,1379441438025130002,68.49181935696967
191715327842304,1379441438045241086,70.29421141965229
191715337212059,1379441438046217648,-Infinity
191715338860159,1379441438046217648,-Infinity
191715339989412,1379441438046217648,67.53759794461521
191715341332309,1379441438046217648,-Infinity
191715342949889,1379441438046217648,-Infinity
191715346764935,1379441438064284054,-Infinity
191715348657198,1379441438066054074,-Infinity
191715350641022,1379441438066969601,-Infinity
191715368190236,1379441438085524289,67.71064127471578
191715388333682,1379441438105696408,66.85218558638998
191715400938595,1379441438109755246,67.13897650027901
191715402525655,1379441438109755246,-Infinity
191715403624388,1379441438109755246,-Infinity
191715404784162,1379441438109755246,-Infinity
191715406432262,1379441438109755246,-Infinity
191715408477127,1379441438125807492,-Infinity
191715410735635,1379441438127638547,-Infinity
191715411864888,1379441438127730099,-Infinity
191715428620573,1379441438145949093,71.30646750654817
191715449191304,1379441438166090695,67.77110988744049
191715464329409,1379441438173353879,70.55533526457532
191715466099590,1379441438173353879,-Infinity
191715467228844,1379441438173353879,-Infinity
191715468297057,1379441438173353879,-Infinity
191715469975678,1379441438173353879,-Infinity
191715470677646,1379441438186293332,-Infinity
191715473760204,1379441438191359250,-Infinity
191715475255702,1379441438192579953,-Infinity
191715489020390,1379441438206373898,69.28028744059569
191715509194356,1379441438226515500,72.0758538457021
191715527598141,1379441438236921994,70.59895583833462
191715529307282,1379441438236921994,-Infinity
191715530680698,1379441438236921994,-Infinity
191715531809952,1379441438236921994,-Infinity
191715533427532,1379441438236921994,-Infinity
191715534007419,1379441438247633664,-Infinity
191715537028936,1379441438254561154,-Infinity
191715538493914,1379441438255232541,-Infinity
191715549481248,1379441438266859738,65.80218784955866
191715568678562,1379441438285017697,69.39276493047264
191715591568841,1379441438306227414,69.66204544902395
191715593033818,1379441438300490109,-Infinity
191715594407235,1379441438300490109,-Infinity
191715595505969,1379441438300490109,-Infinity
191715596543661,1379441438300490109,-Infinity
191715598130720,1379441438300490109,-Infinity
191715601182758,1379441438318556515,65.88186111291985
191715602952939,1379441438319288937,-Infinity
191715610613554,1379441438326887814,-Infinity
191715630787520,1379441438347029416,68.15930075950222
191715650747844,1379441438367537228,70.10392852240356
191715654471329,1379441438363997189,-Infinity
191715656210990,1379441438363997189,-Infinity
191715657248683,1379441438363997189,-Infinity
191715658896783,1379441438363997189,68.45258288302448
191715660911128,1379441438363997189,-Infinity
191715664268369,1379441438381636349,-Infinity
191715665611265,1379441438382368771,-Infinity
191715670372443,1379441438387678830,-Infinity
191715690576929,1379441438407820431,68.8465917986607
191715710598293,1379441438427962033,68.15930075950222
191715718380988,1379441438427595822,-Infinity
191715719754405,1379441438427595822,70.64235840449469
191715720944699,1379441438427595822,-Infinity
191715721829790,1379441438427595822,-Infinity
191715722898003,1379441438427595822,-Infinity
191715727903344,1379441438445540158,-Infinity
191715728849476,1379441438446211545,-Infinity
191715730680698,1379441438448256222,-Infinity
191715750854665,1379441438468275754,68.13554062212597
191715770906549,1379441438488356320,68.8465917986607
191715781588679,1379441438491163937,68.263749765859
191715783114698,1379441438491163937,-Infinity
191715783999789,1379441438491163937,-Infinity
191715784823839,1379441438491163937,-Infinity
191715786105694,1379441438491163937,-Infinity
191715791172076,1379441438508558957,-Infinity
191715793064339,1379441438510298459,-Infinity
191715793949430,1379441438510390011,-Infinity
191715811223960,1379441438528639523,70.87355200039772
191715831306366,1379441438548750607,71.6850098301324
191715845528860,1379441438554762570,69.43969148731013
191715847024358,1379441438554762570,-Infinity
191715847939969,1379441438554762570,-Infinity
191715848794539,1379441438554762570,-Infinity
191715850717323,1379441438554762570,-Infinity
191715852640106,1379441438569624631,-Infinity
191715855051216,1379441438572706906,-Infinity
191715855936306,1379441438573378293,-Infinity
