#SysTm EventTmStmp Pressure
284545955056334 1378831022297124641 998.3413 
284546064685511 1378831029799234545 998.2813 
284546166257311 1378831029926004564 998.3113 
284546248723356 1378831030053140795 998.3413 
284546303721068 1378831030117105638 998.3113 
284546358230452 1378831030180277025 998.24133 
284546413197643 1378831030244241869 998.24133 
284546468042751 1378831030307413255 998.3413 
284546523070983 1378831030371378099 998.3113 
284546577427768 1378831030434549486 998.3413 
284546656750214 1378831030498514330 998.2813 
284546716295461 1378831030561685716 998.24133 
284546774345208 1378831030624977561 998.3113 
284546833035885 1378831030689094993 998.24133 
284546906589983 1378831030752998801 998.24133 
284546963449436 1378831030816139671 998.3113 
284547020797216 1378831030880135032 998.3413 
284547087972555 1378831030943275901 998.3113 
284547145320334 1378831031007240745 998.3113 
284547693832466 1378831031070473167 998.24133 
284547779350549 1378831031579032582 998.21136 
284547835446995 1378831031642966908 998.4313 
284547892001244 1378831031706168812 998.3113 
284547949898391 1378831031770133656 998.2813 
284548014906783 1378831031833182973 998.3113 
284548073597459 1378831031897300404 998.3713 
284548134638205 1378831031960410756 998.2813 
284548232150794 1378831032024680775 998.3113 
284548288827125 1378831032087608021 998.3413 
284548330212751 1378831032151511830 998.3713 
284548386156592 1378831032214713734 998.3413 
284548443168649 1378831032278678578 998.40125 
284548502652854 1378831032341849965 998.2813 
284548560336358 1378831032405814809 998.3713 
284548616799046 1378831032469047230 998.4313 
284548674543591 1378831032532890004 998.2813 
284548743977439 1378831032596183461 998.24133 
284548802362911 1378831032660148305 998.3413 
284548922552137 1378831032723319691 998.2813 
284548978343378 1378831032787223500 998.2813 
284549034897628 1378831032850455922 998.2813 
284549090902510 1378831032914390248 998.3413 
284549146693752 1378831032977531117 998.3113 
284549203034359 1378831033041495961 998.21136 
284549260687341 1378831033104910247 998.3413 
284549317913040 1378831033168814055 998.3113 
284549374223127 1378831033232626311 998.3413 
284549868775241 1378831033295950286 998.25134 
284549953927079 1378831033740927092 998.15137 
284550039384121 1378831033867727630 998.40125 
284550095358486 1378831033931676601 998.25134 
284550159695431 1378831033994817470 998.3413 
284550219423798 1378831034058812832 998.3113 
284550275520242 1378831034122014736 998.25134 
284550331372524 1378831034185979580 998.25134 
284550392748994 1378831034249089931 998.25134 
284550452446841 1378831034313115810 998.2813 
284550528564650 1378831034376226162 998.3113 
284550586065031 1378831034440831875 998.2813 
284550645274553 1378831034503453945 998.3113 
284550721636526 1378831034567357754 998.3113 
284550784264329 1378831034630559658 998.3113 
284550846892134 1378831034694493984 998.3413 
284550909519938 1378831034757695888 998.3713 
284550992230147 1378831034821630214 998.3113 
284551054155982 1378831034884862636 998.3113 
284551110832313 1378831034949498867 998.3413 
284551167081361 1378831035011937832 998.3413 
284551222933641 1378831035075933193 998.2813 
284551282387328 1378831035139104580 998.3713 
284551344587846 1378831035203069423 998.3413 
284551903751587 1378831035266240810 998.3713 
284552001966146 1378831035774967626 998.15137 
284552094473394 1378831035902103856 998.3113 
284552168027491 1378831035966068700 998.3113 
284552227969503 1378831036029331639 998.2813 
284552285683526 1378831036093204930 998.24133 
284552343122868 1378831036156376317 998.3413 
284552399951801 1378831036220310643 998.21136 
284552456689174 1378831036283512547 998.3713 
284552515013605 1378831036347477391 998.3713 
284552572056180 1378831036410693851 998.3113 
284552628793553 1378831036474658695 998.3113 
284552684951038 1378831036537830081 998.24133 
284552742024133 1378831036601794925 998.3413 
284553215486670 1378831036664966312 998.2813 
284553249669488 1378831036983203617 998.1814 
284553308940050 1378831037046375003 997.9415 
284553389483313 1378831037173511234 998.24133 
284553505094483 1378831037300647464 998.2813 
284553561709775 1378831037364581790 998.24133 
284553617684137 1378831037427753177 998.21136 
284553673627980 1378831037491748538 998.3113 
284553730426393 1378831037554919925 998.2813 
284553788659263 1378831037618884769 998.24133 
284553844481025 1378831037682056156 998.2813 
284553900119663 1378831037746020999 998.2813 
284553954323844 1378831037809192386 998.2813 
284554011122257 1378831037873157230 998.2813 
284554485530924 1378831037936328617 998.21136 
284554573704280 1378831038381792450 998.06146 
284554632242354 1378831038444994354 998.4313 
284554692855813 1378831038509020233 998.2813 
284554764120884 1378831038572130585 998.3113 
284554866882977 1378831038636156464 998.21136 
284554930945239 1378831038699297333 998.3113 
284555015120426 1378831038826433563 998.2813 
284555070972707 1378831038890504624 998.3713 
284555126458743 1378831038953676010 998.2813 
284555189849557 1378831039017640854 998.2813 
284555250310415 1378831039080812241 998.24133 
284555317058468 1378831039144746567 998.2813 
284555382433107 1378831039207917954 998.2813 
284555454278064 1378831039271913315 998.2813 
284555518553967 1378831039335084702 998.2813 
284555678938524 1378831039399019028 998.2813 
284555735401213 1378831039462190415 998.2813 
284555770560682 1378831039589906479 998.2813 
284555834500861 1378831039653291489 998.40125 
284555894534434 1378831039716493393 998.3113 
284555951149726 1378831039780397202 998.3413 
284556009779360 1378831039843629624 998.2813 
284556077107302 1378831039907594467 998.3413 
284556133997275 1378831039970765854 998.3413 
284556191100892 1378831040034730698 998.3413 
284556248051906 1378831040097902085 998.3113 
284556304850320 1378831040161866928 998.3113 
284556689254409 1378831040225038315 998.3113 
284556734851846 1378831040543427050 998.21136 
284556827084411 1378831040606598436 998.5212 
284556884096468 1378831040670563280 998.09143 
284556969980794 1378831040798859179 998.2813 
284557032028712 1378831040860840380 998.24133 
284557090719387 1378831040924805224 998.3113 
284557151638051 1378831040988007128 998.3113 
284557207703975 1378831041052002489 998.3413 
284557263647817 1378831041115143358 998.3113 
284557319652700 1378831041179077684 998.3113 
284557913823309 1378831041242279589 998.3413 
284558001355737 1378831041814834625 998.62115 
284558060199016 1378831041878006012 998.09143 
284558116692224 1378831041941940338 998.3113 
284558175962788 1378831042005203278 998.3113 
284558237980183 1378831042069107086 998.3413 
284558303019097 1378831042132278473 998.24133 
284558360763643 1378831042196273834 998.2813 
284558417562055 1378831042259414704 998.2813 
284558480891827 1378831042323349030 998.3113 
284558538636373 1378831042386520416 998.24133 
284558602240828 1378831042450515778 998.3713 
284558657879466 1378831042513687164 998.3113 
284558713334983 1378831042577652008 998.40125 
284559155849864 1378831042640853913 998.3113 
284559244206340 1378831043022413671 998.0315 
284559331403043 1378831043149549902 998.09143 
284559392871073 1378831043213514746 998.3113 
284559450554578 1378831043276686132 998.3113 
284559524810644 1378831043340589941 998.3413 
284559580632404 1378831043403822363 998.3413 
284559641886791 1378831043467726171 998.3113 
284559697281267 1378831043530928076 998.24133 
284559761465611 1378831043594923437 998.2813 
284559817439973 1378831043658094824 998.24133 
284559897647512 1378831043722059667 998.3713 
284559993847726 1378831043785231054 998.3413 
284560050096772 1378831043849180070 998.3113 
284560107475071 1378831043913236466 998.3413 
284560160794162 1378831043976377335 998.3113 
284560233219006 1378831044039548722 998.2813 
284560298837806 1378831044103483048 998.24133 
284560355300496 1378831044166684953 998.3113 
284560417439974 1378831044230649796 998.24133 
284560473627978 1378831044293821183 998.40125 
284560529907545 1378831044357786027 998.3713 
284560586309194 1378831044420957413 998.3713 
284560648143467 1378831044484922257 998.3113 
284560704880840 1378831044548093644 998.3413 
284560762228620 1378831044612974015 998.3113 
284560818294544 1378831044675229874 998.3113 
284560881074950 1378831044739194718 998.21136 
284561373490637 1378831044802366105 998.3113 
284561487484227 1378831045247739640 998.6511 
284561583898084 1378831045374875871 998.1814 
284561616982167 1378831045438047257 998.24133 
284561677595628 1378831045502132890 998.3413 
284561735309651 1378831045565334795 998.3113 
284561797601731 1378831045629360674 998.3113 
284561854522225 1378831045692471025 998.3413 
284561914952563 1378831045756435869 998.3113 
284561970499640 1378831045819607256 998.3413 
284562031052060 1378831045883572099 998.3713 
284562089834296 1378831045946743486 998.3113 
284562161068846 1378831046010647295 998.3713 
284562218264023 1378831046073849199 998.3113 
284562274177345 1378831046137814043 998.3113 
284562674726713 1378831046201015947 998.2813 
284562727801640 1378831046519359411 998.15137 
284562796899762 1378831046582530797 998.1814 
284562974680931 1378831046646495641 998.4912 
284563015059384 1378831046709667028 998.3413 
284563083363977 1378831046773609075 998.3113 
284563155819341 1378831046963916692 998.3713 
284563214784701 1378831047027881536 998.3413 
284563272590285 1378831047091052922 998.3113 
284563333020624 1378831047155017766 998.3413 
284563392535349 1378831047218189153 998.3113 
284563491726560 1378831047282153997 998.2813 
284563552980946 1378831047343555364 998.3713 
284563597601730 1378831047409259709 998.3413 
284563674635150 1378831047472461614 998.3713 
284563735797976 1378831047536548528 998.3413 
284563797327048 1378831047599671200 998.3713 
284563883211375 1378831047663636044 998.3713 
284563998486822 1378831047726807431 998.3713 
284564125573651 1378831047853943661 998.24133 
284564168607377 1378831047981079892 998.3113 
284564225741514 1378831048045044735 998.2813 
284564282234723 1378831048108216122 998.3713 
284564337964923 1378831048172180966 998.3413 
284564394305531 1378831048235352353 998.3713 
284564455315755 1378831048299317196 998.3113 
284564511076475 1378831048362488583 998.24133 
284564572117220 1378831048426453427 998.2813 
284564628946153 1378831048489624813 998.21136 
284564690627825 1378831048552521542 998.3113 
284565068500556 1378831048616761044 998.3113 
284565163022149 1378831048934967831 998.4912 
284565260168495 1378831049062104062 998.15137 
284565445884959 1378831049125305966 998.3713 
284565522796297 1378831049189449113 998.3113 
284565563296833 1378831049379726212 998.40125 
284565618019860 1378831049443691056 998.40125 
284565674513068 1378831049506892960 998.3113 
284565734027795 1378831049570857804 998.3413 
284565790459963 1378831049633998673 998.3113 
284565851775391 1378831049697994034 998.3713 
284565910710231 1378831049760799210 998.4313 
284565976786836 1378831049825099747 998.3713 
284566036973011 1378831049888301652 998.3413 
284566108146519 1378831049952339791 998.3713 
284566166989796 1378831050015480660 998.3413 
284566226229840 1378831050079445504 998.3413 
284566285164678 1378831050142616891 998.24133 
284566685714045 1378831050206581734 998.3113 
284566778770660 1378831050587990426 998.0315 
284566837156133 1378831050651161812 998.21136 
284566896365655 1378831050715126656 997.9315 
284566954934250 1378831050778298043 998.3413 
284567019942643 1378831050842232369 998.3113 
284567079426848 1378831050905403756 998.40125 
284567136408384 1378831050969338082 998.3413 
284567191711298 1378831051032539986 998.3413 
284567252660482 1378831051096504830 998.3113 
284567308024437 1378831051160317086 998.3413 
284567372391902 1378831051223641061 998.40125 
284567434836585 1378831051286812447 998.3113 
284567497494909 1378831051350807809 998.40125 
284567560244795 1378831051413979195 998.3413 
284567622628435 1378831051477944039 998.3413 
284567767752807 1378831051541084908 998.40125 
284567829434478 1378831051605230707 998.3113 
284567918157202 1378831051732366938 998.40125 
284567974467288 1378831051795538325 998.3413 
284568029922804 1378831051859503168 998.3113 
284568085866647 1378831051922644038 998.3413 
284568146937914 1378831051986608881 998.3413 
284568204041530 1378831052049780268 998.3413 
284568267890148 1378831052113775629 998.3413 
284568331525123 1378831052176947016 998.21136 
284568445610277 1378831052240881342 998.3413 
284568500516427 1378831052304083247 998.3713 
284568555514137 1378831052368719477 998.3713 
284568613014518 1378831052431325624 998.3413 
284568676588454 1378831052495290468 998.3113 
284568732684897 1378831052558461854 998.24133 
284568795556866 1378831052622426698 998.3113 
284568857238538 1378831052685598085 998.3113 
284568917668875 1378831052749562929 998.3713 
284568974009482 1378831052812734315 998.3713 
284569030655293 1378831052877197722 998.3413 
284569087728391 1378831052939911345 998.3113 
284569144313161 1378831053003906707 998.3713 
284569542695580 1378831053067078093 998.4313 
284569632486516 1378831053448486785 998.3113 
284569701554118 1378831053512451629 998.15137 
284569799616075 1378831053576630095 998.24133 
284569912816135 1378831053639557341 998.2813 
284570088979724 1378831053766708158 998.3713 
284570226077237 1378831053893844388 998.3713 
284570268805759 1378831054084243558 998.3713 
284570325421050 1378831054148147367 998.40125 
284570381700616 1378831054211318754 998.3713 
284570444328421 1378831054275283597 998.2813 
284570502103485 1378831054338424466 998.3713 
284570556338186 1378831054402419828 998.3113 
284570613289201 1378831054465591215 998.3413 
284570674146824 1378831054529556058 998.3113 
284570732166052 1378831054592696927 998.2813 
284570795831548 1378831054656692289 998.3713 
284571222018028 1378831054719863675 998.2813 
284571304667197 1378831055101272367 998.1214 
284571346571668 1378831055165237211 997.9715 
284571404163610 1378831055228408597 998.24133 
284571467249220 1378831055292434476 998.3413 
284571548952256 1378831055355757174 998.3413 
284571608344902 1378831055419722018 998.3413 
284571662549082 1378831055482893404 998.3113 
284571717150028 1378831055546858248 998.3413 
284571771415250 1378831055610029635 998.3713 
284571843504370 1378831055673994478 998.24133 
284571899753415 1378831055737165865 998.3113 
284571958932418 1378831055801100191 998.24133 
284572017714655 1378831055864271578 998.2813 
284572114281114 1378831055928266939 998.3413 
284572182646747 1378831055991438326 998.3113 
284572266516731 1378831056055403170 998.3113 
284572341902050 1378831056118574557 998.2813 
284572394427611 1378831056182524009 998.3413 
284572506834142 1378831056245725913 998.2813 
284572690566785 1378831056309629722 998.3413 
284572899967059 1378831056499998374 998.3713 
284573122948898 1378831056691068931 998.3413 
284573323345665 1378831056945371909 998.3113 
284573522307971 1378831057135649009 998.3113 
284573791589216 1378831057326689048 998.2813 
284574003522682 1378831057580992026 998.2813 
284574245396633 1378831057835476385 998.3413 
284574470362297 1378831058025784002 998.3713 
284574558413571 1378831058280086981 998.3713 
284574796564037 1378831058471188055 998.3113 
284574974009482 1378831058598293768 998.3413 
284575083852302 1378831058788646515 998.3413 
284575173399074 1378831058979686554 998.3413 
284575231723505 1378831059042918976 998.2813 
284575308909528 1378831059106883820 998.2813 
284575424825901 1378831059170024689 998.3113 
284575482417844 1378831059234050568 998.21136 
284575570469119 1378831059361156281 998.3113 
284575612922957 1378831059424510773 998.46124 
284575670179174 1378831059488261993 998.2813 
284575729754941 1378831059551463898 998.3713 
284575798151096 1378831059615398224 998.3413 
284575857543740 1378831059678569611 998.3413 
284575913121339 1378831059742503937 998.3413 
284575968363212 1378831059805705841 998.3413 
284576028671468 1378831059869670685 998.4313 
284576098044275 1378831059932964142 998.2813 
284576165952103 1378831059996806915 998.3413 
284576224459657 1378831060059978302 998.3413 
284576288949203 1378831060124065216 998.3413 
284576345503454 1378831060187114532 998.3413 
284576406513678 1378831060251140411 998.2813 
284576461267226 1378831060314493642 998.3113 
284576523132020 1378831060378458485 998.3113 
284576591375573 1378831060441660390 998.40125 
284576670728541 1378831060505594716 998.3413 
284576729724422 1378831060568766102 998.3413 
284576796228313 1378831060633127675 998.40125 
284576870942184 1378831060695932850 998.3113 
284576925970415 1378831060759897694 998.3413 
284576981334370 1378831060823038563 998.3713 
284577042191994 1378831060887003407 998.3113 
284577098563121 1378831060950174794 998.3713 
284577161892893 1378831061014139638 998.3113 
284577216982166 1378831061077311024 998.3713 
284577817745175 1378831061141290541 998.3713 
284577902317127 1378831061712976332 998.1214 
284577957406399 1378831061776941175 998.2813 
284578014906780 1378831061840722914 998.3113 
284578090810946 1378831061904046888 998.3713 
284578148433411 1378831061967187757 998.3113 
284578255437835 1378831062031183119 998.24133 
284578311168034 1378831062094415541 998.3113 
284578398303697 1378831062221490736 998.3413 
284578496731899 1378831062285455580 998.3113 
284578584935774 1378831062349054213 998.3713 
284578617409450 1378831062412622328 998.4313 
284578672864967 1378831062475824232 998.3713 
284578727465912 1378831062540429945 998.3713 
284578781975299 1378831062602929945 998.3113 
284578843260206 1378831062666864271 998.3713 
284578898990406 1378831062730096693 998.21136 
284578954293321 1378831062794243366 998.3113 
284579010450805 1378831062857475787 998.3113 
284579072529243 1378831062921440631 998.3113 
284579157589521 1378831062984581500 998.3113 
284579217104247 1378831063049461871 998.3413 
284579277534585 1378831063111717731 998.3713 
284579337537636 1378831063175621539 998.3713 
284579398212136 1378831063238884479 998.3113 
284579456658650 1378831063302849323 998.3713 
284579515074642 1378831063366020709 998.3713 
284579573093870 1378831063429985553 998.3713 
284579659313922 1378831063493156940 998.3113 
284579749349020 1378831063557182819 998.3413 
284579805994831 1378831063620277266 998.3713 
284579862335438 1378831063684211592 998.3413 
284579919011771 1378831063747413497 998.2813 
284579981609054 1378831063811378340 998.3413 
284580037156132 1378831063874549727 998.2813 
284580093649341 1378831063938514571 998.40125 
284580149684744 1378831064001685958 998.24133 
284580207520850 1378831064065650801 998.40125 
284580711473239 1378831064128822188 998.3113 
284580798181615 1378831064574195723 998.2813 
284580894900676 1378831064701331954 998.3113 
284581013655445 1378831064764503340 998.40125 
284581092062281 1378831064828468184 998.3413 
284581181456452 1378831064955604415 998.3713 
284581265662158 1378831065082740645 998.2813 
284581322277450 1378831065145912032 998.3113 
284581383226633 1378831065209876876 998.3113 
284581440574413 1378831065271302643 998.3713 
284581541322162 1378831065337220612 998.3113 
284581599493991 1378831065400391999 998.3113 
284581657818424 1378831065464326325 998.2813 
284581717729914 1378831065527528229 998.3413 
284581792748990 1378831065591493073 998.3713 
284581882662006 1378831065654664460 998.3113 
284581937934400 1378831065718629304 998.3113 
284582029678639 1378831065845765534 998.2813 
284582086660175 1378831065908936921 998.3413 
284582147426236 1378831065972901764 998.3113 
284582204835057 1378831066036086799 998.3713 
284582264777068 1378831066100051643 998.4313 
284582318706567 1378831066163223030 998.2813 
284582373093870 1378831066227187873 998.3413 
284582429251354 1378831066290359260 998.24133 
284582970377556 1378831066354324104 998.3113 
284583039109434 1378831066798904182 998.24133 
284583137507116 1378831066926040412 998.3113 
284583224307054 1378831067053176643 998.3713 
284583278297592 1378831067117141487 998.2813 
284583332593335 1378831067180312873 998.3413 
284583386553354 1378831067244277717 998.3713 
284583810847570 1378831067307449104 998.3413 
284583893405177 1378831067688546517 998.1814 
284583933569987 1378831067753030159 998.4313 
284583991589214 1378831067816232064 998.5912 
284584081929517 1378831067880105355 998.3113 
284584138148043 1378831067943337777 998.24133 
284584199341389 1378831068007333138 998.24133 
284584254003376 1378831068070443490 998.3713 
284584312388849 1378831068134469368 998.4313 
284584371964616 1378831068197640755 998.2813 
284584478358633 1378831068261605599 998.3413 
284584538209083 1378831068324776986 998.3713 
284584627359091 1378831068451896388 998.3113 
284584746785308 1378831068515891749 998.3113 
284584806940962 1378831068579063136 998.3413 
284584891665516 1378831068706199366 998.3413 
284584955727777 1378831068770164210 998.3413 
284585038834751 1378831068833335596 998.3413 
284585098013753 1378831068897300440 998.3713 
284585139063654 1378831068960441309 998.40125 
284585195892588 1378831069024436671 998.3413 
284585277168339 1378831069088157374 998.3713 
284585333966752 1378831069151603419 998.4313 
284585391284011 1378831069214744288 998.40125 
284585484371148 1378831069278709132 998.4313 
284585539490939 1378831069341880518 998.3713 
284585602057703 1378831069405845362 998.40125 
284585656414485 1378831069469016749 998.3413 
284585711900523 1378831069532981593 998.2813 
284585767996966 1378831069596152979 998.3113 
284585829373436 1378831069660117823 998.3413 
284585887545265 1378831069723289210 998.3413 
284585952340016 1378831069787254054 998.3413 
284586011946303 1378831069850425440 998.40125 
284586116112335 1378831069914390284 998.3113 
284586163174748 1378831069977561671 998.40125 
284586228457825 1378831070041526514 998.3713 
284586282600965 1378831070104940795 998.3413 
284586341291641 1378831070168844604 998.3713 
284586395556862 1378831070232046508 998.3113 
284586454400141 1378831070296682739 998.40125 
284586508024435 1378831070359213256 998.3713 
284586561679250 1378831070423178100 998.3113 
284587069843449 1378831070486349487 998.3413 
284587136316820 1378831070931768164 998.3713 
284587279274245 1378831071058995947 998.1214 
284587392596386 1378831071122503027 998.3713 
284587504453552 1378831071249242529 998.3713 
284587585637742 1378831071376378760 998.3113 
284587618447142 1378831071440343604 998.40125 
284587673719536 1378831071504400000 998.3413 
284587729022450 1378831071567479834 998.3113 
284587783714960 1378831071630651221 998.3113 
284587837613937 1378831071694616065 998.3713 
284587892153841 1378831071757787451 998.3713 
284588343611189 1378831071821752295 998.3413 
284588386065027 1378831072203160986 998.3713 
284588442588757 1378831072266332373 997.9315 
284588501950881 1378831072330266699 998.3713 
284588590307359 1378831072393468604 998.3713 
284588653972856 1378831072457402930 998.3713 
284588714036948 1378831072520543799 998.40125 
284588772849705 1378831072584598928 998.3713 
284588827389612 1378831072647770315 998.3113 
284588881746395 1378831072711765676 998.3413 
284588936469421 1378831072774967580 998.3713 
284588992718469 1378831072838901907 998.3413 
284589049669483 1378831072902073293 998.3113 
284589105674367 1378831072966038137 998.3113 
284589625588910 1378831073029240041 998.2813 
284589739216256 1378831073474689233 997.90155 
284589829770200 1378831073601855981 998.3413 
284589943550148 1378831073728992211 998.3713 
284589998212136 1378831073792194116 998.3713 
284590037339253 1378831073856105608 998.2813 
284590092672687 1378831073919307513 998.3413 
284590152614700 1378831073983241839 998.3413 
284590207612410 1378831074046382708 998.3413 
284590262304917 1378831074110378069 998.3713 
284590322002766 1378831074173610491 998.3713 
284590378495974 1378831074237544817 998.3413 
284590788628739 1378831074300716204 998.2813 
284590873750056 1378831074682228759 998.15137 
284590943702751 1378831074746193603 998.40125 
284591009687795 1378831074809364990 998.2813 
284591078480714 1378831074873329833 998.3713 
284591160031149 1378831074936501220 998.3413 
284591343458587 1378831075000435546 998.3113 
284591429312395 1378831075127602294 998.3413 
284591525360007 1378831075317909911 998.3113 
284591573368552 1378831075381844238 998.3113 
284591634104092 1378831075445229247 998.3713 
284591693069452 1378831075509010986 998.3113 
284591748433408 1378831075572182372 998.40125 
284591803980485 1378831075636086181 998.3713 
284591858123627 1378831075699318603 998.3413 
284591912816133 1378831075763283447 998.40125 
284591971110046 1378831075826454833 998.40125 
284592028030539 1378831075890419677 998.3713 
284592419027028 1378831075953591064 998.3413 
284592473139650 1378831076271948236 998.3713 
284592527435391 1378831076335150141 997.90155 
284592581609053 1378831076399084467 998.1814 
284592635721672 1378831076462255853 998.3713 
284592690658344 1378831076526220697 998.27136 
284592751943251 1378831076589392084 998.3113 
284592807246165 1378831076654241937 998.3713 
284592861969192 1378831076716558832 998.3413 
284592915837650 1378831076780523676 998.3413 
284593418813386 1378831076843511957 998.3713 
284593508482239 1378831077289113716 998.21136 
284593598761501 1378831077416249946 998.27136 
284593666821932 1378831077479451851 998.27136 
284593765189092 1378831077543386177 998.40125 
284593820461486 1378831077606557564 998.40125 
284593903873663 1378831077733693794 998.3713 
284593958657733 1378831077797658638 998.40125 
284594014113249 1378831077860921577 998.3413 
284594069172001 1378831077924794868 998.3713 
284594124719078 1378831077987996773 998.40125 
284594567386559 1378831078052022652 998.3113 
284594654491701 1378831078433339790 998.5812 
284594741749445 1378831078560445503 998.3713 
284594798425777 1378831078623677925 998.3713 
284594867401820 1378831078687581734 998.3713 
284594937018788 1378831078750904438 998.4912 
284594992016499 1378831078814869282 998.4313 
284595046770047 1378831078878010151 998.3413 
284595100882667 1378831078941974995 998.3113 
284595155361531 1378831079005207416 998.3713 
284595210328723 1378831079069202778 998.27136 
284595586126067 1378831079132282612 998.3413 
284595688918680 1378831079450611469 998.3713 
284595810756007 1378831079577823469 998.1214 
284595883852300 1378831079640994855 998.3413 
284596036545722 1378831079704959699 998.1214 
284596109642014 1378831079832065412 998.3713 
284596193603559 1378831080022373029 998.3113 
284596253026724 1378831080086307355 998.4313 
284596312541449 1378831080149509260 998.24133 
284596366470947 1378831080213474103 998.3413 
284596454888465 1378831080276645490 998.3113 
284596515379845 1378831080340549299 998.21136 
284596572971787 1378831080403751203 998.3413 
284596633890450 1378831080468234846 998.21136 
284596689345966 1378831080530917951 998.27136 
284596749013294 1378831080594852277 998.27136 
284596803553199 1378831080657993146 998.3413 
284596857543739 1378831080721988508 998.27136 
284597227664294 1378831080785220930 998.3113 
284597318309799 1378831081103397199 998.3113 
284597352614698 1378831081166599103 997.9315 
284597419698475 1378831081230712656 998.27136 
284597480403497 1378831081293945077 998.3713 
284597535920054 1378831081357848886 998.3113 
284597595770504 1378831081421050790 998.3113 
284597656445005 1378831081484985116 998.24133 
284597714311631 1378831081548125986 998.3113 
284597769919749 1378831081612121347 998.27136 
284597825955153 1378831081675323251 998.40125 
284597879915171 1378831081739288095 998.27136 
284598380449277 1378831081802428964 998.3413 
284598464960189 1378831082247875835 998.09143 
284598554293318 1378831082375012066 998.46124 
284598613472320 1378831082438183452 998.3113 
284598676954695 1378831082502148296 998.3113 
284598748280806 1378831082565350201 998.3413 
284598804072046 1378831082629284527 998.27136 
284598859649643 1378831082692455913 998.27136 
284598918950728 1378831082756390240 998.3113 
284598973368551 1378831082819653179 998.3113 
284599031662463 1378831082883587505 998.27136 
284599086751735 1378831082946728374 998.3113 
284599145930736 1378831083010693218 998.3113 
284599598761501 1378831083073925640 998.3713 
284599639872442 1378831083455303814 998.4912 
284599700882667 1378831083519238140 998.3413 
284599756918070 1378831083582440044 998.3413 
284599811457976 1378831083646494241 998.3713 
284599887514744 1378831083709696146 998.3113 
284599949715262 1378831083773599954 998.24133 
284600008558541 1378831083836801859 998.3413 
284600065204351 1378831083900766702 998.3413 
284600123070978 1378831083963968607 998.3413 
284600180235635 1378831084027933450 998.3413 
284600235874273 1378831084091104837 998.3413 
284600291696035 1378831084155100198 998.3113 
284600733905711 1378831084218271585 998.27136 
284600816280194 1378831084599725390 998.3413 
284600898257915 1378831084726892138 998.0315 
284600953835512 1378831084790856982 998.3113 
284601009107906 1378831084854028369 998.3713 
284601079884650 1378831084917962695 998.24133 
284601135309646 1378831084981134081 998.24133 
284601190215797 1378831085045129443 998.3713 
284601246159638 1378831085108300829 998.3713 
284601322918376 1378831085172265673 998.27136 
284601377580362 1378831085235437060 998.3113 
284601437736016 1378831085299371386 998.3413 
