#SysTm EventTmStmp Acc:x Acc:y Acc:z
284545872559768 1378831022285558479 0.006652832 0.011276245 9.77124 
284545962411743 1378831022349553840 -0.0076293945 0.019607544 9.76886 
284545990490486 1378831029787393724 -0.0028686523 0.01008606 9.773621 
284546070850627 1378831029851236498 -0.033813477 0.018417358 9.776001 
284546116783787 1378831029914407884 0.016174316 0.0017547607 9.761719 
284546171476294 1378831029978372728 -0.015960693 0.0315094 9.77005 
284546199432955 1378831030041544115 0.013793945 0.013656616 9.76767 
284546254033901 1378831030105508959 -0.006439209 0.018417358 9.758148 
284546309001092 1378831030168680345 -0.0052490234 0.02079773 9.783142 
284546363876721 1378831030232645189 -0.00881958 0.004135132 9.774811 
284546418782871 1378831030295816576 -0.014770508 0.0231781 9.789093 
284546473353297 1378831030359781420 -0.00881958 0.0017547607 9.790283 
284546528289967 1378831030422952806 0.007843018 0.013656616 9.784332 
284546602820717 1378831030486917650 -0.035003662 0.006515503 9.783142 
284546663525737 1378831030550150072 0.010223389 0.016036987 9.759338 
284546723040463 1378831030613138353 -0.025482178 0.017227173 9.76886 
284546781670099 1378831030677498313 0.0030822754 0.004135132 9.778381 
284546840360774 1378831030741463157 -0.0016784668 0.017227173 9.773621 
284546912358333 1378831030804604026 -0.010009766 0.0077056885 9.77243 
284546969187266 1378831030868599387 -0.006439209 0.021987915 9.761719 
284547036332085 1378831030931740257 -0.004058838 0.013656616 9.785522 
284547094168191 1378831030995705100 -0.014770508 0.013656616 9.77124 
284547640971182 1378831031058907005 -0.0052490234 0.017227173 9.777191 
284547699539776 1378831031122871848 -0.00881958 0.017227173 9.778381 
284547728595171 1378831031567466420 -0.011199951 0.018417358 9.781952 
284547784600053 1378831031631431264 -0.0052490234 0.008895874 9.76886 
284547841154305 1378831031694602650 -0.0028686523 0.008895874 9.751007 
284547897281269 1378831031758598012 -0.010009766 0.0017547607 9.760529 
284547959542828 1378831031821586293 -0.006439209 0.024368286 9.765289 
284548020980338 1378831031885734242 -0.0016784668 -0.0030059814 9.760529 
284548079823615 1378831031948875111 -0.00881958 0.024368286 9.773621 
284548145503458 1378831032012870473 -0.020721436 0.013656616 9.790283 
284548238834755 1378831032076041859 -0.021911621 0.012466431 9.777191 
284548294076629 1378831032139976186 -0.010009766 0.014846802 9.77005 
284548335462255 1378831032203178090 -0.013580322 0.004135132 9.765289 
284548391467137 1378831032267142934 -0.0016784668 0.029129028 9.779572 
284548448509714 1378831032330283803 -0.023101807 0.0231781 9.752197 
284548507902358 1378831032394279164 -0.013580322 0.029129028 9.77124 
284548565921586 1378831032457450551 -0.0076293945 0.021987915 9.77005 
284548624093415 1378831032521415394 -0.012390137 0.004135132 9.776001 
284548690108981 1378831032584586781 -0.011199951 0.014846802 9.76886 
284548749440586 1378831032648551625 -0.004058838 0.018417358 9.77124 
284548869355128 1378831032711723012 0.0030822754 0.025558472 9.760529 
284548927832161 1378831032775687855 0.0030822754 0.02079773 9.774811 
284548984020168 1378831032838859242 0.007843018 0.013656616 9.76767 
284549040635458 1378831032902824086 -4.8828125E-4 5.645752E-4 9.742676 
284549096182535 1378831032965995473 -0.020721436 0.0315094 9.773621 
284549152248460 1378831033029929799 -0.013580322 0.013656616 9.781952 
284549208528026 1378831033093131703 -0.015960693 0.02079773 9.759338 
284549266272569 1378831033157278411 -0.0052490234 0.0053253174 9.777191 
284549323895033 1378831033220419280 -0.018341064 0.024368286 9.753387 
284549817714659 1378831033284414641 -0.0076293945 0.017227173 9.7664795 
284549874085786 1378831033347555510 -0.015960693 0.011276245 9.76767 
284549903843149 1378831033728964202 -0.026672363 0.024368286 9.755768 
284549960397398 1378831033792929046 -0.010009766 0.008895874 9.77124 
284549988659263 1378831033856130950 -0.014770508 -6.2561035E-4 9.777191 
284550044725186 1378831033920095794 -0.0016784668 0.01008606 9.781952 
284550101096316 1378831033983281826 -0.006439209 0.012466431 9.7664795 
284550165646903 1378831034047277187 -0.0016784668 0.0231781 9.77005 
284550224856425 1378831034110448574 -0.017150879 0.017227173 9.77243 
284550281410674 1378831034174413418 -0.0076293945 0.021987915 9.780762 
284550337659720 1378831034237554287 7.019043E-4 0.014846802 9.759338 
284550399036190 1378831034301549648 -0.0076293945 0.025558472 9.761719 
284550464319266 1378831034364690517 -0.0028686523 0.019607544 9.77124 
284550533936235 1378831034428655361 -0.010009766 0.008895874 9.780762 
284550592382748 1378831034491857265 -0.004058838 0.004135132 9.762909 
284550657971028 1378831034555822109 -0.035003662 0.011276245 9.746246 
284550727526958 1378831034618993496 0.006652832 0.012466431 9.778381 
284550790154761 1378831034682927822 -0.011199951 0.024368286 9.791473 
284550853057250 1378831034746129726 -0.01953125 0.011276245 9.773621 
284550915288288 1378831034810094570 -0.01953125 0.012466431 9.765289 
284551003248001 1378831034873265957 -0.023101807 0.014846802 9.759338 
284551059710690 1378831034937230800 -0.0076293945 0.0029449463 9.759338 
284551116081817 1378831035000402187 -0.01953125 0.018417358 9.77005 
284551172727629 1378831035064367031 -0.024291992 0.019607544 9.77243 
284551229403960 1378831035127507900 0.007843018 0.0077056885 9.77243 
284551289864819 1378831035191503261 -0.018341064 0.011276245 9.76767 
284551838804236 1378831035254674648 7.019043E-4 0.024368286 9.76886 
284551909458897 1378831035318639492 -0.0052490234 0.016036987 9.761719 
284551945900221 1378831035763370946 -0.01953125 0.0077056885 9.760529 
284552007673456 1378831035827335790 -0.025482178 0.01008606 9.777191 
284552038712674 1378831035890507176 0.0018920898 0.008895874 9.774811 
284552102744414 1378831035954472020 -0.021911621 -0.0030059814 9.773621 
284552173490638 1378831036017643407 -0.0028686523 0.011276245 9.778381 
284552233341088 1378831036081608251 -0.00881958 0.0029449463 9.7664795 
284552291024591 1378831036144779637 -0.018341064 0.019607544 9.784332 
284552348402892 1378831036208744481 -0.0052490234 0.016036987 9.760529 
284552405659110 1378831036271915868 -0.006439209 -0.0018157959 9.740295 
284552462762728 1378831036335880712 0.0030822754 0.013656616 9.77124 
284552521148200 1378831036399052098 -0.012390137 -6.2561035E-4 9.780762 
284552577366725 1378831036463062015 -0.029052734 0.024368286 9.765289 
284552634226180 1378831036526233402 0.007843018 0.024368286 9.754578 
284552690505746 1378831036590198245 -0.018341064 -6.2561035E-4 9.776001 
284553077565109 1378831036653369632 0.0018920898 0.024368286 9.755768 
284553221285542 1378831036717334476 -0.010009766 0.019607544 9.76886 
284553255437838 1378831037034778324 0.0018920898 0.016036987 9.783142 
284553314220075 1378831037098743167 -0.023101807 0.016036987 9.779572 
284553336927231 1378831037161914554 0.0054626465 0.0053253174 9.787903 
284553394976980 1378831037225879398 -0.03857422 0.018417358 9.762909 
284553430746856 1378831037289050785 0.0018920898 0.0029449463 9.761719 
284553510557629 1378831037353015628 -0.012390137 0.024368286 9.780762 
284553567020320 1378831037416187015 0.009033203 0.018417358 9.773621 
284553623452487 1378831037480151859 -0.014770508 0.0077056885 9.773621 
284553679304769 1378831037543323245 -0.011199951 0.012466431 9.796234 
284553735706417 1378831037607288089 -0.0076293945 0.006515503 9.752197 
284553794000328 1378831037670459476 -0.006439209 0.013656616 9.7986145 
284553849761049 1378831037734424320 -0.0028686523 0.018417358 9.76767 
284553905430208 1378831037797595706 0.009033203 0.012466431 9.776001 
284553960855203 1378831037861560550 -0.020721436 0.006515503 9.7664795 
284554431723508 1378831037924731937 -0.021911621 0.027938843 9.77124 
284554490841469 1378831037988696781 -0.026672363 0.016036987 9.77005 
284554520659873 1378831038370226288 -0.020721436 0.0029449463 9.77243 
284554579503151 1378831038433428192 -0.00881958 0.025558472 9.77005 
284554637766542 1378831038497423554 -0.010009766 0.01008606 9.77243 
284554699081969 1378831038560594940 -4.8828125E-4 0.013656616 9.758148 
284554769522989 1378831038624559784 0.004272461 0.013656616 9.778381 
284554872468205 1378831038687731171 -0.00881958 0.011276245 9.789093 
284554936499946 1378831038751665497 -0.00881958 0.0029449463 9.76767 
284554965433259 1378831038814836884 -0.020721436 0.011276245 9.780762 
284555020888777 1378831038878832245 -0.010009766 0.0029449463 9.77124 
284555076313772 1378831038942079331 -0.011199951 0.008895874 9.774811 
284555137049313 1378831039006044174 -0.00881958 0.0077056885 9.76886 
284555195221142 1378831039069215561 -0.013580322 0.008895874 9.791473 
284555255865123 1378831039133180405 -0.017150879 0.016036987 9.796234 
284555323986594 1378831039196321274 -0.004058838 0.014846802 9.752197 
284555394152930 1378831039260316635 0.0018920898 0.0231781 9.783142 
284555460931505 1378831039323488022 -0.010009766 0.019607544 9.751007 
284555524871684 1378831039387452866 -0.014770508 0.019607544 9.791473 
284555684767916 1378831039450593735 0.0030822754 0.014846802 9.796234 
284555741993613 1378831039514589096 -0.013580322 0.02079773 9.77005 
284555775718625 1378831039641725327 -0.012390137 0.021987915 9.779572 
284555842008873 1378831039704896713 0.006652832 0.0231781 9.762909 
284555900516427 1378831039768861557 -0.010009766 0.008895874 9.77005 
284555956399230 1378831039832032944 7.019043E-4 0.0029449463 9.781952 
284556015089905 1378831039895997788 -0.01953125 0.011276245 9.779572 
284556083455539 1378831039959169174 -0.013580322 0.029129028 9.796234 
284556139643544 1378831040023134018 -0.012390137 0.016036987 9.778381 
284556196625080 1378831040086305405 -0.01953125 0.016036987 9.777191 
284556253850778 1378831040150270249 -0.011199951 0.025558472 9.765289 
284556637613940 1378831040213441635 -0.0028686523 0.029129028 9.77243 
284556705369167 1378831040277406479 0.007843018 0.013656616 9.795044 
284556741902052 1378831040595001757 -0.025482178 0.02079773 9.76767 
284556832608598 1378831040658966600 -0.010009766 0.016036987 9.762909 
284556889620655 1378831040722137987 -0.0016784668 0.013656616 9.795044 
284556918553968 1378831040787293017 -0.010009766 0.018417358 9.790283 
284556975382900 1378831040849243700 -0.00881958 0.013656616 9.778381 
284557037461338 1378831040913239061 0.007843018 0.006515503 9.773621 
284557096335135 1378831040976379931 -0.024291992 0.014846802 9.754578 
284557157070677 1378831041040375292 0.01260376 -0.0018157959 9.776001 
284557213228162 1378831041103546679 -0.03262329 0.01008606 9.77124 
284557269019403 1378831041167511522 0.007843018 0.016036987 9.765289 
284557861786075 1378831041230682909 -0.013580322 0.008895874 9.749817 
284557919469578 1378831041294647753 -0.014770508 0.008895874 9.780762 
284557948036647 1378831041803237946 0.013793945 0.016036987 9.764099 
284558006818883 1378831041866409332 -0.010009766 0.011276245 9.778381 
284558065479040 1378831041930374176 -0.024291992 0.018417358 9.791473 
284558123956073 1378831041993606598 0.009033203 0.016036987 9.762909 
284558181975301 1378831042057510407 -0.018341064 0.004135132 9.787903 
284558244328421 1378831042120681793 -0.004058838 0.006515503 9.790283 
284558308268601 1378831042184646637 -0.0076293945 0.025558472 9.776001 
284558366043667 1378831042247818024 -0.01953125 0.0053253174 9.765289 
284558428976674 1378831042311782868 -0.00881958 0.01008606 9.77124 
284558486751738 1378831042374923737 -0.004058838 0.018417358 9.7664795 
284558549745788 1378831042438919098 -0.017150879 0.013656616 9.792664 
284558607490332 1378831042502090485 7.019043E-4 0.013656616 9.765289 
284558663769899 1378831042566055329 -0.00881958 0.01008606 9.785522 
284559103873667 1378831042629257233 -0.006439209 0.012466431 9.77005 
284559161618214 1378831042693191559 -0.0076293945 0.017227173 9.780762 
284559190856730 1378831043010635407 -0.033813477 0.021987915 9.783142 
284559256353448 1378831043074781835 0.006652832 0.0398407 9.761719 
284559278267075 1378831043137953222 -0.021911621 0.01008606 9.76767 
284559342298816 1378831043201918066 0.010223389 0.014846802 9.791473 
284559398181618 1378831043265089453 -0.05166626 0.030319214 9.779572 
284559462091280 1378831043329023779 0.022125244 0.021987915 9.786713 
284559530243270 1378831043392225683 -0.031433105 0.017227173 9.76886 
284559591039851 1378831043456190527 -4.8828125E-4 0.01008606 9.790283 
284559647105774 1378831043519361914 0.009033203 0.013656616 9.760529 
284559708512764 1378831043583326757 -0.023101807 0.019607544 9.764099 
284559766715115 1378831043646498144 -0.0028686523 0.0053253174 9.785522 
284559828518868 1378831043710462988 -0.03024292 0.0231781 9.764099 
284559928228925 1378831043773634374 -0.011199951 0.0077056885 9.786713 
284559999493995 1378831043837599218 -0.015960693 0.025558472 9.77005 
284560055285235 1378831043900785294 -4.8828125E-4 0.025558472 9.77005 
284560117882518 1378831043964780656 -0.0028686523 0.021987915 9.779572 
284560165982625 1378831044027952042 -0.014770508 0.016036987 9.780762 
284560244206340 1378831044091916886 -0.006439209 0.008895874 9.77005 
284560304758758 1378831044155088273 -0.020721436 0.018417358 9.780762 
284560366196269 1378831044219053117 -0.0016784668 0.012466431 9.774811 
284560423238844 1378831044282224503 -0.023101807 0.004135132 9.779572 
284560478938523 1378831044346189347 0.0054626465 0.012466431 9.800995 
284560535248610 1378831044409360734 -0.027862549 0.016036987 9.758148 
284560596899763 1378831044473325578 -0.0016784668 0.011276245 9.77005 
284560653728695 1378831044536496964 -0.021911621 0.01008606 9.785522 
284560711381679 1378831044600461808 -0.004058838 0.018417358 9.755768 
284560767508645 1378831044663633195 -0.004058838 0.011276245 9.753387 
284560830044887 1378831044727598038 -0.0016784668 0.0231781 9.76886 
284561316997427 1378831044790769425 -0.013580322 0.013656616 9.779572 
284561385393583 1378831044854734269 -0.0016784668 0.01008606 9.764099 
284561409321555 1378831045236142960 -0.0028686523 0.012466431 9.773621 
284561501462558 1378831045299314347 -0.0028686523 0.004135132 9.762909 
284561534241439 1378831045363279191 -0.0076293945 0.008895874 9.776001 
284561589269670 1378831045426450578 -0.017150879 0.0077056885 9.789093 
284561622567395 1378831045490415421 -0.0052490234 0.008895874 9.77005 
284561683394499 1378831045553738115 -0.021911621 0.006515503 9.786713 
284561746602189 1378831045617702959 -0.010009766 0.006515503 9.804565 
284561803644764 1378831045680874345 -0.006439209 0.012466431 9.785522 
284561865356957 1378831045744839189 -0.027862549 0.0231781 9.765289 
284561920720913 1378831045808010576 -0.0052490234 0.018417358 9.777191 
284561981486974 1378831045871975420 -0.01953125 0.019607544 9.800995 
284562036484686 1378831045935146806 -0.010009766 0.011276245 9.784332 
284562101126834 1378831045999111650 -0.012390137 0.017227173 9.790283 
284562166409911 1378831046062252519 0.004272461 0.02079773 9.747437 
284562224642781 1378831046126247881 -0.018341064 0.0231781 9.783142 
284562613624926 1378831046189419267 -0.010009766 0.012466431 9.776001 
284562687911514 1378831046253384111 -0.017150879 0.0029449463 9.764099 
284562734302479 1378831046570934118 -0.014770508 0.011276245 9.791473 
284562804926620 1378831046634898962 -0.0052490234 5.645752E-4 9.786713 
284562982066862 1378831046698070348 -0.03024292 0.011276245 9.774811 
284563027572736 1378831046762012395 0.019744873 0.011276245 9.784332 
284563088949205 1378831046825183782 -0.021911621 0.0077056885 9.77005 
284563103995749 1378831046952320012 -0.0076293945 0.006515503 9.76886 
284563161679254 1378831047016284856 -0.015960693 0.025558472 9.786713 
284563220675133 1378831047079456243 -0.027862549 0.0231781 9.783142 
284563278236554 1378831047143421086 -0.010009766 0.021987915 9.790283 
284563338666892 1378831047206592473 -0.0052490234 0.0231781 9.77243 
284563398181618 1378831047270557317 -0.017150879 0.032699585 9.773621 
284563497708553 1378831047331958684 -0.015960693 0.016036987 9.793854 
284563558596695 1378831047397663030 0.0054626465 0.006515503 9.796234 
284563607246169 1378831047460864934 -0.011199951 0.021987915 9.802185 
284563681288592 1378831047524921331 -0.004058838 0.017227173 9.764099 
284563742634540 1378831047588074521 -0.024291992 0.018417358 9.756958 
284563804102571 1378831047652039364 0.011413574 0.013656616 9.774811 
284563889254408 1378831047715210751 -0.020721436 0.01008606 9.76886 
284564032242353 1378831047779175595 7.019043E-4 0.01008606 9.76886 
284564069049923 1378831047842346981 -0.012390137 0.0077056885 9.764099 
284564137201913 1378831047906281308 0.004272461 0.013656616 9.77243 
284564174070525 1378831048033448056 -0.017150879 0.011276245 9.793854 
284564231174140 1378831048096619442 -0.011199951 0.021987915 9.789093 
284564287423186 1378831048160584286 -0.014770508 0.0017547607 9.764099 
284564343733273 1378831048223755673 -0.0076293945 0.012466431 9.780762 
284564405537028 1378831048287720517 -0.011199951 0.021987915 9.792664 
284564461633472 1378831048350891903 -0.017150879 0.018417358 9.783142 
284564522918380 1378831048414856747 -0.006439209 0.016036987 9.800995 
284564577824529 1378831048478028134 -0.029052734 0.016036987 9.777191 
284564640940659 1378831048540924862 -0.0016784668 0.013656616 9.791473 
284565010939133 1378831048605164364 -0.0028686523 0.0231781 9.762909 
284565080281419 1378831048669129208 -0.012390137 0.02079773 9.76767 
284565104819799 1378831048923401669 -0.00881958 0.025558472 9.77243 
284565168882060 1378831048986573056 -0.011199951 0.02079773 9.778381 
284565201416777 1378831049050537899 -0.004058838 0.012466431 9.790283 
284565266577773 1378831049113709286 -0.00881958 0.018417358 9.778381 
284565472529245 1378831049177852433 -0.0052490234 0.021987915 9.785522 
284565528045801 1378831049241023820 -0.013580322 0.008895874 9.781952 
284565568546337 1378831049432094376 -0.024291992 0.024368286 9.804565 
284565623757690 1378831049495296281 -0.0028686523 0.016036987 9.773621 
284565680128818 1378831049559261124 -0.023101807 0.008895874 9.7664795 
284565739429901 1378831049622432511 -0.015960693 -0.004196167 9.791473 
284565801935623 1378831049686397355 -0.004058838 0.035079956 9.780762 
284565857482700 1378831049749202531 -0.018341064 0.0077056885 9.781952 
284565922246932 1378831049813503068 -0.018341064 0.021987915 9.791473 
284565983196114 1378831049876704972 -0.014770508 0.0231781 9.799805 
284566051683830 1378831049940669816 7.019043E-4 0.019607544 9.805756 
284566113914869 1378831050003883980 -0.018341064 5.645752E-4 9.781952 
284566172666586 1378831050067848824 0.007843018 -0.0018157959 9.780762 
284566231784548 1378831050131020211 -0.010009766 0.02079773 9.804565 
284566631662466 1378831050194985055 -0.020721436 0.016036987 9.778381 
284566691329793 1378831050258156441 0.013793945 0.021987915 9.76886 
284566726763946 1378831050576393746 -0.018341064 0.004135132 9.77243 
284566784844214 1378831050639565133 -0.0052490234 0.018417358 9.774811 
284566843199167 1378831050703529977 7.019043E-4 0.013656616 9.787903 
284566902561291 1378831050766701363 7.019043E-4 -0.0030059814 9.786713 
284566966409910 1378831050830666207 -0.021911621 0.016036987 9.786713 
284567025924636 1378831050893837594 0.0018920898 0.008895874 9.781952 
284567086049769 1378831050957802437 -0.01953125 0.008895874 9.781952 
284567142115694 1378831051020973824 -0.011199951 0.01008606 9.773621 
284567202607071 1378831051084908150 -0.020721436 0.006515503 9.786713 
284567257940507 1378831051148110055 -0.00881958 0.013656616 9.790283 
284567318431884 1378831051212074898 -0.025482178 0.024368286 9.764099 
284567378404416 1378831051275215768 -0.011199951 0.014846802 9.787903 
284567441215343 1378831051339211129 -0.015960693 0.017227173 9.784332 
284567504148350 1378831051402382516 0.010223389 0.0053253174 9.784332 
284567566196267 1378831051466347359 -0.013580322 0.01008606 9.778381 
284567664319264 1378831051529518746 -0.024291992 0.016036987 9.785522 
284567773032831 1378831051593483590 0.0030822754 0.017227173 9.795044 
284567835996358 1378831051656805415 -0.035003662 0.008895874 9.773621 
284567868439514 1378831051720770258 -0.004058838 0.019607544 9.780762 
284567923925552 1378831051783941645 -0.018341064 0.008895874 9.786713 
284567980205118 1378831051847906489 0.0030822754 0.011276245 9.787903 
284568035202828 1378831051911077875 -0.006439209 0.011276245 9.776001 
284568096274093 1378831051975042719 -0.012390137 0.0231781 9.786713 
284568152462101 1378831052038183588 0.006652832 0.013656616 9.778381 
284568215211986 1378831052102178950 -0.006439209 0.0053253174 9.790283 
284568273353294 1378831052165350336 0.004272461 0.011276245 9.7664795 
284568352431579 1378831052229284663 -0.023101807 0.0231781 9.792664 
284568450829261 1378831052292486567 0.006652832 -0.0053863525 9.781952 
284568505704890 1378831052356451411 -0.011199951 0.011276245 9.77124 
284568561251967 1378831052419622797 -0.014770508 0.019607544 9.790283 
284568624947983 1378831052483693788 0.024505615 0.018417358 9.790283 
284568682936691 1378831052546865175 -0.024291992 0.021987915 9.792664 
284568743672232 1378831052610830019 0.011413574 -0.0030059814 9.781952 
284568802240828 1378831052674001405 -0.018341064 0.021987915 9.774811 
284568868164831 1378831052737966249 0.004272461 0.025558472 9.780762 
284568923345664 1378831052801137636 -0.013580322 0.02079773 9.792664 
284568979442108 1378831052865102479 -0.0052490234 0.011276245 9.786713 
284569036118439 1378831052928314666 -0.013580322 0.0053253174 9.77124 
284569094015588 1378831052992310027 -0.024291992 0.016036987 9.789093 
284569486690696 1378831053055481414 -0.010009766 0.016036987 9.773621 
284569554171240 1378831053119446257 -0.013580322 0.011276245 9.777191 
284569577641406 1378831053436890105 -0.014770508 0.01008606 9.777191 
284569638529550 1378831053500854949 -0.004058838 0.017227173 9.780762 
284569707993916 1378831053564026336 0.0030822754 0.021987915 9.795044 
284569814052211 1378831053627960662 7.019043E-4 0.02079773 9.780762 
284569921209238 1378831053691162566 -0.01953125 0.014846802 9.799805 
284569959390223 1378831053755141996 -0.014770508 0.012466431 9.787903 
284570107322468 1378831053818313382 0.007843018 0.014846802 9.795044 
284570175047175 1378831053882278226 -0.029052734 0.021987915 9.800995 
284570231326741 1378831053945419095 -0.015960693 0.0053253174 9.7986145 
284570274055264 1378831054136550687 -0.00881958 0.025558472 9.774811 
284570330670554 1378831054199722074 -0.018341064 0.016036987 9.778381 
284570386889079 1378831054263686918 -0.0052490234 0.025558472 9.785522 
284570451012382 1378831054326858304 -0.017150879 0.008895874 9.783142 
284570507322469 1378831054390823148 -0.0028686523 0.027938843 9.784332 
284570562259138 1378831054453994535 -0.017150879 0.01008606 9.790283 
284570619698479 1378831054517959379 -4.8828125E-4 -0.004196167 9.790283 
284570681624316 1378831054581130765 -0.0052490234 0.0231781 9.789093 
284570743458590 1378831054645095609 0.006652832 0.016036987 9.796234 
284571170041833 1378831054708266996 -0.012390137 0.0231781 9.774811 
284571227145450 1378831054772231840 -0.006439209 0.0053253174 9.785522 
284571255193672 1378831055089675687 -0.011199951 0.016036987 9.7986145 
284571309764099 1378831055153640531 -0.018341064 0.014846802 9.7986145 
284571352095855 1378831055216811918 -0.026672363 5.645752E-4 9.764099 
284571409443634 1378831055280776761 -0.015960693 0.014846802 9.785522 
284571472529245 1378831055343948148 -0.027862549 0.026748657 9.792664 
284571560244794 1378831055408125338 0.007843018 0.01008606 9.787903 
284571613502845 1378831055471296725 -0.00881958 0.013656616 9.792664 
284571667707025 1378831055535261568 -0.017150879 0.021987915 9.795044 
284571722735256 1378831055598432955 -0.010009766 0.017227173 9.785522 
284571782066860 1378831055662397799 7.019043E-4 0.004135132 9.783142 
284571848814914 1378831055725569186 -0.014770508 0.013656616 9.785522 
284571906162693 1378831055789534029 -0.004058838 0.011276245 9.803375 
284571965463778 1378831055852674898 -0.00881958 0.013656616 9.792664 
284572025314227 1378831055916670260 -0.013580322 0.019607544 9.779572 
284572120232586 1378831055979841646 -0.010009766 0.0077056885 9.789093 
284572188628740 1378831056043806490 -0.0076293945 0.018417358 9.780762 
284572275520241 1378831056106977877 -0.017150879 0.013656616 9.783142 
284572349440582 1378831056170942721 -0.0052490234 -0.0030059814 9.797424 
284572401355735 1378831056234129233 -0.020721436 0.016036987 9.796234 
284572551729611 1378831056298033042 -0.015960693 0.014846802 9.787903 
284572695633167 1378831056361265464 -0.015960693 0.014846802 9.786713 
284572730701074 1378831056488401694 0.011413574 0.012466431 9.790283 
284572918004599 1378831056552366538 -0.017150879 0.01008606 9.795044 
284573001081052 1378831056679502769 -0.00881958 0.025558472 9.76767 
284573142878701 1378831056742643638 0.0018920898 0.018417358 9.795044 
284573222475833 1378831056933775229 0.006652832 -6.2561035E-4 9.781952 
284573337201913 1378831056996946616 -0.012390137 0.017227173 9.761719 
284573532288133 1378831057188108726 -0.011199951 0.02079773 9.779572 
284573649394801 1378831057315153403 -0.012390137 0.014846802 9.785522 
284573799707635 1378831057378324790 -4.8828125E-4 0.0077056885 9.792664 
284573889162846 1378831057569456382 -4.8828125E-4 0.012466431 9.792664 
284574022719997 1378831057632627769 -0.0028686523 -0.0018157959 9.780762 
284574096304614 1378831057823728843 -0.004058838 0.006515503 9.758148 
284574259680167 1378831057887112127 -0.006439209 0.018417358 9.77243 
284574351302325 1378831058014248358 -0.0076293945 0.0053253174 9.781952 
284574475550760 1378831058078182684 -0.013580322 0.021987915 9.784332 
284574504941879 1378831058268520819 -0.006439209 0.013656616 9.77124 
284574574497807 1378831058332485663 -0.017150879 0.016036987 9.781952 
284574663739377 1378831058459621893 -0.011199951 0.0077056885 9.800995 
284574810481326 1378831058522884833 0.009033203 0.01008606 9.792664 
284574857238537 1378831058586758124 -0.0028686523 0.01008606 9.785522 
284574995251661 1378831058649929510 -0.01953125 0.008895874 9.795044 
284575031387781 1378831058777080353 -0.012390137 0.0077056885 9.790283 
284575089040765 1378831058841045197 -0.0028686523 0.008895874 9.785522 
284575124047632 1378831058968150909 0.0030822754 0.012466431 9.784332 
284575178648578 1378831059031352814 7.019043E-4 0.013656616 9.802185 
284575246312244 1378831059095317657 -0.013580322 0.0077056885 9.797424 
284575314525276 1378831059158489044 -0.0076293945 0.032699585 9.773621 
284575430502690 1378831059222453888 0.0054626465 0.008895874 9.778381 
284575488979724 1378831059285625275 -0.021911621 0.008895874 9.790283 
284575518279281 1378831059349590118 0.0054626465 0.008895874 9.789093 
284575575962786 1378831059412761505 -0.0076293945 0.004135132 9.787903 
284575618386103 1378831059476726349 -0.00881958 0.014846802 9.778381 
284575675764402 1378831059539897736 -0.010009766 -0.0030059814 9.791473 
284575736622025 1378831059603862579 -4.8828125E-4 0.004135132 9.791473 
284575804621415 1378831059667033966 -0.017150879 0.0017547607 9.796234 
284575863190010 1378831059730968292 7.019043E-4 0.013656616 9.815277 
284575918279282 1378831059794170197 -0.010009766 0.0029449463 9.759338 
284575978679098 1378831059858135040 -0.011199951 0.0077056885 9.791473 
284576034073574 1378831059921306427 -0.0052490234 5.645752E-4 9.781952 
284576112297289 1378831059985271271 0.004272461 0.008895874 9.785522 
284576171201607 1378831060048442657 0.004272461 0.017227173 9.779572 
284576235477512 1378831060112407501 0.007843018 0.019607544 9.776001 
284576294351309 1378831060175578888 -0.012390137 0.014846802 9.790283 
284576355880380 1378831060239543732 0.0054626465 0.017227173 9.796234 
284576411946305 1378831060302684601 -0.023101807 0.018417358 9.787903 
284576472468203 1378831060366861806 -4.8828125E-4 0.018417358 9.796234 
284576530456911 1378831060430063710 -0.014770508 0.021987915 9.797424 
284576608192298 1378831060493998036 0.004272461 0.01008606 9.796234 
284576675917004 1378831060557199940 -0.021911621 0.0053253174 9.804565 
284576736164221 1378831060621164784 0.0054626465 0.024368286 9.784332 
284576804835057 1378831060684336171 -0.004058838 0.02079773 9.76886 
284576876130647 1378831060748301015 -0.004058838 0.012466431 9.787903 
284576931250440 1378831060811441884 -0.0016784668 0.006515503 9.792664 
284576991772338 1378831060875406727 -0.017150879 0.0077056885 9.789093 
284577047685661 1378831060938578114 0.0030822754 0.016036987 9.791473 
284577110771270 1378831061002542958 -0.024291992 0.019607544 9.784332 
284577167691764 1378831061065714345 0.0030822754 0.0029449463 9.790283 
284577767233958 1378831061129679188 -0.013580322 0.013656616 9.783142 
284577823666128 1378831061192865248 -0.010009766 0.0029449463 9.7664795 
284577851378627 1378831061701379652 0.0030822754 0.008895874 9.799805 
284577907444550 1378831061765375013 -0.015960693 0.017227173 9.793854 
284577963388392 1378831061828546400 -0.0076293945 0.014846802 9.784332 
284578025527869 1378831061892511244 -0.024291992 0.0053253174 9.791473 
284578096090970 1378831061955652113 7.019043E-4 0.021987915 9.787903 
284578159420745 1378831062019647474 -0.012390137 0.011276245 9.777191 
284578261023063 1378831062082818861 -0.014770508 -0.004196167 9.785522 
284578316387018 1378831062146783705 -0.006439209 0.0077056885 9.76886 
284578344984606 1378831062209955091 -0.01953125 0.016036987 9.779572 
284578414754177 1378831062273919935 -4.8828125E-4 0.017227173 9.797424 
284578508146518 1378831062337152357 -0.00881958 0.024368286 9.791473 
284578590093717 1378831062401056166 -0.011199951 0.0017547607 9.76767 
284578622872597 1378831062464227552 -0.017150879 0.008895874 9.774811 
284578678022910 1378831062528192396 -0.012390137 0.008895874 9.786713 
284578732684896 1378831062591363783 -0.013580322 0.017227173 9.789093 
284578792138583 1378831062655328627 -0.00881958 0.019607544 9.785522 
284578848326587 1378831062718500013 -0.00881958 0.01008606 9.778381 
284578904728236 1378831062782464857 -0.010009766 0.013656616 9.780762 
284578959390223 1378831062845879108 -0.0076293945 0.016036987 9.787903 
284579022262189 1378831062909843952 -0.00881958 0.004135132 9.785522 
284579077717706 1378831062973015338 -0.018341064 0.025558472 9.797424 
284579163602035 1378831063036980182 0.0054626465 0.0231781 9.7986145 
284579223330403 1378831063100151569 -0.014770508 0.017227173 9.803375 
284579283791261 1378831063164085895 -0.0016784668 0.021987915 9.7986145 
284579343641711 1378831063227287799 -0.018341064 0.016036987 9.802185 
284579404346731 1378831063291252643 0.01260376 0.030319214 9.790283 
284579462915326 1378831063354424030 -0.018341064 0.013656616 9.781952 
284579521148196 1378831063418388873 -4.8828125E-4 0.011276245 9.784332 
284579578953782 1378831063481560260 -0.011199951 0.011276245 9.785522 
284579693862983 1378831063545525104 -0.015960693 0.0053253174 9.803375 
284579754537484 1378831063608696491 -0.004058838 0.017227173 9.803375 
284579811213815 1378831063672645430 -0.018341064 0.02079773 9.791473 
284579867462861 1378831063735816817 -0.0052490234 0.011276245 9.786713 
284579930426390 1378831063799781661 -0.006439209 0.01008606 9.77124 
284579986797517 1378831063862953048 -0.010009766 0.0077056885 9.783142 
284580043351768 1378831063926917891 -0.004058838 0.016036987 9.795044 
284580098990406 1378831063990089278 -0.0028686523 0.016036987 9.77124 
284580155636217 1378831064054054122 -0.006439209 0.017227173 9.795044 
284580659069759 1378831064117225508 -0.011199951 0.006515503 9.792664 
284580723223582 1378831064181190352 -0.021911621 0.008895874 9.785522 
284580745350851 1378831064562599044 -0.027862549 0.013656616 9.800995 
284580804987658 1378831064625770430 0.011413574 0.0029449463 9.779572 
284580838987354 1378831064689735274 -0.017150879 0.01008606 9.7664795 
284580902256086 1378831064752906661 -0.006439209 0.011276245 9.791473 
284581019057551 1378831064816871505 -0.013580322 0.021987915 9.7986145 
284581098624161 1378831064880042891 -0.0052490234 0.025558472 9.799805 
284581129510779 1378831064944007735 -4.8828125E-4 0.011276245 9.790283 
284581186522834 1378831065007179122 -0.0052490234 0.013656616 9.793854 
284581214387934 1378831065071143965 0.0018920898 0.006515503 9.7986145 
284581271369469 1378831065134315352 0.01260376 0.014846802 9.797424 
284581332471255 1378831065198280196 -0.029052734 0.004135132 9.790283 
284581388354056 1378831065259705964 0.018554688 0.013656616 9.773621 
284581446251202 1378831065325623932 -0.020721436 0.01008606 9.804565 
284581546663227 1378831065388795319 0.009033203 0.013656616 9.796234 
284581605414944 1378831065452760163 0.0054626465 0.011276245 9.787903 
284581663678335 1378831065515931550 -0.020721436 0.012466431 9.781952 
284581729022451 1378831065579896393 0.017364502 0.008895874 9.785522 
284581798029014 1378831065643067780 -0.031433105 0.012466431 9.777191 
284581887789428 1378831065707032624 0.0030822754 0.0077056885 9.799805 
284581944587841 1378831065770204011 -0.027862549 0.025558472 9.805756 
284581977916089 1378831065834168854 -0.0028686523 0.017227173 9.793854 
284582034958664 1378831065897340241 -0.0052490234 0.019607544 9.785522 
284582096823459 1378831065961305085 -0.023101807 0.017227173 9.76886 
284582152675741 1378831066024476471 -0.018341064 0.008895874 9.778381 
284582215059382 1378831066088454963 0.0054626465 0.019607544 9.7986145 
284582269965531 1378831066151626350 -0.0028686523 0.012466431 9.789093 
284582324413876 1378831066215591194 0.0030822754 0.017227173 9.786713 
284582378892740 1378831066278762580 -0.021911621 0.008895874 9.804565 
284582885225717 1378831066342727424 -0.015960693 0.016036987 9.792664 
284582975535499 1378831066405898811 -0.020721436 0.006515503 9.789093 
284583044847264 1378831066851272346 -0.0076293945 0.027938843 9.780762 
284583088277756 1378831066914443733 0.004272461 0.012466431 9.792664 
284583143702751 1378831066978408577 -4.8828125E-4 0.012466431 9.7986145 
284583174040001 1378831067041579963 -0.021911621 0.025558472 9.76886 
284583229495518 1378831067105544807 -0.013580322 0.0077056885 9.780762 
284583283974382 1378831067168716194 -0.026672363 0.019607544 9.795044 
284583337781798 1378831067232681037 -0.0076293945 0.017227173 9.787903 
284583760702598 1378831067295852424 -0.0076293945 0.02079773 9.76767 
284583815944472 1378831067359817268 -0.013580322 0.025558472 9.802185 
284583844450500 1378831067676949837 -0.00881958 0.018417358 9.815277 
284583898563120 1378831067741433480 -0.013580322 0.016036987 9.791473 
284583938727930 1378831067804635384 -0.018341064 0.0077056885 9.778381 
284583996716637 1378831067868600228 -0.0052490234 0.02079773 9.77243 
284584087117980 1378831067931741097 -0.00881958 0.017227173 9.7986145 
284584149623703 1378831067995736458 -0.014770508 0.02079773 9.791473 
284584205079219 1378831068058907845 -0.006439209 0.019607544 9.791473 
284584259649645 1378831068122872689 -0.018341064 0.016036987 9.760529 
284584318004597 1378831068186044075 -0.0016784668 -6.2561035E-4 9.765289 
284584402423947 1378831068250008919 -0.012390137 0.008895874 9.792664 
284584485012075 1378831068313180306 -0.024291992 0.021987915 9.780762 
284584550050989 1378831068377145150 -0.006439209 0.0017547607 9.808136 
284584572422422 1378831068440286019 -0.015960693 0.019607544 9.785522 
284584639262036 1378831068504295069 -0.0028686523 0.0315094 9.780762 
284584754781645 1378831068567466456 -0.0052490234 0.0029449463 9.796234 
284584817775694 1378831068631431300 -0.025482178 5.645752E-4 9.792664 
284584839964004 1378831068694602686 0.004272461 0.016036987 9.795044 
284584902988574 1378831068758567530 -0.012390137 0.019607544 9.776001 
284584970713280 1378831068821738917 -0.006439209 0.0231781 9.777191 
284585049547402 1378831068885703761 -0.010009766 5.645752E-4 9.780762 
284585104117828 1378831068948844630 -0.018341064 0.019607544 9.796234 
284585144557320 1378831069012839991 -4.8828125E-4 0.018417358 9.77124 
284585203797364 1378831069076011378 -0.017150879 0.01008606 9.802185 
284585283028250 1378831069140006739 -0.012390137 0.014846802 9.793854 
284585339490939 1378831069203147608 7.019043E-4 0.017227173 9.76767 
284585404896097 1378831069267112452 -0.012390137 0.018417358 9.802185 
284585489468050 1378831069330283839 -0.004058838 0.014846802 9.786713 
284585549959427 1378831069394248682 -0.015960693 0.0077056885 9.776001 
284585607124085 1378831069457420069 7.019043E-4 0.01008606 9.7664795 
284585662488039 1378831069521384913 -0.004058838 0.017227173 9.778381 
284585716966904 1378831069584556300 -0.010009766 0.018417358 9.790283 
284585778343372 1378831069648521143 -0.0016784668 0.01008606 9.760529 
284585834622940 1378831069711692530 -0.010009766 0.014846802 9.814087 
284585898532599 1378831069775657374 -0.017150879 0.012466431 9.793854 
284585957894724 1378831069838828761 -0.015960693 0.017227173 9.787903 
284586024734339 1378831069902793604 0.006652832 0.017227173 9.803375 
284586121544961 1378831069965964991 -0.010009766 0.008895874 9.786713 
284586180052514 1378831070029929835 -0.0076293945 0.0029449463 9.797424 
284586233554727 1378831070093101221 -0.013580322 0.017227173 9.784332 
284586292794769 1378831070157278442 -0.00881958 0.01008606 9.780762 
284586346419064 1378831070220449828 -0.0052490234 0.004135132 9.803375 
284586406177953 1378831070284445190 -0.017150879 0.018417358 9.797424 
284586459558084 1378831070347616576 -0.015960693 0.018417358 9.774811 
284586513212898 1378831070411581420 0.013793945 0.0231781 9.780762 
284587018019857 1378831070474752807 0.0018920898 0.024368286 9.793854 
284587080220375 1378831070538717651 -0.039764404 0.0053253174 9.793854 
284587141841007 1378831070983373389 0.0018920898 0.0231781 9.785522 
284587186736474 1378831071047338233 -0.012390137 0.0053253174 9.783142 
284587295236400 1378831071110631690 0.011413574 0.026748657 9.789093 
284587397693288 1378831071174474463 -0.017150879 0.014846802 9.783142 
284587444542062 1378831071237645850 -0.006439209 0.024368286 9.785522 
284587514586316 1378831071301610693 -0.0028686523 -6.2561035E-4 9.795044 
284587535889536 1378831071364782080 -0.0052490234 0.017227173 9.792664 
284587591009327 1378831071428746924 0.007843018 0.01008606 9.796234 
284587624337573 1378831071491918311 -0.0028686523 0.029129028 9.792664 
284587678846959 1378831071555883154 0.0018920898 0.018417358 9.784332 
284587734210915 1378831071619054541 -0.017150879 0.014846802 9.784332 
284587788933943 1378831071683019385 -0.0052490234 0.0053253174 9.792664 
284587843260205 1378831071746190772 -0.024291992 0.008895874 9.796234 
284588291757077 1378831071810155615 -0.029052734 0.014846802 9.811707 
284588348891214 1378831071873327002 -0.015960693 0.013656616 9.790283 
284588391222970 1378831072254766211 0.01260376 0.0077056885 9.797424 
284588447746700 1378831072318700537 -0.024291992 0.012466431 9.792664 
284588517729913 1378831072381871924 0.0054626465 0.0231781 9.791473 
284588595434781 1378831072445836768 -0.004058838 0.008895874 9.808136 
284588660778899 1378831072509008154 0.018554688 0.017227173 9.777191 
284588719408533 1378831072572942481 -0.012390137 0.016036987 9.785522 
284588778099209 1378831072636234670 0.011413574 0.01008606 9.77005 
284588832639116 1378831072700199514 0.004272461 0.0077056885 9.776001 
284588886965378 1378831072763401418 -0.013580322 0.019607544 9.796234 
284588941993610 1378831072827335745 0.009033203 0.013656616 9.800995 
284588998029014 1378831072890507131 -0.020721436 0.0077056885 9.790283 
284589055926159 1378831072954502493 -0.010009766 0.014846802 9.780762 
284589517882515 1378831073017643362 -0.013580322 0.017227173 9.76767 
284589633432645 1378831073081638723 -0.00881958 0.013656616 9.799805 
284589674696188 1378831073463123071 -0.004058838 0.013656616 9.789093 
284589745350851 1378831073526324975 -0.024291992 0.013656616 9.803375 
284589775901744 1378831073590259301 7.019043E-4 0.0077056885 9.790283 
284589835385948 1378831073653430688 -0.006439209 0.014846802 9.791473 
284589870667498 1378831073717426049 0.0018920898 0.0053253174 9.797424 
284589949379539 1378831073780597436 -0.012390137 0.0053253174 9.800995 
284590009748836 1378831073844569964 -0.015960693 0.011276245 9.790283 
284590042955001 1378831073907741351 -0.0052490234 0.011276245 9.790283 
284590103232737 1378831073971706194 0.0030822754 0.021987915 9.790283 
284590157742122 1378831074034847063 -0.017150879 0.012466431 9.796234 
284590212800873 1378831074098842425 -0.011199951 0.008895874 9.77124 
284590267676503 1378831074162013811 -0.021911621 0.0029449463 9.785522 
284590328106840 1378831074225978655 0.004272461 0.025558472 9.803375 
284590738880532 1378831074289119524 -0.0028686523 0.01008606 9.808136 
284590793786681 1378831074353114886 -0.0052490234 0.021987915 9.790283 
284590821651781 1378831074670632079 -0.017150879 0.013656616 9.778381 
284590885408839 1378831074734596923 7.019043E-4 0.018417358 9.800995 
284590949654223 1378831074797768310 0.0018920898 0.01008606 9.780762 
284591016585399 1378831074861733154 0.0030822754 0.013656616 9.795044 
284591084615309 1378831074924904540 7.019043E-4 0.006515503 9.795044 
284591167478120 1378831074988869384 0.0018920898 0.013656616 9.774811 
284591348708091 1378831075052040771 -0.025482178 5.645752E-4 9.792664 
284591377000477 1378831075116005615 7.019043E-4 0.024368286 9.783142 
284591439902964 1378831075179177001 -0.0016784668 0.012466431 9.792664 
284591471766232 1378831075306313232 -4.8828125E-4 0.0053253174 9.805756 
284591531097837 1378831075370278075 -0.014770508 0.021987915 9.783142 
284591579197943 1378831075433632568 0.0018920898 0.0053253174 9.811707 
284591639536719 1378831075497414306 -0.01953125 0.014846802 9.800995 
284591698288436 1378831075560585693 -0.011199951 0.01008606 9.803375 
284591753621871 1378831075624550536 -0.006439209 0.013656616 9.802185 
284591809107907 1378831075687721923 -4.8828125E-4 0.021987915 9.808136 
284591863830936 1378831075751686767 -0.004058838 0.016036987 9.789093 
284591918889687 1378831075814858154 7.019043E-4 0.017227173 9.795044 
284591976573192 1378831075878822997 0.0030822754 0.029129028 9.799805 
284592358962936 1378831075941994384 -0.006439209 0.01008606 9.7986145 
284592440757533 1378831076005959228 -0.004058838 0.025558472 9.784332 
284592478175511 1378831076323583978 -0.010009766 0.0077056885 9.796234 
284592532684895 1378831076387548822 -0.0076293945 0.0029449463 9.824799 
284592586828036 1378831076450689691 -0.0052490234 0.006515503 9.789093 
284592640910135 1378831076514685053 -0.01953125 0.025558472 9.795044 
284592695755246 1378831076577856439 -0.010009766 0.018417358 9.791473 
284592757101193 1378831076642706293 -0.0016784668 0.016036987 9.806946 
284592812648271 1378831076704992670 -0.012390137 0.0077056885 9.777191 
284592867981706 1378831076768957514 -0.010009766 0.008895874 9.791473 
284593362686422 1378831076832098383 -0.012390137 0.013656616 9.793854 
284593430991015 1378831076896063227 -0.014770508 0.014846802 9.804565 
284593453972855 1378831077277578071 0.0030822754 0.011276245 9.795044 
284593514189549 1378831077340749458 -0.018341064 0.0053253174 9.783142 
284593545198248 1378831077404714302 0.0030822754 0.011276245 9.792664 
284593606025349 1378831077467885689 -0.03024292 0.016036987 9.789093 
284593672926007 1378831077531820015 -0.021911621 0.013656616 9.797424 
284593771018483 1378831077595021919 -0.023101807 0.01008606 9.777191 
284593826107754 1378831077658956245 -0.004058838 0.013656616 9.780762 
284593854217018 1378831077722127632 7.019043E-4 0.012466431 9.791473 
284593908970565 1378831077786122993 -0.006439209 0.013656616 9.790283 
284593964334522 1378831077849355415 -0.012390137 0.027938843 9.795044 
284594019362753 1378831077913259224 -0.006439209 5.645752E-4 9.793854 
284594075428677 1378831077976430611 -0.014770508 0.016036987 9.791473 
284594516173373 1378831078040395454 -0.0028686523 0.012466431 9.799805 
284594573002308 1378831078103536323 -0.006439209 0.013656616 9.790283 
284594603309037 1378831078421804146 -0.015960693 0.012466431 9.776001 
284594659771725 1378831078484945015 -0.017150879 0.017227173 9.809326 
284594689559609 1378831078548909859 -0.010009766 0.01008606 9.793854 
284594747304153 1378831078612111763 -0.018341064 0.012466431 9.792664 
284594804865575 1378831078676046089 -0.015960693 0.026748657 9.777191 
284594881960037 1378831078739217476 7.019043E-4 0.017227173 9.784332 
284594942665057 1378831078803333637 -0.012390137 0.024368286 9.783142 
284594997143922 1378831078866474506 -0.0076293945 0.01008606 9.800995 
284595051897469 1378831078930439350 -0.0076293945 0.012466431 9.791473 
284595106376334 1378831078993641254 -0.006439209 0.030319214 9.790283 
284595160580516 1378831079057667133 -0.010009766 0.0029449463 9.77005 
284595529541297 1378831079120746967 -0.023101807 0.011276245 9.795044 
284595592230141 1378831079184711811 -0.0076293945 0.018417358 9.790283 
284595627847416 1378831079439014789 0.004272461 0.0053253174 9.779572 
284595695053275 1378831079502186176 -0.018341064 0.025558472 9.783142 
284595730243266 1378831079566151020 -0.010009766 0.012466431 9.7986145 
284595828183140 1378831079629398176 -0.010009766 0.013656616 9.793854 
284595889468048 1378831079693363019 -0.0016784668 0.0231781 9.791473 
284596045182987 1378831079756534406 0.009033203 0.012466431 9.797424 
284596059558082 1378831079820499250 -0.017150879 0.014846802 9.804565 
284596115105160 1378831079883670637 0.009033203 0.024368286 9.793854 
284596143672228 1378831080010806867 0.0018920898 0.02079773 9.789093 
284596204285690 1378831080074771711 -0.023101807 0.01008606 9.778381 
284596258184667 1378831080137943098 -0.012390137 0.024368286 9.805756 
284596317699392 1378831080201907941 -0.011199951 0.02079773 9.802185 
284596371659410 1378831080265048810 0.017364502 0.004135132 9.787903 
284596465479034 1378831080329013654 -0.00881958 0.013656616 9.799805 
284596520995594 1378831080392215558 0.0054626465 0.012466431 9.793854 
284596583684438 1378831080456149885 -0.015960693 0.011276245 9.784332 
284596639048393 1378831080519351789 -0.013580322 0.012466431 9.796234 
284596699661851 1378831080583316633 -0.006439209 0.014846802 9.811707 
284596754323838 1378831080646457502 -0.021911621 0.008895874 9.804565 
284596808894265 1378831080710452863 -0.0016784668 0.019607544 9.787903 
284597174101041 1378831080773624250 0.0018920898 0.027938843 9.806946 
284597232944318 1378831080837589094 -0.0016784668 0.016036987 9.805756 
284597261297744 1378831081091861555 -4.8828125E-4 0.029129028 9.805756 
284597324169710 1378831081155002424 -4.8828125E-4 0.008895874 9.781952 
284597364090358 1378831081219177011 -0.020721436 0.0231781 9.77005 
284597426870764 1378831081282317880 -0.00881958 0.017227173 9.786713 
284597486080286 1378831081346313241 -0.0028686523 0.008895874 9.787903 
284597541627363 1378831081409484628 -0.017150879 -0.004196167 9.774811 
284597602301864 1378831081473449472 -4.8828125E-4 0.013656616 9.789093 
284597663159487 1378831081536590341 -0.017150879 0.0029449463 9.802185 
284597719469574 1378831081600585702 -0.0016784668 0.014846802 9.799805 
284597775443936 1378831081663757089 -0.004058838 0.019607544 9.791473 
284597831174137 1378831081727691415 0.0054626465 0.024368286 9.791473 
284598329175052 1378831081790893320 -0.00881958 0.004135132 9.7986145 
284598392169100 1378831081854858163 -0.024291992 0.018417358 9.815277 
284598414204810 1378831082236309673 7.019043E-4 0.011276245 9.793854 
284598470240213 1378831082299481060 0.0018920898 0.014846802 9.800995 
284598503446378 1378831082363476421 0.019744873 0.019607544 9.806946 
284598559481781 1378831082426647808 -0.023101807 0.006515503 9.795044 
284598619912118 1378831082490612652 0.0256958 0.01008606 9.793854 
284598682478882 1378831082553784038 -0.039764404 0.035079956 9.793854 
284598753591350 1378831082617748882 0.011413574 0.026748657 9.789093 
284598809229989 1378831082680889751 -0.017150879 0.014846802 9.805756 
284598870179173 1378831082744854595 -0.013580322 0.019607544 9.796234 
284598924474915 1378831082808056499 0.004272461 0.014846802 9.824799 
284598984050681 1378831082872021343 -0.024291992 0.024368286 9.797424 
284599037613936 1378831082935162212 -0.010009766 0.008895874 9.785522 
284599097708548 1378831082999157574 -0.01953125 0.016036987 9.7986145 
284599547487276 1378831083062328960 0.006652832 0.024368286 9.799805 
284599611030690 1378831083126293804 -0.0016784668 0.012466431 9.799805 
284599650676655 1378831083507702495 -0.0028686523 0.029129028 9.780762 
284599706498416 1378831083570873882 -0.0016784668 0.029129028 9.781952 
284599762442257 1378831083634838726 0.0018920898 0.008895874 9.811707 
284599817134765 1378831083698129984 -0.0028686523 0.01008606 9.796234 
284599893649338 1378831083762064310 -0.0052490234 -0.0053863525 9.781952 
284599954903725 1378831083825266214 -0.011199951 0.012466431 9.791473 
284600013685963 1378831083889200540 -0.012390137 0.004135132 9.799805 
284600070606457 1378831083952402445 -0.011199951 0.02079773 9.797424 
284600129815980 1378831084016367288 -4.8828125E-4 5.645752E-4 9.797424 
284600186797515 1378831084079508157 -0.0028686523 0.0077056885 9.811707 
284600242314072 1378831084143503519 -0.004058838 0.0053253174 9.784332 
284600681197026 1378831084206674906 -0.010009766 0.011276245 9.792664 
284600744709922 1378831084270639749 -0.010009766 0.018417358 9.787903 
284600766562509 1378831084588128710 0.007843018 0.02079773 9.789093 
284600827572732 1378831084652124072 -0.0016784668 0.014846802 9.802185 
284600848448666 1378831084715295458 -0.010009766 0.024368286 9.793854 
284600903904183 1378831084779260302 7.019043E-4 0.012466431 9.785522 
284600958932414 1378831084842431689 -0.0076293945 0.004135132 9.786713 
284601020492005 1378831084906396533 -0.015960693 0.013656616 9.789093 
284601085530919 1378831084969537402 -0.0052490234 0.014846802 9.779572 
284601140864355 1378831085033532763 7.019043E-4 0.004135132 9.796234 
284601196380912 1378831085096704150 -0.0076293945 0.017227173 9.799805 
284601270942182 1378831085160668994 -4.8828125E-4 0.014846802 9.800995 
284601328106839 1378831085223840380 0.0018920898 0.017227173 9.786713 
284601389208624 1378831085287805224 -0.018341064 0.026748657 9.793854 
