#SysTm EventTmStmp Rot:x Rot:y Rot:z
185126281187654 1379434790152617426 -0.015471065 0.10756598 0.80188245 
185126295196505 1379434790343657465 -0.019190755 0.09893174 0.803644 
185126381447077 1379434790406737299 -0.019142466 0.098144904 0.80332804 
185126431592048 1379434790470824213 -0.018806338 0.096753925 0.80224234 
185126474656294 1379434790533995600 -0.017684024 0.0947297 0.8005896 
185126539451043 1379434790597929926 -0.017678017 0.09335447 0.79884285 
185126605771814 1379434790661131831 -0.017521884 0.09259207 0.7973123 
185126666415793 1379434790725127192 -0.017372329 0.09146944 0.7961476 
185126728921516 1379434790788268061 -0.018122222 0.08883098 0.79577684 
185126795516968 1379434790852202387 -0.020149091 0.086427875 0.7958291 
185126906519562 1379434790915343256 -0.021983357 0.0821327 0.79628867 
185126917171172 1379434790979338618 -0.02355221 0.08016483 0.79680973 
185126980470424 1379434791042479487 -0.025135692 0.07970813 0.797968 
185127045234655 1379434791106474848 -0.026704118 0.07876666 0.7994636 
185127108717030 1379434791169646235 -0.027364433 0.078378275 0.8013594 
185127173145535 1379434791233580561 -0.027797215 0.07806172 0.80382925 
185127233881075 1379434791296782465 -0.03273562 0.07362153 0.8054657 
185127302490873 1379434791360777827 -0.041701857 0.07232873 0.80593324 
185127365942729 1379434791423918696 -0.04466334 0.07547656 0.80768293 
185127442152098 1379434791488005610 -0.04258704 0.07407054 0.80864567 
185127488848267 1379434791551054926 -0.043992985 0.07099304 0.80725193 
185127558678878 1379434791615477534 -0.04323382 0.07125959 0.8064727 
185127616881228 1379434791678191157 -0.03867053 0.0730084 0.8079446 
185127684575416 1379434791742125483 -0.03277349 0.07191113 0.80882424 
185127744364825 1379434791805296870 -0.030588381 0.0693824 0.80752444 
185127806962107 1379434791869261713 -0.027732281 0.0655762 0.8053076 
185127874137446 1379434791932942804 -0.023584047 0.059629016 0.80330306 
185127937009413 1379434791996907648 -0.020451134 0.04853193 0.80011296 
185128038123409 1379434792060079035 -0.020355195 0.037823565 0.795749 
185128062478665 1379434792123982843 -0.023368245 0.03783195 0.7918908 
185128124740224 1379434792187184748 -0.039527763 0.047562875 0.7870954 
185128189138209 1379434792251119074 -0.054160815 0.058549665 0.7796587 
185128255123254 1379434792314351496 -0.040630497 0.062100284 0.7751252 
185128316743887 1379434792378316339 -0.028509952 0.066521436 0.7736071 
185128381874361 1379434792441487726 -0.028055286 0.0735656 0.773033 
185128445295695 1379434792505452570 -0.027401352 0.07647065 0.7729404 
185128508655988 1379434792568623957 -0.032121554 0.07987283 0.7704943 
185128608182923 1379434792632710871 -0.035237327 0.08194923 0.7682376 
185128633972637 1379434792695729669 -0.034530986 0.08507504 0.7690976 
185128696814083 1379434792759694513 -0.03404202 0.08205599 0.77140355 
185128761456233 1379434792823964533 -0.028605115 0.07397675 0.7726083 
185128826830870 1379434792886861261 -0.025815785 0.07591993 0.77384716 
185128890038561 1379434792950032648 -0.022205515 0.07589817 0.77438253 
185128954833311 1379434793013997492 -0.019362014 0.07817936 0.7730795 
185129018193605 1379434793077168878 -0.020551825 0.08662 0.77365226 
185129087749532 1379434793141133722 -0.016751694 0.088996276 0.7781955 
185129177937234 1379434793204274591 -0.011615099 0.08739474 0.7840498 
185129212577856 1379434793268239435 -0.008542661 0.084816836 0.788075 
185129271634777 1379434793331441339 -0.010310553 0.076471426 0.78955257 
185129340641338 1379434793395406183 -0.014413746 0.05908968 0.7882637 
185129398416403 1379434793458577570 -0.026673535 0.05287323 0.7856921 
185129461654614 1379434793522542414 -0.037201006 0.058956295 0.7853799 
185129525198030 1379434793585865130 -0.033414613 0.051544055 0.7863283 
185129597195589 1379434793649829974 -0.031399686 0.04443502 0.78373706 
185129653536196 1379434793713001361 -0.035039175 0.052271727 0.7809561 
185129717720539 1379434793776966205 -0.03365 0.057545096 0.7809279 
185129815629893 1379434793840107074 -0.030724907 0.058002524 0.78247917 
185129842548861 1379434793904071917 -0.030089715 0.059395988 0.78603953 
185129905298748 1379434793967243304 -0.03182156 0.061116334 0.7908381 
185129968811642 1379434794031269183 -0.043504458 0.06036807 0.79344183 
185130038001326 1379434794094410052 -0.05220029 0.06818952 0.7956806 
185130102155148 1379434794158466449 -0.050762895 0.07883367 0.8012778 
185130163989423 1379434794221546283 -0.040358588 0.07616453 0.80446374 
185130226098381 1379434794285511126 -0.034462433 0.07456086 0.8049918 
185130305420828 1379434794348835101 -0.035551954 0.08016184 0.80416524 
185130378425560 1379434794412983050 -0.033868592 0.081572585 0.8050353 
185130436780511 1379434794475864247 -0.02738866 0.077564076 0.80694777 
185130477342085 1379434794539829091 -0.019318387 0.06714437 0.80813867 
185130540366655 1379434794603000478 -0.011798942 0.05049283 0.80695266 
185130606138057 1379434794666965321 -0.013616555 0.034575112 0.80315566 
185130685582586 1379434794730136708 -0.022375582 0.035784684 0.800916 
185130745799281 1379434794794437245 -0.022239076 0.039359193 0.8035426 
185130809434257 1379434794857517079 -0.012967825 0.034346305 0.8059527 
185130869742514 1379434794921542958 -0.011334871 0.039849166 0.8060665 
185130936643169 1379434794984592274 -0.015755009 0.049174655 0.8042273 
185131003482785 1379434795048679188 -0.019491777 0.05407365 0.8017924 
185131104413655 1379434795111789540 -0.021406054 0.05748582 0.8022447 
185131115339950 1379434795175540761 -0.021136912 0.058864493 0.80650514 
185131176075491 1379434795238681630 -0.024372555 0.055255238 0.8104328 
185131241358566 1379434795302646474 -0.024697807 0.053748958 0.8140387 
185131303711687 1379434795365787343 -0.021915415 0.05690461 0.8204246 
185131368323316 1379434795429782704 -0.01413857 0.049766243 0.8261265 
185131443250830 1379434795493137196 -0.008203478 0.04553793 0.8281666 
185131506977367 1379434795557315663 -0.003731241 0.04694908 0.8261493 
185131569666211 1379434795620273427 0.003973185 0.04340366 0.8234824 
185131638703295 1379434795684299306 0.008074354 0.043355573 0.8231395 
185131717262732 1379434795747501210 0.011245908 0.040332053 0.82272404 
185131759960734 1379434795811221913 0.010239943 0.022595953 0.819915 
185131812699937 1379434795874332265 0.0032283058 0.01104747 0.8151258 
185131877281044 1379434795938327626 -0.0052845906 0.01753152 0.81418407 
185131947020095 1379434796001499013 -0.0020080311 0.018309487 0.81397325 
185132009983625 1379434796065614856 -0.0015020089 0.01880012 0.809172 
185132094677657 1379434796128816761 -0.00912765 0.028533133 0.8021733 
185132144181702 1379434796192781604 -0.013923825 0.03476373 0.79789716 
185132219170256 1379434796255952991 -0.017354539 0.03623589 0.796085 
185132313874971 1379434796320161976 -0.021605067 0.03816488 0.7967939 
185132329501402 1379434796383119739 -0.025439775 0.038294557 0.799369 
185132385079001 1379434796447023548 -0.030586937 0.034485552 0.80042183 
185132447920447 1379434796510164417 -0.03655049 0.034857355 0.80032647 
185132513203523 1379434796574159778 -0.035836466 0.03466977 0.8022666 
185132575587164 1379434796637331165 -0.02891552 0.030304141 0.8044194 
185132648713977 1379434796701570667 -0.027481593 0.03376441 0.80498624 
185132716896488 1379434796764650501 -0.027413106 0.04109802 0.8062443 
185132781355514 1379434796828706897 -0.0202057 0.03913146 0.80956244 
185132839344222 1379434796891862481 -0.0073004304 0.02890559 0.8134848 
185132912776238 1379434796955918878 0.0024360751 0.022502504 0.8161544 
185133000308666 1379434797019059747 0.0028160089 0.016368117 0.8161694 
185133021550845 1379434797082810968 0.0021735828 0.0034670301 0.8119778 
185133083690323 1379434797145951837 -0.008300048 0.0068249884 0.8064599 
185133147355820 1379434797209916681 -0.01645354 0.018717673 0.8050358 
185133212669416 1379434797273088067 -0.010333817 0.022462787 0.805524 
185133276945321 1379434797337052911 -0.011792689 0.030924918 0.8021847 
185133339267921 1379434797400254815 -0.012851075 0.04121951 0.7982271 
185133407358871 1379434797464158624 -0.009074667 0.046883553 0.7972022 
185133486376115 1379434797527360528 -0.005088105 0.047011826 0.7965551 
185133556298290 1379434797591447442 0.0015086726 0.040693317 0.7976974 
185133616759146 1379434797654496759 0.0060020685 0.03451386 0.7993056 
185133660616922 1379434797718431085 0.0038217949 0.035192586 0.79918337 
185133724404499 1379434797781632989 0.0017824334 0.040853944 0.7982898 
185133788192078 1379434797845597833 0.0069830036 0.038416356 0.79839504 
185133857870089 1379434797909013360 0.013915055 0.033187136 0.79833776 
185133929715044 1379434797973191827 0.014869391 0.03765642 0.79907167 
185133988008956 1379434798036210626 0.014308949 0.04105664 0.80068153 
185134046394427 1379434798100328058 0.017405324 0.03729527 0.80275744 
185134116163999 1379434798163285821 0.021779807 0.032344904 0.80529827 
185134165454401 1379434798227037042 0.021853225 0.022537114 0.80454284 
185134231805690 1379434798290147394 0.009321864 0.018137781 0.8004352 
185134296447839 1379434798354142755 -0.011979139 0.027901758 0.7981721 
185134359228244 1379434798417314142 -0.01612977 0.027232457 0.7971618 
185134424877566 1379434798481309503 -0.016131932 0.02297632 0.7942338 
185134490038560 1379434798544632132 -0.02441633 0.031071076 0.789779 
185134564477748 1379434798608993704 -0.028379625 0.036463372 0.7872176 
185134625579534 1379434798672043021 -0.028982295 0.03774042 0.7853037 
185134687749532 1379434798736160452 -0.030259578 0.040714733 0.7840671 
185134761914037 1379434798799301321 -0.031822674 0.045925442 0.7851049 
185134826464625 1379434798862869437 -0.031041369 0.0431316 0.78790736 
185134865988507 1379434798926040823 -0.02956794 0.04207583 0.7911841 
185134928555270 1379434798990005667 -0.03529646 0.053584523 0.7958555 
185134996463098 1379434799053146536 -0.03164592 0.05361698 0.80104107 
185135056099907 1379434799117141898 -0.020934584 0.044013154 0.8053847 
185135119032914 1379434799180313284 -0.017381012 0.043283217 0.8078123 
185135187459588 1379434799244278128 -0.018913688 0.04949885 0.8098868 
185135245845061 1379434799307449515 -0.015855828 0.050043326 0.8116911 
185135312287912 1379434799369567273 -0.008724832 0.042597808 0.8129501 
185135373023453 1379434799434661267 -0.0037174812 0.033947527 0.81302774 
185135436658428 1379434799498595593 -9.661778E-4 0.018997125 0.81095606 
185135500568088 1379434799561797498 -0.00730003 0.010400454 0.8076521 
185135563928381 1379434799625762342 -0.020865316 0.019132346 0.8080026 
185135626403584 1379434799688903211 -0.019608434 0.019788729 0.81128526 
185135690923651 1379434799752868054 -0.012127367 0.018931812 0.8144711 
185135754680709 1379434799816069959 -0.017901892 0.035940327 0.8167114 
185135818498807 1379434799880004285 -0.018867223 0.048796963 0.8189781 
185135939725726 1379434799943267224 -0.015156175 0.05210552 0.81836647 
185135948576635 1379434800007171033 -0.020596717 0.05800624 0.81542826 
185136013920752 1379434800070342420 -0.019462185 0.058601074 0.81702113 
185136076609596 1379434800134307263 -0.012602045 0.047821335 0.8212341 
185136139756247 1379434800197478650 -0.012897812 0.040628154 0.82337886 
185136199667737 1379434800261412976 -0.011076437 0.041214105 0.82721007 
185136264248845 1379434800324614881 0.0022611485 0.03372516 0.83234286 
185136326479884 1379434800388579724 0.010358104 0.025853971 0.8344614 
185136389870697 1379434800451720593 0.009512096 0.026853291 0.8347478 
185136456679794 1379434800515715955 0.013973145 0.025631024 0.8363656 
185136516530244 1379434800577666638 0.02027284 0.020385917 0.8383137 
185136580623025 1379434800642821668 0.023070306 0.016129024 0.83823067 
185136644837889 1379434800705993054 0.022409612 0.014029568 0.8354748 
185136708320262 1379434800769957898 0.013600779 0.009974658 0.82960045 
185136771772118 1379434800833159802 -0.0036048372 0.017993812 0.82205445 
185136835101890 1379434800897124646 -0.010706482 0.032547798 0.8175137 
185136899164151 1379434800960265515 -2.4827238E-4 0.03157427 0.81570053 
185136961852996 1379434801024376896 0.0025691045 0.033575527 0.81154877 
185137033057025 1379434801087517765 -0.008275141 0.046014708 0.80688214 
185137092968517 1379434801151482609 -0.014935962 0.054842018 0.80406374 
185137153276772 1379434801214684513 -0.02087722 0.06635985 0.7990753 
185137216179258 1379434801278649357 -0.029650334 0.08317142 0.79075366 
185137279295390 1379434801341790226 -0.038343564 0.09699311 0.78158647 
185137344090140 1379434801405785587 -0.04747882 0.10509559 0.77239925 
185137406351699 1379434801468926456 -0.0558108 0.112435214 0.7680535 
185137469803552 1379434801532921818 -0.05909523 0.12050809 0.7687588 
185137539054277 1379434801596062687 -0.05258494 0.120416515 0.77070904 
185137604825681 1379434801660088566 -0.049105473 0.11536762 0.7682994 
185137684331250 1379434801723229435 -0.05021195 0.112866715 0.7595388 
185137729531922 1379434801786750245 -0.046563614 0.10562387 0.74716955 
185137792648051 1379434801850409913 -0.03989568 0.09609526 0.7288681 
185137853078389 1379434801914405274 -0.03520061 0.088234656 0.70461 
185137921932349 1379434801977546143 -0.02986158 0.08454099 0.67600125 
185137978822323 1379434802041541504 -0.025373813 0.073101014 0.6410567 
185138045143093 1379434802104682374 -0.027967412 0.065641 0.597908 
185138107313091 1379434802168677735 -0.029955525 0.07559146 0.55459154 
185138174549471 1379434802231940674 -0.023418995 0.08110404 0.5170797 
185138234369400 1379434802295813965 -0.019505875 0.06892877 0.47474346 
185138301361618 1379434802358954835 -0.022662029 0.06931444 0.42951593 
185138361059467 1379434802422950196 -0.019209296 0.0830694 0.39293858 
185138424145076 1379434802486091065 -0.009635805 0.07521086 0.36143857 
185138487993696 1379434802550055909 -0.008714668 0.06164698 0.3235553 
185138557641185 1379434802613257813 -0.010814379 0.0583663 0.28602666 
185138617827358 1379434802677253174 -0.006573202 0.063918106 0.2583561 
185138682957834 1379434802740363526 -5.742512E-4 0.056286354 0.23676446 
185138745463556 1379434802804328370 -1.74631E-4 0.052415706 0.2136354 
185138826952950 1379434802867621827 6.344213E-4 0.066535115 0.19724603 
185138869467828 1379434802931495118 0.004779826 0.07254479 0.19077109 
185138932583958 1379434802994635987 0.007371332 0.064444415 0.18723163 
185138995578008 1379434803058600831 0.0067184716 0.053744443 0.18081328 
185139062265021 1379434803121772217 0.007842824 0.055334102 0.17354444 
185139124557102 1379434803185767579 0.0127113415 0.05558883 0.16665469 
185139189351851 1379434803248938965 0.017356664 0.050618086 0.15842369 
185139252376421 1379434803312903809 0.023267198 0.049144976 0.14819561 
185139318910832 1379434803376075196 0.030409161 0.044555634 0.13824327 
185139378028793 1379434803440191379 0.03313034 0.032671675 0.12609068 
185139440778679 1379434803503332248 0.030487508 0.025059683 0.109085165 
185139504871461 1379434803567327609 0.032064162 0.034157157 0.09654212 
185139571955238 1379434803630529513 0.036446746 0.03835598 0.09131144 
185139635742818 1379434803694463840 0.03183036 0.02196294 0.085067935 
185139697760213 1379434803757665744 0.028874809 0.02334635 0.08369488 
185139760723743 1379434803821630588 0.032142464 0.033972055 0.092980154 
185139829974467 1379434803884801974 0.032696113 0.030485246 0.10107017 
185139917751057 1379434803948736300 0.031650264 0.032131094 0.10238158 
185139948851316 1379434804011907687 0.032785 0.036824413 0.10243148 
185140024694442 1379434804075842013 0.03428071 0.040203962 0.10330474 
185140077250523 1379434804139013400 0.034818433 0.042793978 0.10335231 
185140142167356 1379434804203008761 0.03188577 0.042645458 0.10122395 
185140206351699 1379434804266255813 0.028115708 0.04295428 0.10034193 
185140271726337 1379434804330190139 0.028494181 0.0517045 0.10369891 
185140334842467 1379434804393331008 0.029911794 0.04960395 0.11389733 
185140399698257 1379434804457356887 0.031194113 0.03171602 0.12652211 
185140487963175 1379434804520589309 0.031970106 0.028091846 0.13721435 
185140522451195 1379434804584462600 0.03219714 0.032260757 0.14898932 
185140584499112 1379434804647633987 0.033039603 0.028558986 0.16207817 
185140649538025 1379434804711598830 0.03473823 0.024029452 0.1767319 
185140712715196 1379434804774770217 0.03845575 0.021400535 0.19291443 
185140777113182 1379434804838735061 0.04013657 0.017331587 0.21177576 
185140842060534 1379434804901936965 0.0331387 0.0040752008 0.23106554 
185140905481869 1379434804965901809 0.02401788 -0.0037996252 0.25660878 
185140977815150 1379434805029042678 0.02241954 -0.0043369583 0.29391816 
185141037451958 1379434805093007522 0.026369458 -0.013862331 0.33506963 
185141095776390 1379434805156178908 0.031952616 -0.025285423 0.37403828 
185141158373673 1379434805220143752 0.034998752 -0.024981704 0.41650137 
185141222283333 1379434805283284621 0.03390995 -0.01665534 0.46208614 
185141287383287 1379434805347279983 0.029934471 -0.009990402 0.5107142 
185141354131341 1379434805410481887 0.024507793 -0.0036484322 0.560693 
185141418254644 1379434805474416213 0.018234776 0.00404116 0.61019707 
185141478257695 1379434805537587600 0.014493702 0.007747992 0.6564296 
185141541251745 1379434805601552444 0.015216916 0.008128024 0.69865525 
185141605832852 1379434805664754348 0.013269997 0.00988703 0.7325981 
185141667270362 1379434805728688674 0.010080142 0.008381338 0.75808334 
185141734354139 1379434805791829543 0.004304188 0.015527626 0.77761513 
185141793868867 1379434805855824905 1.3448758E-4 0.02205455 0.79397017 
185141857503842 1379434805919147583 0.0024187956 0.018055787 0.8055092 
185141922512235 1379434805983112427 -0.0070819682 0.024402216 0.81078213 
185141986269293 1379434806046283814 -0.020315478 0.031905036 0.81272876 
185142049690627 1379434806110279175 -0.02247334 0.032787148 0.81638926 
185142113691848 1379434806173450562 -0.019538602 0.03469043 0.820555 
185142183827663 1379434806237415405 -0.014963546 0.036729153 0.8231777 
185142238947456 1379434806300556275 -0.019286027 0.029045895 0.8210964 
185142303162320 1379434806364521118 -0.029112838 0.022968058 0.814344 
185142368262274 1379434806427692505 -0.038425762 0.031572595 0.8091404 
185142431866730 1379434806491687866 -0.039466992 0.03812034 0.8059215 
185142496173154 1379434806554859253 -0.028087439 0.029943183 0.80460274 
185142558221072 1379434806618793579 -0.020863967 0.02809825 0.8053061 
185142622344373 1379434806681995484 -0.02185594 0.036466185 0.8088312 
185142737558778 1379434806746066589 -0.020625247 0.039630033 0.8124152 
185142747508421 1379434806809207459 -0.021239998 0.04041285 0.8140468 
185142812364211 1379434806873172302 -0.025153674 0.04240871 0.8148924 
185142876029709 1379434806936343689 -0.027814263 0.046039913 0.8179435 
185142938504910 1379434807000308533 -0.03397326 0.049999654 0.8225785 
185143003971109 1379434807063479919 -0.036529943 0.048865866 0.8275363 
185143067239841 1379434807127475281 -0.032395564 0.047444236 0.83370864 
185143132217713 1379434807190626309 -0.037777834 0.055243246 0.838113 
185143194967600 1379434807254621670 -0.041419003 0.058536116 0.83976597 
185143322817439 1379434807317762539 -0.031401504 0.047826804 0.8411091 
185143330325450 1379434807381696866 -0.028451117 0.045087084 0.8423244 
185143383186736 1379434807444898770 -0.02945532 0.049380623 0.8445464 
185143447279517 1379434807508863614 -0.02448605 0.046954427 0.847806 
185143509998883 1379434807572035000 -0.019961772 0.043419734 0.84985405 
185143576441733 1379434807635999844 -0.015802987 0.04353601 0.85066867 
185143639191619 1379434807699201748 -0.009836046 0.03812925 0.8502686 
185143701666821 1379434807763136075 5.372836E-4 0.028159818 0.8491694 
185143765057635 1379434807826337979 -0.0016892516 0.032756653 0.8511381 
185143857992168 1379434807890241787 -0.002338515 0.039591383 0.8582098 
185143892754873 1379434807953413174 0.015939515 0.035011955 0.8686445 
185143955046952 1379434808017514729 0.024647918 0.040024005 0.87969863 
185144021093038 1379434808080716634 0.015551144 0.053931437 0.8919556 
185144083476680 1379434808144681478 0.010669822 0.05999209 0.90630263 
185144147996746 1379434808207852864 0.007770848 0.060153704 0.921375 
185144224358718 1379434808272031331 8.5396937E-4 0.060438614 0.93682355 
185144287810571 1379434808335050130 -0.0050681867 0.05839163 0.9524148 
185144347599981 1379434808399198079 -0.0047987737 0.050382715 0.9672109 
185144421184600 1379434808462308431 0.00193451 0.043393258 0.9799353 
185144508015058 1379434808526070285 -0.0013683368 0.039445076 0.9897265 
185144531057940 1379434808589211154 -0.016584614 0.035328418 0.9957344 
185144591610358 1379434808653206516 -0.02478234 0.029337114 0.9988036 
185144655062212 1379434808716377903 0.02716451 -0.027291892 -0.9991932 
185144719612801 1379434808780342746 0.03172551 -0.029097503 -0.9981677 
185144781721758 1379434808843514133 0.029909156 -0.027485512 -0.99659693 
185144846394427 1379434808907478977 0.027519753 -0.024925651 -0.99465835 
185144913050920 1379434808970680881 0.029502988 -0.02563158 -0.99269485 
185144973603338 1379434809034615207 0.0276839 -0.026093004 -0.9914927 
185145042854064 1379434809097786594 0.023196466 -0.021345958 -0.99198973 
185145125838955 1379434809161751438 0.021562358 -0.015485321 -0.99316216 
185145164294625 1379434809224922824 0.024714157 -0.017656866 -0.9935002 
185145227685438 1379434809288962937 0.026215592 -0.022450358 -0.99391377 
185145290740528 1379434809352164841 0.020624142 -0.022022067 -0.99517435 
185145355474237 1379434809416099167 0.021405231 -0.02302504 -0.9958904 
185145418376724 1379434809479301071 0.027164426 -0.02727738 -0.99595535 
185145481096090 1379434809543418503 0.029510591 -0.029344393 -0.9960643 
185145545371995 1379434809606437302 0.03112621 -0.03049831 -0.9962472 
185145609251134 1379434809670432663 0.03370872 -0.032465015 -0.9961901 
185145676884278 1379434809733797412 0.034752578 -0.033003304 -0.9960046 
185145735605477 1379434809797792774 0.02851251 -0.028100135 -0.99621475 
185145798446922 1379434809860720020 0.028677715 -0.019382114 -0.9963181 
185145867575565 1379434809924654346 0.037817642 -0.01834843 -0.9955445 
185145925564272 1379434809987856250 0.039549313 -0.021548018 -0.99458164 
185145989321330 1379434810051821094 0.030351011 -0.022892546 -0.99429363 
185146056283029 1379434810114992481 0.026145102 -0.025500376 -0.9941411 
185146117354293 1379434810178957324 0.027935393 -0.02934276 -0.99380344 
185146180867187 1379434810242098194 0.025892837 -0.033193205 -0.9933826 
185146274625771 1379434810306032520 0.023873895 -0.03734256 -0.9930303 
185146312654154 1379434810369264942 0.022712342 -0.04153912 -0.99282956 
185146372901371 1379434810433199268 0.019152528 -0.04157188 -0.992778 
185146435559695 1379434810496401172 0.0043494413 -0.03661514 -0.9929641 
185146499499874 1379434810560441675 0.0050837165 -0.03288623 -0.9931969 
185146562188719 1379434810623582544 0.022031685 -0.035445042 -0.9931428 
185146625854215 1379434810687577905 0.017522363 -0.040211413 -0.99308425 
185146691686660 1379434810751664819 0.008941898 -0.043810185 -0.9931611 
185146753704056 1379434810814653101 0.01996988 -0.045729112 -0.99318093 
185146830096547 1379434810877885523 0.026946338 -0.045709502 -0.99281144 
185146880607764 1379434810941819849 0.026682762 -0.04381133 -0.9919017 
185146943266087 1379434811004991235 0.030641004 -0.043455087 -0.98998773 
185147007145228 1379434811068986597 0.03300679 -0.04466867 -0.9866848 
185147069620429 1379434811132157983 0.028122189 -0.04278821 -0.98269826 
185147133926854 1379434811196122827 0.0244443 -0.035543732 -0.9785616 
185147197195586 1379434811259294214 0.035334688 -0.023362653 -0.9747042 
185147261837735 1379434811323259058 0.04303471 -0.01100969 -0.9688416 
185147325320109 1379434811386399927 0.03323648 -0.0030139505 -0.9597844 
185147400583347 1379434811450364771 0.026825113 -5.61663E-4 -0.94742614 
185147476609595 1379434811513627710 0.02565817 -0.0033035786 -0.9318782 
185147515034743 1379434811577531519 0.017116293 -0.00935665 -0.9132301 
185147578272956 1379434811640672388 0.0068619456 -0.01611352 -0.89325553 
185147642793022 1379434811704667749 7.2499877E-4 -0.021337546 -0.8727638 
185147705359786 1379434811767839136 -0.008221922 -0.020176599 -0.85333604 
185147770398700 1379434811831803980 -0.009540818 -0.016396245 -0.83138627 
185147834399919 1379434811894975366 -0.0016367044 -0.017841749 -0.8040941 
185147897393968 1379434811959001245 0.0050738333 -0.02516418 -0.7772592 
185147961028946 1379434812022081079 0.008125903 -0.026588293 -0.75832105 
185148029272497 1379434812086076440 0.01170464 -0.022554152 -0.74146616 
185148087230685 1379434812149217310 0.021375466 -0.01706115 -0.7236384 
185148153704056 1379434812213361410 0.0253377 -0.011091379 -0.70816946 
185148217400072 1379434812276563315 0.02603863 -0.0044693914 -0.6949419 
185148283476679 1379434812340528158 0.027663214 -0.0011495184 -0.6806091 
185148344578464 1379434812403669028 0.030690158 3.2272612E-4 -0.66664064 
185148406656902 1379434812467664389 0.029609548 1.1883709E-4 -0.6542392 
185148469925633 1379434812530835776 0.026341585 -0.0031168768 -0.6426031 
185148539878326 1379434812594770102 0.031591155 -0.0031517015 -0.6330008 
185148599637216 1379434812657972006 0.037994098 -0.0061144396 -0.62726986 
185148659701308 1379434812721936850 0.04135716 -0.011133272 -0.62496394 
185148726388323 1379434812785108237 0.046583742 -0.012245514 -0.6248788 
185148790511625 1379434812849042563 0.050431732 -0.013825981 -0.6230822 
185148853475152 1379434812912244467 0.050751407 -0.016144995 -0.61866546 
185148915278907 1379434812976178793 0.048775524 -0.021062925 -0.6136805 
185148977174221 1379434813039393005 0.046313025 -0.024428848 -0.6091172 
185149043708633 1379434813103388366 0.03878441 -0.027133394 -0.6047117 
185149107007886 1379434813166559753 0.026064591 -0.031220559 -0.6003967 
185149189229768 1379434813230524597 0.023730725 -0.027876701 -0.59849083 
185149235834378 1379434813293695983 0.034743946 -0.019800505 -0.5993621 
185149296081592 1379434813357630310 0.03882461 -0.023933167 -0.5985264 
185149363592657 1379434813420832214 0.039597284 -0.02828298 -0.59663576 
185149422832699 1379434813484797058 0.048851617 -0.022279302 -0.5933712 
185149493884127 1379434813547968444 0.05377905 -0.019329067 -0.5864518 
185149553307291 1379434813611933288 0.057046723 -0.018559467 -0.5761896 
185149616820185 1379434813675104675 0.06310531 -0.012966522 -0.56804854 
185149678990183 1379434813739069519 0.06665379 -0.0072943363 -0.5618354 
185149763470574 1379434813802332458 0.068730414 -0.0039927377 -0.55373406 
185149805252963 1379434813866205749 0.061893333 -0.0032206378 -0.54515445 
185149866659954 1379434813929377136 0.05776609 4.6220848E-5 -0.5384051 
185149930569612 1379434813993280944 0.05144893 -0.0040443903 -0.53155667 
185149995089681 1379434814056513366 0.037087284 -0.0148201035 -0.52605414 
185150058877258 1379434814120478210 0.035290267 -0.014457807 -0.523657 
185150123946693 1379434814183649597 0.03666521 -0.0107368175 -0.52360547 
185150187856352 1379434814247583923 0.03255136 -0.013905311 -0.5218785 
185150249782187 1379434814310785827 0.031499 -0.016171413 -0.5192075 
185150380500942 1379434814374781188 0.03229724 -0.016565034 -0.51607615 
185150440412434 1379434814501856384 0.022322716 -0.013473302 -0.5239682 
185150503742206 1379434814565027771 0.031560842 8.6534885E-4 -0.5343969 
185150567529784 1379434814629140439 0.036653932 0.0025780993 -0.5401738 
185150630645914 1379434814692342344 0.03182475 -0.0040034745 -0.54512745 
185150695837429 1379434814756307187 0.039137825 0.0021935294 -0.55177194 
185150758556795 1379434814819478574 0.04827942 0.008612984 -0.55460113 
185150824602880 1379434814883443418 0.04831528 0.009940219 -0.55656284 
185150886956001 1379434814946645322 0.051008776 0.014842775 -0.55989325 
185150953459891 1379434815010610166 0.05779217 0.017433276 -0.56178015 
185151031042679 1379434815073751035 0.05731151 0.016262576 -0.5632494 
185151076029707 1379434815137685361 0.051763613 0.016350616 -0.5691771 
185151138901674 1379434815200887265 0.053642523 0.017522333 -0.5767869 
185151203787986 1379434815264852109 0.06307902 0.016176596 -0.5829761 
185151267697645 1379434815328023496 0.05368567 0.0014162633 -0.5893867 
185151329867645 1379434815391988340 0.04055019 -0.015002611 -0.59547484 
185151393197417 1379434815455233069 0.04145581 -0.017147472 -0.6017367 
185151457778525 1379434815519167396 0.042831603 -0.01544198 -0.6050051 
185151522481714 1379434815582369300 0.041903507 -0.017720276 -0.6034902 
185151588985605 1379434815646334144 0.041503135 -0.021548925 -0.5987733 
185151650758839 1379434815709597083 0.039278183 -0.022714876 -0.59572756 
185151711799583 1379434815773439856 0.027708188 -0.021396127 -0.59939224 
185151777662547 1379434815836641761 0.02270259 -0.011309318 -0.6076065 
185151838886414 1379434815900606605 0.033907376 0.004600707 -0.61422676 
185151901270055 1379434815963777991 0.036505017 0.0021154676 -0.6141323 
185151965637521 1379434816027742835 0.03315351 -0.004929591 -0.61487085 
185152029638741 1379434816090914222 0.04013404 5.2115566E-4 -0.61934614 
185152095104940 1379434816154909583 0.04544434 0.00433581 -0.6206957 
185152209434254 1379434816218050452 0.045861445 0.006826138 -0.62079346 
185152223168423 1379434816281984778 0.04555819 0.0097624045 -0.61887574 
185152282896791 1379434816345186683 0.04306092 0.0117197335 -0.61469233 
185152348027266 1379434816409151526 0.03800297 0.012077795 -0.6072696 
185152415080523 1379434816472322913 0.03575221 0.013554312 -0.5988249 
185152477525205 1379434816536318274 0.04142836 0.015938504 -0.59418833 
185152540244572 1379434816599489661 0.039334226 0.012676238 -0.59247136 
185152602323008 1379434816663423987 0.035070263 0.011925634 -0.5922365 
185152667026198 1379434816726625892 0.038314525 0.0146008665 -0.590278 
185152730905336 1379434816790560218 0.036606096 0.01193186 -0.5842429 
185152813340862 1379434816853792640 0.03226968 0.006258159 -0.57629985 
185152856496670 1379434816917696448 0.027785834 0.0024143318 -0.57080853 
185152920131645 1379434816980867835 0.015888276 -0.0014007641 -0.57019776 
185152982118522 1379434817044983073 -4.781297E-4 -0.0025806036 -0.57580674 
185153047126914 1379434817108184977 0.002430917 0.011823103 -0.5876526 
185153111311257 1379434817172149821 0.015497486 0.02189487 -0.59581095 
185153176533294 1379434817235321208 0.015700476 0.014432083 -0.60082215 
185153237879242 1379434817299255534 0.019073375 0.014505844 -0.6111072 
185153302796074 1379434817362457438 0.029467715 0.019168492 -0.6202595 
185153405100363 1379434817426391764 0.034954943 0.01958573 -0.6252262 
185153427929601 1379434817489563151 0.036498386 0.020790081 -0.6286042 
185153490526884 1379434817553527995 0.037590336 0.020958371 -0.6300954 
185153557885346 1379434817616699381 0.03911704 0.019092988 -0.62895197 
185153619139733 1379434817680694743 0.036394663 0.01791873 -0.6299116 
185153684117606 1379434817743866129 0.03659339 0.021034092 -0.6318954 
185153747905184 1379434817807830973 0.037306804 0.02190985 -0.62933 
185153812089527 1379434817871016980 0.02978509 0.010444018 -0.62336826 
185153875632942 1379434817935012342 0.028816164 0.0051250844 -0.62053436 
185153939664683 1379434817998122693 0.034559306 0.00485679 -0.6183341 
185154032965462 1379434818062148572 0.035633817 0.0026782649 -0.61531717 
185154065805383 1379434818125289441 0.033642363 -6.4369326E-4 -0.611472 
185154132034591 1379434818189254285 0.029910844 -0.004574383 -0.60838455 
185154195486444 1379434818252425672 0.020012397 -0.0056050066 -0.6103476 
185154254238161 1379434818316390515 0.009775581 -0.0033239487 -0.6160079 
185154321199859 1379434818379561902 0.013273626 0.0059548933 -0.6239997 
185154382606847 1379434818443496228 0.020426078 0.0077926735 -0.62718594 
185154446211304 1379434818505324842 0.022379586 0.0011997577 -0.6275298 
185154511067094 1379434818570693494 0.029866481 0.0030406462 -0.6334558 
185154579646371 1379434818633864881 0.039626077 0.0077539617 -0.6393371 
185154636170102 1379434818697799207 0.043140758 0.008264794 -0.6417228 
185154699377792 1379434818760970594 0.044086184 0.0065697827 -0.63989335 
185154763134849 1379434818824935437 0.050045677 0.0057478924 -0.638163 
185154825640573 1379434818888106824 0.05131212 0.0038252654 -0.63809943 
185154889031385 1379434818952071668 0.04406172 0.003341767 -0.63970363 
185154953185208 1379434819015243055 0.048331935 0.010058701 -0.64376867 
185155016942266 1379434819079207898 0.0521684 0.01465827 -0.64746547 
185155082957831 1379434819142379285 0.04261852 0.007469335 -0.6480606 
185155150560457 1379434819206374646 0.040923826 3.371622E-4 -0.64514905 
185155238092884 1379434819269698621 0.042512808 -0.003801851 -0.6389174 
185155275907625 1379434819333449842 0.036566183 -0.010144261 -0.6310803 
185155335361311 1379434819396651746 0.028420098 -0.013834913 -0.6265793 
185155398599521 1379434819460616590 0.0148849115 -0.014321697 -0.62729084 
185155462814387 1379434819524000342 0.0016005253 -0.0094489055 -0.6322829 
185155527029249 1379434819587965186 0.007605768 0.006707576 -0.63992846 
185155598599522 1379434819651319678 0.015218421 0.011127534 -0.6397874 
185155668674297 1379434819714704688 0.011465873 0.0021378598 -0.6348841 
185155725838955 1379434819778455909 0.016418865 0.0028197244 -0.6350611 
185155802963936 1379434819842634376 0.02657351 0.007949897 -0.6363048 
185155907252047 1379434819905439551 0.033016566 0.010464082 -0.6346053 
185155916499720 1379434819969343360 0.036093082 0.011319304 -0.62851185 
185155969696729 1379434820032545264 0.03763566 0.011151718 -0.6202682 
185156034827205 1379434820096510108 0.030640582 0.007855659 -0.6120054 
185156098187498 1379434820159681495 0.023681061 0.0069983923 -0.60700554 
185156176594334 1379434820223920997 0.028962169 0.013883442 -0.6083461 
185156238214965 1379434820287000831 0.028618345 0.011384149 -0.6086827 
185156302673991 1379434820351057227 0.024153145 0.0038509306 -0.60678434 
185156366827815 1379434820414121569 0.027381705 0.0020443865 -0.6049206 
185156437848721 1379434820478239000 0.032991886 0.001740342 -0.6013099 
185156489092426 1379434820541135729 0.035397056 -8.785506E-4 -0.5953492 
185156543479729 1379434820605070055 0.034242406 -0.005497201 -0.58998245 
185156605436086 1379434820668241442 0.030163776 -0.0016913414 -0.5924957 
185156676395951 1379434820732206285 0.019322747 0.0020446058 -0.5995138 
185156737345135 1379434820795377672 0.015099583 0.009589361 -0.6086592 
185156801224274 1379434820859342516 0.023422526 0.017763961 -0.6135172 
185156868979501 1379434820922544420 0.028838344 0.012979301 -0.6106201 
185156939512081 1379434820986753404 0.035827074 0.007686801 -0.6088817 
185157011784322 1379434821049802721 0.044681326 0.0066875354 -0.6090433 
185157059609747 1379434821113920153 0.04560905 0.005506432 -0.6083123 
185157130935856 1379434821176786363 0.043333042 0.0085930955 -0.60650444 
185157178272955 1379434821240751207 0.04222376 0.013136227 -0.60118926 
185157243311868 1379434821303892076 0.039757337 0.017270248 -0.5946013 
185157310914493 1379434821367887438 0.033458587 0.019026263 -0.5878269 
185157382912051 1379434821431058824 0.032111835 0.019745313 -0.58384085 
185157448317208 1379434821495237291 0.038501624 0.01946299 -0.5836189 
185157509205351 1379434821558378160 0.036539797 0.013281748 -0.5844801 
185157569208403 1379434821622404039 0.030062167 0.007657761 -0.590134 
185157626250979 1379434821685331285 0.033385962 0.008715013 -0.59730947 
185157710792411 1379434821749296129 0.0387606 0.011613777 -0.602252 
185157752391678 1379434821812467516 0.039335493 0.009241305 -0.60355467 
185157814714279 1379434821876401842 0.037997723 0.0053124833 -0.60178685 
185157877983010 1379434821939603746 0.028840682 0.0032464687 -0.60255855 
185157941892671 1379434822003780578 0.018096747 0.007940143 -0.60978776 
185158011601201 1379434822066951965 0.026091415 0.020318002 -0.61711484 
185158081309730 1379434822130916809 0.034555577 0.01821321 -0.61649454 
185158149370161 1379434822194240783 0.035867967 0.00922502 -0.6188884 
185158208488122 1379434822258327697 0.04708281 0.010661135 -0.62786186 
185158271024366 1379434822321407531 0.058420777 0.010843765 -0.6330121 
185158338504909 1379434822385585998 0.06193847 0.007676809 -0.63384175 
185158388771961 1379434822448391174 0.061838392 0.005882652 -0.6331625 
185158454848569 1379434822512325500 0.06533275 0.007205438 -0.63202614 
185158518330942 1379434822575496887 0.06586238 0.008707572 -0.62965566 
185158586666057 1379434822639736389 0.06437793 0.012964125 -0.62814254 
185158652071214 1379434822702846740 0.06703153 0.0160578 -0.62784946 
185158716652322 1379434822766903137 0.06365339 0.007271291 -0.6264688 
185158778333994 1379434822829967272 0.060979914 -3.904116E-4 -0.62659776 
185158842701459 1379434822894023669 0.062679134 -0.0042892806 -0.6268334 
185158906366957 1379434822957103503 0.060969982 -0.009134469 -0.6266643 
185158967651864 1379434823021220934 0.057448465 -0.012488025 -0.6275638 
185159075816064 1379434823084117663 0.05435009 -0.01265579 -0.6303487 
185159085552063 1379434823148021471 0.045565687 -0.009519157 -0.6371292 
185159149125998 1379434823211192858 0.03344869 -0.003419091 -0.6462029 
185159218163080 1379434823275157702 0.035686463 0.0067894813 -0.65302765 
185159279936314 1379434823338329088 0.042032726 0.013938451 -0.65440303 
185159340885498 1379434823402293932 0.038020033 0.012123081 -0.6542039 
185159423107381 1379434823465465319 0.039173342 0.013772792 -0.6581372 
185159479905794 1379434823529735338 0.047324125 0.016237743 -0.6606327 
185159544517421 1379434823592784655 0.04975135 0.010686214 -0.6587764 
185159607999797 1379434823656902086 0.04965227 0.0046822615 -0.65561265 
185159667728165 1379434823719951403 0.05229386 0.0034298662 -0.652011 
185159737436697 1379434823783702624 0.051438913 0.005229518 -0.6480176 
185159788710921 1379434823846843493 0.0443863 0.008398059 -0.64474034 
185159853627753 1379434823910838854 0.04107908 0.009758028 -0.6396574 
185159916591281 1379434823974010241 0.046819873 0.009633038 -0.6313788 
185159976869017 1379434824037975085 0.04416845 0.0010798279 -0.6210814 
185160047218475 1379434824101329577 0.034351572 -0.0140538905 -0.61268944 
185160104993540 1379434824165111315 0.03607133 -0.019173712 -0.6100213 
185160168903199 1379434824228374254 0.040020604 -0.020231295 -0.6084958 
185160233881073 1379434824292247545 0.03755046 -0.024449805 -0.60598 
185160401895722 1379434824355510485 0.035876174 -0.026922667 -0.6042493 
185160420482629 1379434824482767318 0.031111028 -0.018215511 -0.61847746 
185160484422808 1379434824546732161 0.037001666 -0.0029212218 -0.63017005 
185160547508418 1379434824609903548 0.047310255 0.0031455285 -0.63222045 
185160616240297 1379434824673807357 0.04061441 -0.012655632 -0.62845176 
185160675449820 1379434824737039779 0.03971948 -0.019845145 -0.62934196 
185160738382827 1379434824801004622 0.049802423 -0.012306449 -0.6342461 
185160801498957 1379434824864176009 0.053656373 -0.009192219 -0.635461 
185160865835901 1379434824928140853 0.054705407 -0.0064884177 -0.63541186 
185160931393661 1379434824991312240 0.055503182 -0.0027745597 -0.63440007 
185161013798668 1379434825055216048 0.05605947 6.5867926E-6 -0.6312203 
185161057717483 1379434825118448470 0.054815393 0.0013909236 -0.6275814 
185161119673839 1379434825182413314 0.050605047 -0.001500452 -0.622673 
