#SysTm EventTmStmp Mag:x Mag:y Mag:z
42916298530671 42915913221000 3.78 -39.3 -18.779999 
42916311509338 42915980072000 3.78 -39.18 -18.66 
42916319751963 42916046755000 3.78 -39.18 -18.72 
42916342160254 42916113680000 3.72 -39.36 -18.84 
42916351385421 42916180661000 3.54 -39.239998 -18.84 
42916390993754 42916248887000 3.24 -39.12 -18.96 
42916414812879 42916315348000 2.8799999 -38.94 -19.08 
42916437828088 42916382290000 2.34 -38.579998 -19.199999 
42916465606129 42916450175000 1.74 -38.34 -19.439999 
42916517197338 42916515797000 1.0799999 -38.16 -19.619999 
42916585713463 42916583363000 0.29999998 -37.92 -19.8 
42916651930046 42916649589000 -0.42 -37.559998 -19.74 
42916718282129 42916716388000 -1.1999999 -37.38 -19.8 
42916784653129 42916783095000 -1.92 -37.32 -19.859999 
42916851380588 42916849907000 -2.6399999 -37.079998 -19.859999 
42916918237796 42916916848000 -3.3 -36.899998 -19.859999 
42916987675421 42916984838000 -3.78 -36.78 -19.92 
42917052701546 42917050618000 -4.44 -36.78 -20.1 
42917118736255 42917117369000 -5.16 -36.66 -19.98 
42917185629756 42917183810000 -5.64 -36.48 -19.859999 
42917252438714 42917250818000 -6.12 -36.54 -19.74 
42917318296297 42917317157000 -6.54 -36.48 -19.56 
42917385825756 42917383954000 -6.8399997 -36.48 -19.38 
42917453284422 42917450859000 -7.2 -36.6 -19.199999 
42917519255672 42917517854000 -7.3799996 -36.719997 -18.96 
42917585724673 42917584296000 -7.56 -36.78 -18.779999 
42917652765463 42917651088000 -7.56 -36.96 -18.42 
42917719357380 42917717827000 -7.56 -37.14 -18.24 
42917786668422 42917784719000 -7.3799996 -37.079998 -18.06 
42917854161172 42917851741000 -7.2599998 -37.079998 -17.94 
42917919432006 42917918167000 -7.2 -36.899998 -18.0 
42917986841172 42917985056000 -7.2599998 -36.719997 -17.88 
42918054619923 42918052457000 -7.3799996 -36.6 -17.88 
42918119880756 42918118597000 -7.3799996 -36.42 -17.82 
42918187154465 42918185458000 -7.44 -36.42 -17.76 
42918255928257 42918252269000 -7.56 -36.12 -17.699999 
42918320273007 42918318906000 -7.5 -35.94 -17.88 
42918387545548 42918385772000 -7.44 -35.7 -18.06 
42918453856214 42918452563000 -7.44 -35.28 -18.119999 
42918520616548 42918519354000 -7.3799996 -35.04 -18.24 
42918587649923 42918586105000 -7.62 -34.68 -18.18 
42918654771839 42918652909000 -7.68 -34.38 -18.24 
42918722073007 42918719979000 -7.9199996 -33.96 -18.42 
42918789305715 42918786435000 -8.22 -33.48 -18.42 
42918855534215 42918854188000 -8.4 -33.12 -18.359999 
42918922602131 42918920897000 -8.82 -32.7 -18.42 
42918988418298 42918986689000 -9.179999 -32.52 -18.3 
42919055601882 42919053568000 -9.54 -32.46 -18.18 
42919123655881 42919120264000 -9.84 -32.28 -18.0 
42919189724173 42919187026000 -9.96 -32.1 -17.82 
42919255541757 42919253800000 -9.96 -31.92 -17.88 
42919322764673 42919320630000 -10.0199995 -31.98 -17.82 
42919389701006 42919387386000 -10.2 -32.04 -17.699999 
42919457022507 42919454127000 -10.26 -32.04 -17.4 
42919524309798 42919521221000 -10.44 -32.219997 -17.1 
42919590746382 42919587996000 -10.5 -32.28 -16.8 
42919656618715 42919654477000 -10.44 -32.399998 -16.68 
42919724466673 42919722067000 -10.38 -32.64 -16.44 
42919789847340 42919788094000 -10.08 -32.7 -16.26 
42919857761923 42919855475000 -9.84 -33.0 -16.199999 
42919924306007 42919921522000 -9.42 -33.42 -16.199999 
42919993020089 42919988512000 -9.0 -33.78 -16.08 
42920065640590 42920055182000 -8.46 -34.2 -16.08 
42920124125339 42920122400000 -7.98 -34.2 -16.02 
42920190301340 42920188665000 -7.5 -34.32 -16.14 
42920258550674 42920255535000 -7.2 -34.68 -16.38 
42920323304091 42920322143000 -6.7799997 -34.92 -16.5 
42920390817174 42920389087000 -6.48 -35.1 -16.619999 
42920458396674 42920456308000 -6.18 -35.16 -16.74 
42920530537258 42920523414000 -5.7599998 -35.399998 -17.1 
42920593630174 42920589803000 -5.4 -35.64 -17.46 
42920658911132 42920656349000 -5.1 -35.88 -17.76 
42920726248674 42920724052000 -4.68 -36.12 -18.24 
42920794859382 42920791869000 -4.38 -36.36 -18.539999 
42920858046757 42920856487000 -4.14 -36.48 -18.72 
42920925176133 42920923283000 -3.84 -36.48 -19.02 
42920992041174 42920990365000 -3.6599998 -36.48 -19.439999 
42921058238424 42921057119000 -3.3 -36.6 -19.74 
42921135380966 42921126995000 -3.06 -36.6 -19.98 
42921192843299 42921191635000 -2.82 -36.719997 -20.4 
42921260271675 42921258930000 -2.58 -36.899998 -20.58 
42921333654174 42921326062000 -2.34 -36.84 -20.64 
42921397821383 42921391922000 -2.22 -36.78 -20.699999 
42921463666132 42921458634000 -2.04 -36.6 -20.82 
42921535641841 42921526558000 -1.74 -36.78 -21.06 
42921600469425 42921592433000 -1.74 -36.6 -21.119999 
42921664478757 42921659196000 -1.56 -36.66 -21.24 
42921731630716 42921726272000 -1.5 -36.6 -21.539999 
42921803680424 42921792855000 -1.4399999 -36.66 -21.539999 
42921876542424 42921860970000 -1.5 -36.54 -21.72 
42921931376841 42921926120000 -1.4399999 -36.719997 -21.84 
42921998741424 42921992973000 -1.38 -36.78 -21.84 
42922065172466 42922059774000 -1.4399999 -36.899998 -21.779999 
42922130981340 42922126377000 -1.5 -36.96 -21.779999 
42922200228591 42922193306000 -1.5 -36.96 -21.6 
42922265369591 42922260154000 -1.5 -37.14 -21.48 
42922331718341 42922326694000 -1.62 -37.2 -21.6 
42922402163132 42922394509000 -1.62 -37.26 -21.6 
42922465872632 42922460521000 -1.68 -37.38 -21.66 
42922530807924 42922527102000 -1.74 -37.62 -21.48 
42922599786132 42922593991000 -1.86 -37.68 -21.359999 
42922664973840 42922660779000 -1.92 -37.86 -21.24 
42922730855049 42922727373000 -1.9799999 -37.98 -21.18 
42922799057091 42922794305000 -2.04 -37.98 -20.88 
42922867329757 42922861258000 -2.22 -37.98 -20.699999 
42922936146882 42922928860000 -2.1599998 -38.16 -20.4 
42922997861716 42922994600000 -2.34 -38.16 -20.16 
42923066655841 42923061527000 -2.58 -38.16 -19.98 
42923133395674 42923129344000 -2.58 -38.16 -19.68 
42923206558257 42923196266000 -2.82 -38.1 -19.56 
42923265636174 42923264281000 -3.12 -38.04 -19.439999 
42923336013757 42923330586000 -3.12 -38.219997 -19.26 
42923399465717 42923397314000 -3.12 -38.219997 -19.02 
42923467732425 42923464676000 -3.0 -38.219997 -18.72 
42923532717134 42923531455000 -3.0 -38.28 -18.48 
42923599430883 42923598245000 -3.0 -38.34 -18.3 
42923666244092 42923664989000 -2.82 -38.52 -18.119999 
42923732912550 42923731804000 -2.6399999 -38.7 -17.82 
42923799973842 42923798660000 -2.34 -38.64 -17.46 
42923867012884 42923865573000 -2.1 -38.76 -16.98 
42923933843425 42923932266000 -1.92 -38.94 -16.8 
42924000365633 42923998983000 -1.86 -38.879997 -16.68 
42924067636592 42924066209000 -1.74 -39.059998 -16.44 
42924133690634 42924132433000 -1.62 -39.18 -16.08 
42924200725884 42924199314000 -1.68 -39.239998 -15.96 
42924267603425 42924266164000 -1.74 -39.36 -15.78 
42924333894758 42924332735000 -1.74 -39.42 -15.599999 
42924416255925 42924399579000 -1.86 -39.3 -15.36 
42924472253800 42924466868000 -2.04 -39.239998 -15.059999 
42924534077883 42924532990000 -2.28 -39.18 -14.82 
42924601583758 42924600167000 -2.3999999 -39.18 -14.759999 
42924670991135 42924666825000 -2.58 -39.12 -14.7 
42924735233593 42924733432000 -2.76 -38.82 -14.46 
42924801574426 42924800206000 -2.9399998 -38.579998 -14.4 
42924868808717 42924867029000 -3.3 -38.34 -14.099999 
42924935160801 42924933729000 -3.4199998 -38.1 -14.099999 
42925002133467 42925000679000 -3.36 -37.86 -14.04 
42925069633633 42925067391000 -3.36 -37.8 -13.98 
42925135292759 42925134016000 -3.24 -37.62 -13.92 
42925202753467 42925201003000 -3.24 -37.5 -14.04 
42925270154550 42925267876000 -3.1799998 -37.26 -13.98 
42925335515300 42925334334000 -3.1799998 -36.96 -13.86 
42925402379467 42925401184000 -3.12 -36.78 -13.799999 
42925469575384 42925467967000 -3.1799998 -36.6 -13.92 
42925535878385 42925534684000 -3.24 -36.36 -14.219999 
42925603129718 42925601562000 -3.4199998 -36.0 -14.4 
42925670386093 42925668564000 -3.54 -35.64 -14.219999 
42925736545051 42925735112000 -3.72 -35.34 -14.34 
42925803349301 42925801931000 -4.02 -35.16 -14.34 
42925879022468 42925868982000 -4.2599998 -34.739998 -14.34 
42925936756968 42925935515000 -4.5 -34.32 -14.58 
42926003827718 42926002335000 -4.56 -34.079998 -14.759999 
42926071251801 42926069265000 -4.74 -33.6 -14.759999 
42926136888968 42926135769000 -4.7999997 -33.059998 -14.94 
42926203709010 42926202496000 -4.98 -32.64 -15.12 
42926281102010 42926269358000 -5.1 -32.04 -15.059999 
42926337844760 42926336166000 -5.04 -31.74 -15.179999 
42926403833010 42926402756000 -4.92 -31.38 -15.36 
42926475922469 42926469582000 -5.1 -30.779999 -15.42 
42926537504260 42926536353000 -4.92 -30.359999 -15.36 
42926605479927 42926603648000 -4.74 -29.88 -15.36 
42926672127010 42926669964000 -4.62 -29.699999 -15.299999 
42926738729843 42926737190000 -4.5 -29.46 -15.48 
42926805180177 42926803534000 -4.38 -29.039999 -15.299999 
42926880438136 42926870438000 -4.2599998 -28.74 -15.24 
42926938684510 42926937393000 -4.08 -28.619999 -15.36 
42927005228761 42927003778000 -3.9599998 -28.68 -15.48 
42927072197135 42927070552000 -3.9599998 -28.56 -15.54 
42927139126010 42927137446000 -4.02 -28.56 -15.66 
42927205515719 42927204127000 -4.02 -28.68 -15.42 
42927272565427 42927270883000 -3.84 -28.8 -15.54 
42927340712969 42927338034000 -3.6 -29.099998 -15.54 
42927406035052 42927404441000 -3.48 -29.279999 -15.36 
42927473237260 42927471728000 -3.4199998 -29.64 -15.12 
42927539260885 42927537969000 -3.1799998 -30.0 -14.94 
42927606213761 42927604766000 -3.12 -30.3 -14.94 
42927672919344 42927671524000 -3.06 -30.72 -14.759999 
42927739585760 42927738365000 -2.76 -31.019999 -14.7 
42927806342261 42927805047000 -2.7 -31.38 -14.7 
42927872943802 42927871763000 -2.3999999 -31.679998 -14.639999 
42927939655594 42927938545000 -2.1 -31.98 -14.82 
42928007880968 42928006075000 -1.8 -32.34 -14.94 
42928073270052 42928072142000 -1.56 -32.579998 -14.94 
42928140114719 42928138912000 -1.56 -33.0 -14.88 
42928208023468 42928205885000 -1.4399999 -33.18 -14.94 
42928274416343 42928272725000 -1.1999999 -33.42 -15.36 
42928340438677 42928339221000 -1.0799999 -33.42 -15.48 
42928407982219 42928406168000 -1.0799999 -33.48 -15.78 
42928475236177 42928472998000 -1.0799999 -33.36 -16.08 
42928541453135 42928540087000 -1.0799999 -33.239998 -16.44 
42928607855594 42928606390000 -1.02 -33.18 -16.92 
42928675486344 42928673451000 -1.02 -33.239998 -17.22 
42928743246885 42928741274000 -1.02 -33.239998 -17.699999 
42928808419552 42928806767000 -1.26 -33.239998 -17.94 
42928925240012 42928874821000 -1.26 -33.12 -18.0 
42928942955220 42928941226000 -1.38 -33.239998 -18.3 
42929008079428 42929007026000 -1.4399999 -33.239998 -18.359999 
42929075385553 42929074063000 -1.5 -33.18 -18.42 
42929141784428 42929140600000 -1.4399999 -33.239998 -18.42 
42929209330178 42929207529000 -1.14 -33.42 -18.48 
42929276283928 42929274477000 -0.96 -33.54 -18.359999 
42929342233178 42929340937000 -1.02 -33.66 -18.3 
42929409215386 42929407728000 -1.14 -34.02 -18.359999 
42929476865428 42929475162000 -1.14 -34.26 -18.359999 
42929543179303 42929541444000 -1.26 -34.559998 -18.359999 
42929609979011 42929608360000 -1.3199999 -34.86 -18.48 
42929677282803 42929674999000 -1.3199999 -35.16 -18.539999 
42929743604053 42929741830000 -1.4399999 -35.399998 -18.48 
42929810808845 42929809135000 -1.38 -35.82 -18.3 
42929886352928 42929876251000 -1.4399999 -35.94 -18.3 
42929944292803 42929942741000 -1.4399999 -36.36 -18.42 
42930011741762 42930010206000 -1.62 -36.719997 -18.72 
42930077778053 42930076198000 -1.8 -36.96 -18.66 
42930144155845 42930142913000 -1.92 -37.38 -18.779999 
42930211323303 42930209816000 -2.22 -37.62 -18.96 
42930278771178 42930276624000 -2.34 -37.86 -19.199999 
42930344395803 42930343242000 -2.28 -38.1 -19.5 
42930411554720 42930410154000 -2.1599998 -38.399998 -19.68 
42930478987053 42930476989000 -2.22 -38.64 -19.74 
42930545387136 42930544115000 -2.28 -38.76 -19.98 
42930612207053 42930610602000 -2.28 -38.94 -20.22 
42930678719553 42930677208000 -2.28 -39.239998 -20.34 
42930745284636 42930743884000 -2.46 -39.54 -20.22 
42930813158428 42930810926000 -2.6399999 -39.84 -20.16 
42930882981011 42930877644000 -2.8799999 -39.78 -20.1 
42930945429761 42930944175000 -2.8799999 -40.02 -20.1 
42931013461637 42931011455000 -3.12 -40.26 -19.98 
42931080488429 42931078773000 -3.1799998 -40.32 -19.74 
42931145872971 42931144610000 -3.36 -40.5 -19.8 
42931213361346 42931211508000 -3.6 -40.44 -19.619999 
42931279800179 42931278262000 -3.6599998 -40.44 -19.38 
42931346192888 42931344895000 -3.9599998 -40.44 -18.96 
42931414296928 42931411961000 -4.3199997 -40.62 -18.779999 
42931481866511 42931478890000 -4.68 -40.5 -18.42 
42931547178720 42931545707000 -4.7999997 -40.379997 -18.06 
42931613829511 42931612708000 -4.74 -40.5 -17.52 
42931679822095 42931678829000 -4.8599997 -40.5 -16.98 
42931747614386 42931745703000 -4.8599997 -40.379997 -16.619999 
42931813639012 42931812376000 -4.68 -40.32 -16.44 
42931880882847 42931879309000 -4.5 -39.96 -16.26 
42931947236596 42931945950000 -4.38 -40.02 -16.199999 
42932014009429 42932012699000 -4.3199997 -39.899998 -16.08 
42932080966096 42932079473000 -4.14 -39.54 -16.02 
42932148070054 42932146572000 -4.02 -39.42 -15.9 
42932214620929 42932213140000 -3.9599998 -39.18 -15.839999 
42932281904179 42932279897000 -3.84 -39.12 -15.719999 
42932347763471 42932346524000 -3.9599998 -38.82 -15.839999 
42932414949054 42932413399000 -4.08 -38.46 -15.96 
42932481967179 42932480206000 -4.14 -38.1 -15.9 
42932548126929 42932546852000 -4.2599998 -37.68 -16.02 
42932616319471 42932613923000 -4.38 -37.559998 -15.96 
42932682621262 42932680902000 -4.68 -37.2 -16.14 
42932748501762 42932747226000 -4.74 -36.84 -16.32 
42932816139846 42932814174000 -4.92 -36.66 -16.38 
42932883281638 42932881306000 -5.16 -36.239998 -16.38 
42932948624096 42932947576000 -5.3399997 -36.12 -16.38 
42933016418804 42933014538000 -5.2799997 -36.0 -16.44 
42933082506846 42933081294000 -5.22 -35.82 -16.5 
42933149170221 42933147990000 -5.16 -35.76 -16.5 
42933217425888 42933215083000 -5.04 -35.579998 -16.38 
42933283086471 42933281631000 -4.92 -35.34 -16.44 
42933349416929 42933348274000 -4.8599997 -35.219997 -16.5 
42933417963305 42933415469000 -4.7999997 -35.34 -16.44 
42933484248221 42933482203000 -4.62 -35.28 -16.5 
42933549834804 42933548622000 -4.44 -35.28 -16.56 
42933618124555 42933615511000 -4.2599998 -35.219997 -16.74 
42933684115555 42933682330000 -4.08 -35.16 -17.1 
42933750556972 42933749010000 -3.84 -35.1 -17.279999 
42933817936597 42933815878000 -3.84 -35.1 -17.46 
42933884387555 42933882699000 -3.6 -34.98 -17.76 
42933951027263 42933949462000 -3.54 -35.1 -17.94 
42934017882305 42934016276000 -3.3 -35.1 -18.0 
42934085537263 42934083185000 -3.36 -34.739998 -18.18 
42934152212264 42934149885000 -3.1799998 -34.86 -18.359999 
42934218230597 42934216620000 -3.12 -35.04 -18.539999 
42934284976638 42934283401000 -3.12 -35.16 -18.72 
42934365747180 42934351356000 -2.8799999 -35.34 -18.9 
42934419010471 42934417732000 -2.76 -35.28 -19.02 
42934485675222 42934484262000 -2.46 -35.28 -19.14 
42934552556097 42934551259000 -2.1599998 -35.46 -19.14 
42934619797513 42934618425000 -2.04 -35.64 -18.96 
42934686533431 42934685111000 -1.8 -35.88 -18.779999 
42934753049222 42934751784000 -1.74 -36.059998 -18.48 
42934824137847 42934819060000 -1.62 -36.12 -17.94 
42934887461430 42934886169000 -1.56 -36.36 -17.52 
42934953637972 42934952121000 -1.62 -36.54 -17.22 
42935020511097 42935018941000 -1.56 -36.36 -16.8 
42935087736972 42935085902000 -1.68 -36.48 -16.74 
42935154442680 42935153024000 -1.74 -36.719997 -16.38 
42935220689847 42935219190000 -1.8 -36.6 -16.14 
42935287626722 42935286255000 -1.92 -36.42 -15.78 
42935354283847 42935353117000 -1.68 -36.36 -15.78 
42935421791431 42935420192000 -1.86 -36.18 -15.42 
42935487541431 42935486235000 -1.9799999 -36.239998 -15.12 
42935554182306 42935552987000 -2.1 -36.18 -14.94 
42935621678847 42935619968000 -2.1599998 -35.94 -14.88 
42935686851139 42935686560000 -2.1599998 -35.7 -14.88 
42935754923722 42935753356000 -2.1599998 -35.52 -14.759999 
42935821448222 42935820082000 -2.1 -35.34 -14.759999 
42935892795472 42935886848000 -2.1 -35.16 -14.82 
42935955494056 42935954129000 -1.9799999 -34.98 -14.94 
42936021458472 42936020332000 -1.8 -34.739998 -15.0 
42936089295639 42936087334000 -1.74 -34.559998 -15.0 
42936155967722 42936154395000 -1.68 -34.32 -15.0 
42936222068347 42936220677000 -1.62 -34.2 -15.12 
42936288719681 42936287412000 -1.62 -34.079998 -15.059999 
42936362512472 42936354296000 -1.62 -33.78 -15.12 
42936422458681 42936421031000 -1.74 -33.42 -14.88 
42936491331181 42936488599000 -1.74 -33.18 -15.0 
42936555702973 42936554444000 -1.8 -33.0 -15.0 
42936622378139 42936621201000 -1.86 -32.7 -15.059999 
42936689640181 42936688171000 -1.86 -32.64 -15.0 
42936756197139 42936754804000 -1.9799999 -32.399998 -14.94 
42936823010098 42936821561000 -2.1599998 -32.16 -15.12 
42936889735514 42936888318000 -2.46 -31.859999 -15.12 
42936966609014 42936955616000 -2.52 -31.619999 -15.179999 
42937025246806 42937022503000 -2.82 -31.38 -15.12 
42937093217973 42937088734000 -3.1799998 -30.9 -15.0 
42937156698598 42937155331000 -3.36 -30.96 -15.12 
42937223576848 42937222129000 -3.72 -30.72 -14.94 
42937290394514 42937288917000 -3.9599998 -30.66 -15.0 
42937357377223 42937355699000 -4.3199997 -30.3 -14.94 
42937423753181 42937422459000 -4.62 -30.3 -15.059999 
42937491144514 42937489697000 -5.04 -30.06 -15.179999 
42937558088348 42937556676000 -5.2799997 -30.0 -15.299999 
42937623857264 42937622670000 -5.52 -29.88 -15.42 
42937691276683 42937689790000 -5.8799996 -29.82 -15.66 
42937757997473 42937756755000 -6.2999997 -29.64 -15.78 
42937824273889 42937822964000 -6.8399997 -29.34 -15.9 
42937891234932 42937889757000 -7.14 -29.279999 -15.9 
42937970722807 42937956575000 -7.68 -29.16 -15.96 
42938025802223 42938024129000 -8.22 -29.22 -16.199999 
42938096524182 42938090988000 -8.639999 -28.92 -16.08 
42938158140890 42938156812000 -9.12 -28.98 -16.08 
42938224969056 42938223615000 -9.719999 -28.92 -16.26 
42938292403307 42938291105000 -10.26 -28.68 -16.32 
42938370157598 42938357107000 -10.98 -28.5 -16.26 
42938425345265 42938424023000 -11.46 -28.26 -16.26 
42938491986348 42938490657000 -11.94 -28.019999 -16.44 
42938559421973 42938557933000 -12.48 -27.84 -16.619999 
42938626087932 42938624767000 -12.96 -27.66 -16.74 
42938692145765 42938690934000 -13.559999 -27.18 -16.74 
42938760583307 42938758599000 -14.16 -26.88 -16.619999 
42938826531057 42938825286000 -14.58 -26.64 -16.56 
42938899182598 42938891413000 -15.179999 -26.4 -16.56 
42938960830224 42938959031000 -15.9 -25.98 -16.38 
42939026355099 42939024995000 -16.44 -25.68 -16.32 
42939093623974 42939092200000 -16.98 -25.32 -16.32 
42939161008183 42939159167000 -17.52 -25.019999 -16.56 
42939226637016 42939225269000 -18.119999 -24.66 -16.8 
42939293417224 42939292025000 -18.6 -24.18 -16.859999 
42939360362558 42939358821000 -18.96 -23.82 -17.16 
42939427225725 42939425814000 -19.32 -23.1 -17.58 
42939493829266 42939492333000 -19.8 -22.68 -18.119999 
42939573019433 42939559221000 -20.279999 -22.02 -18.48 
42939627975975 42939626625000 -20.58 -21.539999 -18.84 
42939694823974 42939692886000 -20.939999 -20.82 -19.02 
42939760701892 42939759393000 -21.359999 -20.279999 -19.14 
42939827298267 42939826100000 -21.72 -19.619999 -19.5 
42939894761433 42939893303000 -22.08 -18.96 -19.92 
42939961601308 42939959763000 -22.38 -18.24 -20.34 
42940027576933 42940026401000 -22.56 -17.58 -20.939999 
42940094595849 42940093189000 -22.8 -16.8 -21.3 
42940161875058 42940160140000 -22.92 -15.9 -21.779999 
42940228475391 42940227112000 -23.1 -15.12 -22.02 
42940295382016 42940293959000 -23.1 -14.28 -22.32 
42940362328017 42940360600000 -23.16 -13.559999 -22.619999 
42940428189767 42940427079000 -23.279999 -12.9 -22.8 
42940496625267 42940493953000 -23.34 -12.54 -22.8 
42940582276433 42940561156000 -23.34 -12.059999 -22.74 
42940628779349 42940627411000 -23.58 -11.639999 -22.38 
42940696348558 42940694414000 -23.76 -11.34 -22.26 
42940764061224 42940761657000 -23.939999 -11.099999 -22.14 
42940829068933 42940827743000 -24.0 -10.8 -22.14 
42940895791641 42940894446000 -24.119999 -10.5 -22.08 
42940965215016 42940961326000 -24.3 -9.9 -21.779999 
42941036944641 42941028004000 -24.3 -9.42 -21.539999 
42941101208058 42941095227000 -24.3 -9.0 -21.42 
42941173418641 42941162042000 -24.359999 -8.7 -21.42 
42941229676850 42941228368000 -24.3 -8.4 -21.48 
42941300602141 42941295136000 -24.24 -7.98 -21.48 
42941362982433 42941361837000 -24.3 -7.7999997 -21.48 
42941429939267 42941428655000 -24.3 -7.56 -21.6 
42941496758517 42941495467000 -24.42 -7.3199997 -21.6 
42941563360267 42941562201000 -24.359999 -6.72 -21.779999 
42941647101476 42941629144000 -24.42 -6.12 -21.84 
42941716318476 42941695918000 -24.24 -5.52 -22.14 
42941787202309 42941762487000 -24.18 -4.7999997 -22.32 
42941850940350 42941829399000 -24.119999 -3.8999999 -22.32 
42941897782225 42941896228000 -24.119999 -3.1799998 -22.5 
42941963894142 42941962725000 -24.0 -2.52 -22.619999 
42942031178892 42942029591000 -23.82 -1.9799999 -23.039999 
42942097869850 42942096390000 -23.64 -1.4399999 -23.4 
42942164456350 42942163110000 -23.46 -0.96 -23.58 
42942231449476 42942229897000 -23.279999 -0.35999998 -23.76 
42942365184850 42942363511000 -23.1 0.29999998 -24.119999 
42942432382809 42942430274000 -22.859999 0.65999997 -24.42 
42942510167434 42942496988000 -22.619999 1.38 -24.539999 
42942565197726 42942563712000 -22.32 1.9799999 -24.72 
42942632726392 42942630529000 -21.96 2.46 -24.84 
42942699355392 42942698028000 -21.72 2.8799999 -25.019999 
42942767911017 42942766501000 -21.539999 3.24 -25.199999 
42942833612559 42942831752000 -21.359999 3.48 -25.32 
42942899682517 42942898377000 -21.119999 3.78 -25.68 
42942966572101 42942965239000 -20.76 4.08 -25.859999 
42943033625976 42943031973000 -20.58 4.38 -25.92 
42943100547185 42943098723000 -20.4 4.56 -25.98 
42943166587685 42943165472000 -20.46 4.56 -25.98 
42943233861851 42943232394000 -20.22 4.7999997 -26.099998 
42943301996143 42943300838000 -20.16 4.98 -26.099998 
42943367831309 42943366563000 -20.16 5.4 -25.859999 
42943436980060 42943434240000 -20.16 5.8199997 -25.8 
42943501864893 42943500526000 -20.4 6.24 -25.619999 
42943568457767 42943566805000 -20.52 6.42 -25.5 
42943635840726 42943633708000 -20.76 6.6 -25.32 
42943702288392 42943700576000 -21.119999 6.8999996 -24.96 
42943769815267 42943767395000 -21.119999 7.08 -24.539999 
42943836098185 42943834072000 -21.119999 7.08 -24.24 
42943902588810 42943900841000 -21.18 7.2599998 -24.18 
42943969946393 42943967951000 -21.24 7.2599998 -23.82 
42944040647810 42944038077000 -21.3 7.2599998 -23.58 
42944102602643 42944101177000 -21.42 7.3799996 -23.34 
42944169399435 42944167891000 -21.359999 7.3799996 -23.16 
42944236004060 42944234639000 -21.24 7.62 -22.859999 
42944303205102 42944301486000 -21.18 7.7999997 -22.74 
42944371804602 42944369711000 -21.119999 7.7999997 -22.619999 
42944437616227 42944436244000 -20.939999 7.7999997 -22.439999 
42944504530143 42944503060000 -20.82 7.74 -22.439999 
42944594636060 42944571523000 -20.58 7.74 -22.38 
42944638162560 42944636670000 -20.52 7.8599997 -22.32 
42944704841560 42944703479000 -20.22 7.9199996 -22.26 
42944772402935 42944770319000 -19.98 7.8599997 -22.32 
42944838637268 42944837030000 -19.859999 7.8599997 -22.439999 
42944906265435 42944903759000 -19.74 8.28 -22.5 
42944972262601 42944970568000 -19.619999 8.5199995 -22.5 
42945039430352 42945037389000 -19.619999 8.82 -22.439999 
42945105505770 42945104003000 -19.56 9.24 -22.26 
42945172302311 42945170867000 -19.5 9.54 -22.32 
42945240313269 42945237781000 -19.56 9.78 -22.26 
42945305717935 42945304283000 -19.74 9.719999 -22.32 
42945372470518 42945371144000 -20.1 9.78 -22.08 
42945441274144 42945439260000 -20.22 9.84 -22.02 
42945508909518 42945507552000 -20.46 10.0199995 -21.96 
42945605827685 42945573471000 -20.52 10.2 -21.96 
42945647037477 42945640709000 -20.64 10.32 -21.84 
42945709547768 42945708044000 -20.64 10.5 -21.96 
42945774927435 42945773718000 -20.939999 10.74 -21.84 
42945841877394 42945840573000 -21.06 10.92 -21.96 
42945908882935 42945907351000 -21.42 11.16 -21.96 
42945975531186 42945974133000 -21.72 11.04 -21.84 
42946042045477 42946040869000 -21.96 11.16 -21.72 
42946109903685 42946107726000 -22.08 11.4 -21.84 
42946175691102 42946174416000 -22.26 11.34 -21.9 
42946243723060 42946241534000 -22.26 11.46 -21.9 
42946309605060 42946308174000 -22.38 11.82 -22.02 
42946377136477 42946374923000 -22.38 12.179999 -21.96 
42946443451852 42946441636000 -22.439999 12.36 -22.02 
42946511258352 42946508593000 -22.5 12.599999 -22.14 
42946595125853 42946576515000 -22.619999 12.719999 -22.26 
42946644714019 42946643189000 -22.8 12.9 -22.14 
42946711696769 42946709944000 -22.859999 12.96 -22.26 
42946778840686 42946777363000 -22.98 13.08 -22.439999 
42946848365019 42946846892000 -22.859999 13.2 -22.619999 
42946916025936 42946910627000 -22.92 13.2 -22.74 
42946978993353 42946977261000 -22.8 13.2 -22.92 
42947048679478 42947046343000 -22.619999 13.5 -23.34 
42947112210686 42947110757000 -22.56 13.86 -23.4 
42947180907228 42947179617000 -22.32 13.92 -23.46 
42947249494603 42947248149000 -22.32 14.16 -23.58 
42947315385978 42947313853000 -22.5 14.219999 -23.76 
42947381927561 42947380620000 -22.439999 14.34 -23.88 
42947451905269 42947449517000 -22.38 14.46 -24.0 
42947515869061 42947514262000 -22.14 14.7 -24.119999 
42947582327561 42947581040000 -22.02 15.0 -24.24 
42947649920020 42947647824000 -21.9 15.12 -24.3 
42947716251896 42947715057000 -21.9 15.36 -24.42 
42947783175520 42947782061000 -21.9 15.48 -24.48 
42947850409729 42947848957000 -21.779999 15.54 -24.48 
42947918266478 42947915964000 -21.66 15.48 -24.539999 
42947983847061 42947982422000 -21.6 15.48 -24.72 
42948070992103 42948058417000 -21.359999 15.42 -24.84 
42948126162478 42948124764000 -21.359999 15.12 -24.72 
42948203807728 42948193488000 -21.3 14.759999 -24.9 
42948266563312 42948258851000 -21.42 14.46 -25.08 
42948331074353 42948325433000 -21.24 14.16 -25.38 
42948398570103 42948392150000 -21.18 13.86 -25.5 
42948460436562 42948458877000 -21.06 13.44 -25.68 
42948531550437 42948526251000 -21.0 13.0199995 -25.8 
42948623536437 42948593197000 -21.06 12.54 -25.98 
42948679690312 42948661026000 -21.18 12.059999 -26.039999 
42948730738104 42948726665000 -21.18 11.759999 -26.16 
42948799515395 42948792948000 -20.88 11.28 -26.4 
42948867128437 42948859767000 -20.88 10.92 -26.46 
42948931708896 42948926405000 -21.119999 10.38 -26.4 
42948998624437 42948993262000 -21.18 10.08 -26.46 
42949065682729 42949060382000 -21.42 9.54 -26.34 
42949130896688 42949126918000 -21.6 9.12 -26.34 
42949200262146 42949193777000 -21.66 8.7 -26.46 
42949265612438 42949260640000 -21.84 8.22 -26.4 
42949330921396 42949327226000 -21.96 7.68 -26.46 
42949405433895 42949394117000 -22.14 7.14 -26.279999 
42949466786270 42949461090000 -22.26 6.54 -26.279999 
42949531631520 42949527519000 -22.32 5.94 -26.279999 
42949629254146 42949594562000 -22.32 5.3399997 -26.4 
42949673274063 42949663232000 -22.32 4.74 -26.58 
42949730957563 42949727819000 -22.26 4.2599998 -26.64 
42949801125397 42949795531000 -22.26 3.72 -26.82 
42949872273813 42949861639000 -22.32 3.24 -26.939999 
42949933157187 42949928230000 -22.32 2.9399998 -27.06 
42949998590479 42949994894000 -22.08 2.6399999 -27.3 
42950064324313 42950061715000 -22.02 2.3999999 -27.42 
42950131228605 42950128562000 -21.72 2.3999999 -27.66 
42950198094563 42950196263000 -21.72 2.3999999 -27.66 
42950265078438 42950262112000 -21.72 2.3999999 -27.72 
42950331219104 42950328916000 -21.66 2.46 -27.96 
42950400596354 42950399048000 -21.6 2.34 -27.9 
42950477115021 42950463378000 -21.6 2.52 -28.019999 
42950533062104 42950529259000 -21.48 2.7 -28.08 
42950644452479 42950597346000 -21.96 2.82 -27.84 
42950676151229 42950663386000 -22.26 3.24 -27.66 
42950731175354 42950730001000 -22.68 3.6 -27.42 
42950802479646 42950796883000 -23.1 3.84 -27.3 
42950864765354 42950863570000 -23.46 4.08 -26.939999 
42950933447729 42950931131000 -23.939999 4.38 -26.58 
42950998370354 42950997312000 -24.359999 4.44 -26.34 
42951065193438 42951064059000 -24.779999 4.56 -26.039999 
42951132737355 42951131206000 -25.26 4.7999997 -25.68 
42951199351313 42951197982000 -25.859999 4.74 -25.38 
42951266544105 42951265347000 -26.4 4.74 -24.96 
42951336491980 42951332604000 -26.939999 4.74 -24.539999 
42951400522314 42951399222000 -27.42 4.68 -24.18 
42951475593814 42951466108000 -27.96 5.04 -23.88 
42951545843355 42951532690000 -28.38 5.1 -23.58 
42951605472814 42951599944000 -28.92 5.16 -23.34 
42951671469272 42951668819000 -29.22 5.3399997 -23.16 
42951737063814 42951734995000 -29.519999 5.46 -22.98 
42951804234438 42951802574000 -29.82 5.22 -22.74 
42951871493147 42951869065000 -30.06 5.16 -22.5 
42951948169480 42951935784000 -30.42 5.16 -22.439999 
42952003245980 42952002982000 -30.66 5.04 -22.38 
42952082002480 42952071597000 -30.96 5.04 -22.26 
42952137110564 42952136022000 -31.199999 5.04 -22.439999 
42952223145605 42952202832000 -31.56 4.74 -22.38 
42952293750355 42952269664000 -31.679998 4.7999997 -22.38 
42952366052439 42952336336000 -31.859999 4.7999997 -22.439999 
42952435422480 42952404121000 -32.04 4.74 -22.68 
42952492425230 42952472115000 -32.399998 4.8599997 -22.56 
42952538746814 42952537580000 -32.34 4.68 -22.68 
42952606935730 42952605448000 -32.76 4.62 -22.8 
42952672254230 42952671079000 -32.76 4.56 -22.74 
42952739493314 42952738310000 -32.82 4.44 -22.859999 
42952821129314 42952804812000 -33.0 4.38 -22.92 
42952872654730 42952871434000 -33.12 4.62 -23.039999 
42952939756147 42952938240000 -33.18 4.5 -23.22 
42953006892397 42953005538000 -33.239998 4.38 -23.4 
42953073642689 42953072256000 -33.36 4.5 -23.519999 
42953141114231 42953139424000 -33.42 4.56 -23.519999 
42953209096189 42953207605000 -33.719997 4.44 -23.279999 
42953273747772 42953272697000 -33.66 4.44 -23.4 
42953341100815 42953339409000 -33.78 4.2 -23.46 
42953407289439 42953406091000 -33.899998 3.8999999 -23.58 
42953474077439 42953472857000 -33.84 3.6 -23.64 
42953541271814 42953539820000 -33.719997 3.24 -23.76 
42953607841357 42953606530000 -33.78 3.0 -23.88 
42953674571440 42953673284000 -33.719997 2.82 -23.82 
42953743225107 42953741188000 -33.78 2.46 -24.06 
42953807983357 42953806798000 -33.78 2.22 -24.18 
42953875595107 42953874005000 -33.84 2.1 -24.42 
42953944373606 42953941953000 -33.719997 1.74 -24.539999 
42954008324648 42954007109000 -33.66 1.86 -24.66 
42954078811315 42954073975000 -33.54 1.74 -24.539999 
42954134475398 42954125463000 -33.36 1.92 -24.539999 
42954178766107 42954176659000 -33.42 2.8799999 -23.88 
42954230376524 42954228825000 -33.6 3.6599998 -22.5 
42954280843732 42954279529000 -33.54 3.78 -22.32 
42954331358607 42954330054000 -33.239998 3.78 -22.26 
42954383541190 42954380824000 -33.0 3.6 -22.68 
42954434341773 42954433009000 -32.88 3.36 -23.4 
42954485862149 42954484581000 -32.7 2.6399999 -23.519999 
42954546595024 42954544937000 -32.64 2.46 -23.699999 
42954607043856 42954604618000 -32.399998 2.1599998 -23.699999 
42954657821565 42954655909000 -32.82 2.22 -23.699999 
42954713955940 42954709481000 -32.76 1.74 -24.3 
42954762007898 42954760693000 -32.399998 1.5 -24.96 
42954812730023 42954811402000 -31.26 1.02 -26.039999 
42954866338565 42954862627000 -30.599998 0.35999998 -26.519999 
42954923896231 42954922589000 -30.599998 -0.06 -26.519999 
42954975295648 42954973577000 -31.14 -0.42 -26.039999 
42955025858648 42955023932000 -31.56 -0.48 -25.8 
42955075442148 42955074234000 -32.1 -1.26 -25.019999 
42955126719023 42955124722000 -32.399998 -1.62 -24.42 
42955177747981 42955176506000 -32.82 -3.0 -24.24 
42955229767856 42955228332000 -32.88 -3.6 -24.06 
42955289615106 42955288309000 -32.76 -4.44 -24.3 
42955340162732 42955338981000 -32.16 -4.68 -24.24 
42955392700024 42955391203000 -32.1 -4.8599997 -24.6 
42955443731982 42955441213000 -31.8 -4.92 -24.42 
42955493074190 42955491683000 -31.859999 -4.5 -24.06 
42955543382732 42955542132000 -31.859999 -4.44 -23.76 
42955614520940 42955594999000 -31.98 -3.8999999 -23.1 
42955648722940 42955647243000 -32.34 -3.54 -22.98 
42955698594149 42955697265000 -32.46 -3.6 -22.74 
42955748726940 42955747544000 -31.98 -4.02 -22.98 
42955801465107 42955798378000 -31.74 -4.5 -23.22 
42955865690566 42955849520000 -31.98 -4.2599998 -22.74 
42955901919232 42955900517000 -31.98 -3.6 -21.96 
42955961919607 42955960574000 -32.52 -3.24 -20.939999 
42956013079315 42956011636000 -32.64 -3.4199998 -20.279999 
42956066670191 42956062580000 -33.059998 -3.9599998 -19.98 
42956124141649 42956122108000 -32.88 -4.3199997 -19.8 
42956173722649 42956172495000 -32.64 -4.56 -19.98 
42956224441899 42956223082000 -32.1 -4.62 -20.4 
42956276287816 42956274615000 -31.859999 -4.74 -20.64 
42956326409399 42956325149000 -31.56 -4.3199997 -21.119999 
42956386794191 42956385484000 -31.74 -4.5 -20.82 
42956437919899 42956436252000 -31.74 -4.56 -20.52 
42956488655607 42956487010000 -31.38 -4.7999997 -20.46 
42956538438232 42956537378000 -30.96 -4.8599997 -20.64 
42956592674274 42956589366000 -30.84 -5.16 -20.76 
42956650452566 42956649029000 -30.84 -5.4 -20.88 
42956711104274 42956699980000 -30.66 -5.3399997 -20.939999 
42956753322816 42956751490000 -30.42 -4.62 -21.0 
42956802763274 42956801627000 -30.48 -3.72 -21.06 
42956855219649 42956852583000 -30.66 -2.76 -20.88 
42956914164982 42956912718000 -30.779999 -2.1599998 -20.64 
42956965002357 42956963142000 -30.96 -1.74 -20.22 
42957016343857 42957014878000 -30.9 -1.62 -19.859999 
42957075804732 42957074609000 -31.26 -1.4399999 -20.1 
42957133007107 42957127752000 -30.9 -1.4399999 -20.52 
42957179381899 42957177771000 -30.96 -1.02 -21.24 
42957239005691 42957237759000 -30.119999 -0.12 -21.779999 
42957289304107 42957288136000 -30.06 0.71999997 -22.08 
42957341204774 42957339300000 -29.519999 1.62 -22.08 
42957402821691 42957390070000 -29.58 2.04 -21.72 
42957441840399 42957440624000 -29.46 2.46 -21.66 
42957494152857 42957491254000 -29.82 2.3999999 -21.42 
42957542890399 42957541719000 -29.76 1.9799999 -21.42 
42957600165691 42957592388000 -30.42 1.02 -20.76 
42957644321941 42957642759000 -30.24 -0.29999998 -20.58 
42957694523857 42957693143000 -30.179998 -1.14 -20.46 
42957745134858 42957743624000 -29.88 -1.26 -20.76 
42957798979566 42957794094000 -30.119999 -0.96 -20.64 
42957846024399 42957844507000 -30.48 -1.0799999 -20.52 
42957897809691 42957895481000 -30.539999 -1.1999999 -20.46 
42957949118858 42957947785000 -30.539999 -1.02 -20.699999 
42957999998608 42957998661000 -30.599998 -0.24 -20.64 
42958050519483 42958049082000 -30.72 0.42 -20.64 
42958101426108 42958099992000 -31.019999 0.78 -20.52 
42958151823649 42958150584000 -30.72 1.1999999 -20.58 
42958202981109 42958201297000 -30.72 1.5 -20.88 
42958253899733 42958251781000 -30.66 1.56 -21.18 
42958305281484 42958303202000 -31.019999 1.74 -21.72 
42958354780608 42958353577000 -30.96 2.22 -21.66 
42958406858067 42958404676000 -30.96 3.12 -21.359999 
42958475987109 42958455358000 -30.72 3.6599998 -21.42 
42958507043359 42958505750000 -30.599998 4.8599997 -20.88 
42958558253109 42958556980000 -30.9 5.7599998 -20.699999 
42958610224234 42958607843000 -30.72 6.66 -19.74 
42958665950859 42958659112000 -31.019999 6.66 -19.26 
42958713539192 42958712195000 -30.779999 6.6 -18.84 
42958774410942 42958772369000 -31.08 6.96 -18.72 
42958832388442 42958830892000 -30.779999 7.3799996 -18.72 
42958884116025 42958882826000 -30.66 7.44 -18.9 
42958934936400 42958933749000 -30.42 7.02 -19.32 
42958985932442 42958984810000 -30.3 6.66 -19.56 
42959037807609 42959035856000 -29.939999 6.96 -19.439999 
42959087901359 42959086490000 -29.939999 7.2 -19.08 
42959138769817 42959137655000 -29.76 7.02 -19.14 
42959192086317 42959189737000 -30.0 7.3799996 -19.26 
42959241620442 42959240321000 -29.82 7.2599998 -19.38 
42959294128442 42959292353000 -30.3 6.8999996 -19.32 
42959353096983 42959351705000 -30.539999 5.8799996 -18.9 
42959403994650 42959402879000 -30.96 5.3399997 -18.72 
42959455709400 42959454176000 -30.48 5.46 -18.48 
42959506782608 42959505242000 -30.66 5.52 -18.66 
42959557420317 42959555646000 -30.539999 5.46 -18.72 
42959608682608 42959606576000 -30.539999 5.4 -18.72 
42959659885650 42959658269000 -30.42 5.46 -18.539999 
42959711404317 42959709815000 -30.539999 5.64 -18.539999 
42959767169359 42959762925000 -30.24 5.8799996 -18.9 
42959816230900 42959813663000 -30.119999 6.54 -18.9 
42959875335484 42959864231000 -29.939999 6.96 -18.9 
42959916037942 42959914649000 -30.119999 7.3799996 -18.539999 
42959966799234 42959965384000 -30.0 7.3799996 -18.779999 
42960020118859 42960018378000 -29.939999 7.3199997 -18.72 
42960070141276 42960068788000 -29.939999 7.14 -18.06 
42960120411443 42960119172000 -30.0 7.2 -17.58 
42960170920984 42960169713000 -30.0 7.2 -17.34 
42960221762859 42960220182000 -30.24 7.44 -17.64 
42960272336609 42960270826000 -30.359999 7.62 -17.279999 
42960368478942 42960359108000 -30.24 7.8599997 -17.16 
42960426002068 42960424532000 -30.3 8.04 -17.039999 
42960492786109 42960491216000 -30.359999 7.98 -16.92 
42960559355151 42960557975000 -30.48 8.04 -16.859999 
42960626196818 42960624727000 -30.359999 7.9199996 -16.98 
42960692936068 42960691507000 -30.359999 7.74 -16.98 
42960759770818 42960758295000 -30.24 7.5 -16.92 
42960826908068 42960825139000 -30.3 7.3799996 -16.92 
42960895058569 42960893407000 -30.3 7.3199997 -16.98 
42960959623943 42960958549000 -30.24 7.2 -17.1 
42961026574777 42961025369000 -30.359999 6.8999996 -17.22 
42961093678068 42961092165000 -30.359999 6.72 -17.279999 
42961160339319 42961158984000 -30.359999 6.72 -17.34 
42961227312443 42961225911000 -30.42 6.66 -17.4 
42961294395693 42961292784000 -30.539999 6.48 -17.279999 
42961368505401 42961359448000 -30.779999 6.66 -17.16 
42961427835735 42961426763000 -30.84 6.42 -17.1 
42961496310860 42961493175000 -31.14 6.42 -16.98 
42961561926234 42961559922000 -30.96 6.54 -16.92 
42961627936026 42961626568000 -30.96 6.48 -16.8 
42961695845110 42961693451000 -31.14 6.6 -16.56 
42961762337735 42961760235000 -31.08 6.8399997 -16.38 
42961828882318 42961826925000 -31.199999 7.08 -16.26 
42961895142444 42961893649000 -31.199999 7.2 -16.14 
42961962335902 42961961005000 -31.26 7.3199997 -15.9 
42962028442777 42962027151000 -31.199999 7.44 -15.78 
42962095852277 42962094028000 -31.08 7.56 -15.78 
42962162406486 42962160998000 -31.199999 7.5 -15.78 
42962228957527 42962227511000 -31.199999 7.2599998 -15.66 
42962296010653 42962294367000 -31.38 7.3199997 -15.719999 
42962369069027 42962361248000 -31.26 7.44 -15.66 
42962429121819 42962427824000 -31.14 7.3199997 -15.719999 
42962496889902 42962495346000 -31.199999 7.2 -15.719999 
42962562527277 42962561345000 -31.14 7.14 -15.78 
42962629373110 42962628179000 -31.26 6.8999996 -15.78 
42962696547569 42962694933000 -31.08 7.02 -15.839999 
42962763049986 42962761737000 -31.019999 6.8999996 -15.96 
42962829580319 42962828466000 -30.9 6.8999996 -16.14 
42962896791653 42962895253000 -30.72 6.7799997 -16.32 
42962963750277 42962962106000 -30.599998 6.8399997 -16.5 
42963030886361 42963029218000 -30.24 6.7799997 -16.74 
42963097981111 42963095645000 -30.179998 6.8399997 -16.859999 
42963164508236 42963162474000 -30.06 6.96 -17.039999 
42963231127569 42963229737000 -29.82 7.2599998 -17.16 
42963297739903 42963296486000 -29.58 7.5 -17.46 
42963367721028 42963363255000 -29.22 7.7999997 -17.52 
42963431292611 42963430053000 -29.16 7.9199996 -17.88 
42963498181903 42963496812000 -29.039999 7.98 -18.18 
42963565863986 42963563789000 -28.92 8.34 -18.24 
42963632157694 42963630494000 -28.859999 8.22 -18.539999 
42963698673277 42963697170000 -28.74 8.34 -18.779999 
42963775408027 42963767159000 -28.8 8.22 -19.02 
42963832148069 42963830683000 -28.74 8.34 -19.14 
42963898708319 42963897408000 -28.68 8.16 -19.199999 
42963966140319 42963964320000 -28.8 8.16 -19.38 
42964032326361 42964031000000 -28.8 7.98 -19.439999 
42964099034985 42964097774000 -29.099998 7.98 -19.439999 
42964167713527 42964164629000 -29.16 7.7999997 -19.56 
42964232502902 42964231331000 -29.279999 7.68 -19.439999 
42964299232527 42964298096000 -29.46 7.68 -19.56 
42964373488278 42964365055000 -29.64 7.74 -19.439999 
42964433003278 42964431635000 -29.82 7.5 -19.56 
42964500259611 42964498556000 -29.88 7.5 -19.5 
42964567031195 42964565288000 -30.0 7.44 -19.619999 
42964633920903 42964632057000 -30.0 7.3199997 -19.68 
42964700472154 42964698738000 -30.06 7.56 -19.8 
42964768027945 42964765873000 -30.24 7.7999997 -19.74 
42964834190070 42964832359000 -30.42 7.9199996 -19.8 
42964900533862 42964899052000 -30.48 8.04 -19.92 
42964967192570 42964965853000 -30.66 8.16 -19.92 
42965036847986 42965035179000 -30.72 8.04 -19.98 
42965100721986 42965099339000 -30.84 8.04 -20.16 
42965167446861 42965166144000 -30.84 7.8599997 -20.279999 
42965234868695 42965232973000 -30.9 7.8599997 -20.22 
42965301449279 42965299739000 -30.9 7.74 -20.58 
42965383456987 42965366601000 -30.96 7.74 -20.58 
42965434392112 42965433176000 -30.84 7.74 -20.699999 
42965502935195 42965499909000 -30.96 7.9199996 -20.58 
42965576461904 42965568035000 -30.779999 8.16 -20.699999 
42965639144945 42965633734000 -30.539999 8.639999 -20.76 
42965711631279 42965700866000 -30.359999 9.059999 -20.76 
42965790619654 42965770125000 -30.179998 9.3 -20.699999 
42965855780154 42965834073000 -30.0 9.599999 -20.88 
42965919595653 42965900670000 -29.82 9.96 -20.82 
42966002143154 42965967410000 -29.699999 10.26 -20.64 
42966048317154 42966034149000 -29.58 10.74 -20.64 
42966121536946 42966101597000 -29.4 11.219999 -20.58 
42966210325696 42966167807000 -29.22 11.4 -20.58 
42966252229945 42966235741000 -29.099998 11.88 -20.52 
42966319657279 42966301380000 -28.98 12.179999 -20.46 
42966389169320 42966368184000 -28.859999 12.719999 -20.279999 
42966446849738 42966434952000 -28.74 12.78 -20.279999 
42966519505945 42966501730000 -28.619999 12.9 -20.46 
42966586444112 42966568468000 -28.32 12.96 -20.58 
42966653281320 42966637815000 -28.26 12.9 -20.699999 
42966720400279 42966702536000 -28.199999 12.66 -20.699999 
42966786450570 42966769350000 -28.14 12.599999 -20.88 
42966873147070 42966839089000 -27.9 12.66 -21.119999 
42966904521362 42966902845000 -27.539999 12.66 -21.24 
42966971086487 42966969547000 -27.24 12.719999 -21.539999 
42967040626612 42967036335000 -26.939999 13.08 -21.779999 
42967104502445 42967103077000 -26.519999 13.38 -22.02 
42967171150278 42967169859000 -26.039999 13.92 -22.08 
42967238378070 42967237236000 -25.619999 14.759999 -22.26 
42967305772528 42967303566000 -25.08 15.24 -22.5 
42967372453987 42967370936000 -24.539999 16.08 -22.74 
42967438894238 42967437141000 -23.88 16.92 -22.859999 
42967506334780 42967504500000 -23.1 17.88 -23.1 
42967572175946 42967570683000 -22.439999 18.84 -23.279999 
42967639470071 42967637567000 -21.779999 19.859999 -23.58 
42967706244155 42967704254000 -20.939999 20.699999 -23.76 
42967774036654 42967771180000 -20.22 21.72 -23.82 
42967839040821 42967837697000 -19.38 22.74 -23.88 
42967908185946 42967905499000 -18.66 23.64 -23.939999 
42967973224071 42967971355000 -17.94 24.6 -23.939999 
42968039748612 42968038437000 -17.039999 25.56 -24.06 
42968107428988 42968104922000 -15.9 26.22 -24.24 
42968173714737 42968171895000 -14.759999 27.119999 -24.42 
42968240164196 42968238490000 -13.74 27.72 -24.48 
42968306737404 42968305193000 -12.66 28.439999 -24.66 
42968373892780 42968372023000 -11.46 29.34 -24.96 
42968441219197 42968439339000 -10.26 30.06 -24.84 
42968506632988 42968505452000 -9.12 30.599998 -24.84 
42968574329905 42968572874000 -8.04 31.08 -24.84 
42968640107656 42968638924000 -6.8999996 31.679998 -24.6 
42968709078863 42968706725000 -5.64 32.16 -24.48 
42968774690530 42968772659000 -4.74 32.82 -24.359999 
42968840442531 42968839191000 -3.84 33.42 -24.24 
42968907944072 42968906151000 -2.82 33.84 -24.24 
42968976431947 42968973735000 -1.8 34.38 -24.0 
42969041003197 42969039607000 -0.78 34.92 -23.88 
42969108161030 42969106668000 0.12 35.28 -23.64 
42969174917238 42969173159000 0.71999997 35.7 -23.279999 
42969241723280 42969240111000 1.0799999 35.88 -22.98 
42969308067155 42969306669000 1.62 36.18 -22.92 
42969375388532 42969373600000 1.86 36.36 -22.74 
42969442228738 42969440341000 2.04 36.719997 -22.56 
42969509050155 42969507484000 2.1 36.719997 -22.619999 
42969574997738 42969573757000 2.1 36.899998 -22.619999 
42969641716988 42969640478000 2.04 37.02 -22.56 
42969710126822 42969707292000 2.1 37.079998 -22.619999 
42969775520697 42969774036000 2.04 37.2 -22.56 
42969842171905 42969840811000 2.1599998 37.14 -22.439999 
42969915136488 42969907575000 2.22 37.14 -22.439999 
42969975479613 42969974334000 2.1 37.079998 -22.619999 
42970042970488 42970041692000 1.9799999 37.02 -22.74 
42970109088655 42970107899000 1.86 36.899998 -22.8 
42970176304238 42970174810000 1.92 36.78 -22.859999 
42970242607280 42970241369000 1.92 36.719997 -23.1 
42970309564947 42970308179000 2.1599998 36.78 -23.279999 
42970376322530 42970374946000 2.28 36.719997 -23.279999 
42970443919613 42970442052000 2.52 36.6 -23.34 
42970509834322 42970508508000 2.76 36.239998 -23.279999 
42970576790405 42970575466000 3.12 36.3 -23.16 
42970643873863 42970642007000 3.24 36.42 -23.16 
42970710645072 42970708859000 3.6 36.42 -23.22 
42970776789780 42970775514000 3.84 36.12 -23.279999 
42970844026655 42970842366000 3.9599998 35.94 -23.4 
42970911625739 42970910084000 4.02 35.88 -23.46 
42970978016697 42970976652000 4.3199997 35.579998 -23.58 
42971045387865 42971043575000 4.62 35.52 -23.4 
42971111843864 42971110276000 4.68 35.34 -23.34 
42971178233531 42971176936000 4.98 35.219997 -23.34 
42971245136656 42971243708000 5.1 35.16 -23.519999 
42971311712531 42971310477000 5.2799997 34.98 -23.279999 
42971378844364 42971377311000 5.2799997 34.98 -23.16 
42971445292573 42971443961000 5.2799997 34.92 -23.22 
42971512019322 42971510766000 5.4 34.86 -23.039999 
42971578578073 42971577476000 5.4 34.68 -22.98 
42971645648114 42971644182000 5.3399997 34.559998 -22.92 
42971713374406 42971710989000 5.52 34.38 -22.8 
42971778989281 42971777703000 5.7 34.32 -22.68 
42971846460739 42971844523000 5.64 34.38 -22.619999 
42971912675406 42971911233000 5.7599998 34.38 -22.26 
42971979698656 42971978056000 5.94 34.5 -22.26 
42972046242448 42972044800000 6.06 34.5 -22.26 
42972112914281 42972111575000 5.8799996 34.44 -22.199999 
42972179516364 42972178307000 6.0 34.38 -22.14 
42972246626073 42972245141000 5.94 34.32 -22.26 
42972313399198 42972311896000 5.8199997 34.26 -22.26 
42972379886156 42972378654000 5.7599998 34.2 -22.619999 
42972448762198 42972445815000 5.8799996 34.32 -22.619999 
42972513581115 42972512226000 5.94 34.079998 -22.619999 
42972580312365 42972578978000 5.94 34.079998 -22.68 
42972648374615 42972645979000 5.94 34.14 -22.8 
42972714549740 42972713163000 6.0 34.14 -22.859999 
42972780620740 42972779296000 6.0 33.96 -22.92 
42972847884907 42972846391000 6.0 33.899998 -22.98 
42972916687490 42972915167000 6.12 33.96 -22.98 
42972981073907 42972979834000 6.2999997 33.84 -23.22 
42973048797157 42973046686000 6.48 33.48 -23.4 
42973115401407 42973113912000 6.8399997 33.36 -23.4 
42973181990199 42973180310000 7.2 33.3 -23.4 
42973249247032 42973247038000 7.62 33.12 -23.46 
42973315241283 42973313632000 8.16 33.12 -23.4 
42973382311865 42973380556000 8.76 33.059998 -23.22 
42973451508074 42973448065000 9.54 33.0 -22.92 
42973518812824 42973513993000 10.32 32.7 -22.68 
42973586311865 42973580862000 11.04 32.88 -22.32 
42973661263990 42973648125000 11.639999 32.82 -21.96 
42973727807240 42973715060000 12.24 32.82 -21.72 
42973792704532 42973781701000 12.84 32.76 -21.48 
42973855221991 42973849597000 13.44 32.76 -21.359999 
42973916421532 42973915152000 13.92 32.579998 -21.18 
42973983635157 42973982379000 14.28 32.399998 -20.939999 
42974049919616 42974048639000 14.5199995 32.52 -20.699999 
42974116840866 42974115494000 14.759999 32.579998 -20.279999 
42974200297533 42974183716000 14.7 32.76 -19.92 
42974272226449 42974249133000 14.58 33.0 -19.619999 
42974329382116 42974316178000 14.639999 33.18 -19.199999 
42974413357283 42974382513000 14.4 33.3 -18.72 
42974456469866 42974449268000 14.099999 33.48 -18.42 
42974518477366 42974516625000 13.74 33.42 -18.539999 
42974584471199 42974582966000 13.38 33.18 -18.6 
42974651164241 42974649575000 13.08 33.0 -18.779999 
42974717684574 42974716325000 12.96 32.76 -18.779999 
42974785139325 42974783309000 12.719999 32.579998 -18.779999 
42974851399033 42974849867000 12.599999 32.52 -18.84 
42974918723033 42974917266000 12.48 32.28 -18.84 
42974985309241 42974983464000 12.42 32.219997 -18.779999 
42975051851575 42975050249000 12.42 32.04 -18.9 
42975118360491 42975116930000 12.42 31.859999 -18.84 
42975185054575 42975183696000 12.48 31.619999 -19.08 
42975252808033 42975250706000 12.599999 31.199999 -19.32 
42975318474824 42975317201000 12.84 30.779999 -19.619999 
42975385151158 42975383947000 12.84 30.48 -19.859999 
42975462552116 42975452097000 13.0199995 30.359999 -20.039999 
42975518730075 42975517553000 13.2 30.06 -20.22 
42975585454825 42975584332000 13.259999 30.119999 -20.1 
42975653552033 42975651397000 13.259999 30.179998 -20.1 
42975719124325 42975717900000 13.38 30.06 -20.039999 
42975786941742 42975785175000 13.5 30.0 -19.98 
42975853408617 42975851993000 13.679999 30.06 -19.98 
42975919860408 42975918746000 13.86 30.0 -20.1 
42975988980408 42975985843000 14.04 29.88 -19.98 
42976053915658 42976052291000 14.099999 29.76 -19.8 
42976120495492 42976119010000 14.28 29.699999 -19.619999 
42976187462117 42976185847000 14.5199995 29.699999 -19.619999 
42976254004325 42976252568000 14.7 29.64 -19.439999 
42976320879409 42976319338000 14.82 29.58 -19.26 
42976387486534 42976386101000 15.0 29.64 -19.08 
42976468363825 42976453278000 15.179999 29.64 -18.72 
42976522013159 42976519987000 15.36 29.58 -18.779999 
42976588040575 42976586549000 15.54 29.34 -18.66 
42976655991492 42976653428000 15.599999 29.16 -18.72 
42976721364326 42976719976000 15.9 29.16 -18.72 
42976787927367 42976786725000 15.96 29.16 -18.66 
42976856065617 42976853869000 15.96 29.22 -18.66 
42976923436201 42976920789000 15.96 29.22 -18.66 
42976990436910 42976987737000 15.9 29.279999 -18.539999 
42977055342285 42977054014000 15.78 29.46 -18.66 
42977125674451 42977123160000 15.839999 29.58 -18.779999 
42977189966409 42977187743000 15.839999 29.76 -18.9 
42977255730660 42977254320000 15.599999 29.76 -18.96 
42977323551243 42977321305000 15.54 30.0 -18.9 
42977389733700 42977388197000 15.54 30.24 -19.02 
42977459730158 42977454771000 15.36 30.42 -19.08 
42977523003367 42977521494000 15.299999 30.539999 -19.32 
42977590275200 42977588336000 15.12 30.66 -19.439999 
42977660334533 42977657890000 15.0 30.779999 -19.68 
42977724503742 42977723280000 15.0 30.96 -19.68 
42977790550075 42977788718000 14.82 31.08 -19.8 
42977856835408 42977855433000 14.7 31.14 -19.98 
42977923600451 42977922154000 14.639999 31.32 -20.16 
42977991250076 42977989028000 14.5199995 31.439999 -20.4 
42978057644951 42978055743000 14.4 31.619999 -20.64 
42978124412576 42978122510000 14.28 31.679998 -20.88 
42978191313701 42978189398000 14.099999 31.92 -21.06 
42978258022492 42978256339000 14.04 32.1 -21.18 
42978323977367 42978322873000 14.04 32.34 -21.3 
42978391180243 42978389449000 13.679999 32.52 -21.359999 
42978457985367 42978456265000 13.62 32.76 -21.359999 
42978524128576 42978523102000 13.5 32.94 -21.48 
42978591330701 42978589930000 13.38 33.0 -21.6 
42978658472659 42978656858000 13.32 33.239998 -21.6 
42978727418909 42978723977000 13.32 33.36 -21.539999 
42978791857117 42978790524000 13.2 33.54 -21.48 
42978858984534 42978856990000 13.2 33.66 -21.48 
42978926350618 42978923902000 13.139999 33.84 -21.48 
42978994316034 42978992447000 13.259999 34.02 -21.539999 
42979058333992 42979057279000 13.38 34.2 -21.48 
42979125638576 42979124088000 13.44 34.14 -21.359999 
42979193174910 42979191478000 13.44 34.26 -21.18 
42979258818327 42979257644000 13.38 34.2 -21.0 
42979326390452 42979324621000 13.44 34.32 -20.88 
42979394015076 42979391930000 13.259999 34.5 -20.88 
42979462082410 42979458094000 13.38 34.559998 -21.06 
42979532698035 42979526077000 13.2 34.739998 -21.359999 
42979598486576 42979592887000 13.0199995 34.68 -21.539999 
42979659639951 42979658425000 12.78 34.92 -21.6 
42979736869909 42979726373000 12.36 34.92 -21.66 
42979798185576 42979793372000 12.0 35.04 -21.779999 
42979860190409 42979858680000 11.7 35.16 -22.02 
42979926637451 42979925498000 11.099999 35.219997 -22.199999 
42979997409161 42979992765000 10.679999 35.28 -22.38 
42980064717827 42980059029000 10.2 35.399998 -22.68 
42980130676994 42980126771000 9.66 35.34 -22.859999 
42980193630202 42980192525000 9.42 35.34 -23.1 
42980264637369 42980259810000 9.179999 35.28 -23.279999 
42980336611494 42980327678000 8.82 35.399998 -23.519999 
42980398558952 42980393333000 8.46 35.28 -23.82 
42980469516827 42980460179000 8.16 35.28 -24.06 
42980531017077 42980526330000 7.8599997 35.34 -24.3 
42980597669868 42980593582000 7.7999997 35.1 -24.3 
42980664316868 42980660316000 7.74 35.04 -24.359999 
42980731236994 42980726609000 7.68 34.739998 -24.6 
42980798994827 42980793472000 7.7999997 34.559998 -24.84 
42980866461660 42980860273000 7.7999997 34.44 -25.08 
42980931188285 42980926881000 7.8599997 34.2 -25.26 
42980999593202 42980993665000 7.9199996 34.2 -25.38 
42981065512244 42981060441000 7.9199996 34.14 -25.439999 
42981131036494 42981127774000 7.8599997 33.96 -25.5 
42981199932203 42981194993000 7.9199996 33.84 -25.56 
42981267825578 42981261890000 7.9199996 33.66 -25.68 
42981331633537 42981328588000 7.9199996 33.54 -25.859999 
42981398729328 42981395960000 7.9199996 33.36 -25.98 
42981464753327 42981462046000 7.98 33.3 -25.92 
42981532063577 42981528738000 8.28 33.059998 -25.98 
42981598979619 42981595715000 8.46 32.76 -25.98 
42981672000244 42981663000000 8.46 32.64 -26.039999 
42981735239578 42981729307000 8.639999 32.579998 -26.099998 
42981799608244 42981796118000 8.82 32.52 -26.039999 
42981865797619 42981862800000 9.059999 32.579998 -26.039999 
42981931526036 42981930144000 9.059999 32.579998 -25.92 
42981998814994 42981997511000 9.059999 32.579998 -25.859999 
42982065966161 42982064389000 9.3 32.46 -25.92 
42982131341870 42982131112000 9.42 32.399998 -25.74 
42982204588453 42982197951000 9.54 32.34 -25.56 
42982271827578 42982265278000 9.42 32.46 -25.439999 
42982332324828 42982331286000 9.3 32.64 -25.439999 
42982399270786 42982398127000 9.3 32.88 -25.32 
42982466175787 42982464905000 9.179999 33.0 -25.199999 
42982533601078 42982531643000 9.059999 33.12 -25.199999 
42982599597828 42982598484000 8.76 33.239998 -25.199999 
42982669914578 42982665264000 8.639999 33.48 -25.14 
42982733030453 42982731922000 8.58 33.66 -24.96 
42982800631287 42982798749000 8.34 33.96 -24.72 
42982873275369 42982865525000 8.28 34.44 -24.539999 
42982933445744 42982932200000 8.28 34.739998 -24.359999 
42983000370495 42982999039000 8.4 34.8 -24.3 
42983067439203 42983066042000 8.7 34.98 -24.119999 
42983136244996 42983133151000 9.059999 35.1 -24.06 
42983202133746 42983199878000 9.36 35.219997 -24.119999 
42983267630246 42983266565000 9.84 35.579998 -24.06 
42983336108454 42983333707000 10.32 35.46 -23.88 
42983401194454 42983399986000 10.92 35.64 -23.64 
42983468725037 42983466798000 11.34 35.76 -23.519999 
42983535002120 42983533665000 11.82 35.82 -23.519999 
42983605949496 42983600566000 12.059999 36.059998 -23.519999 
42983668331871 42983667270000 12.48 36.0 -23.519999 
42983735951287 42983734152000 12.599999 36.239998 -23.46 
42983802842495 42983801138000 12.9 36.239998 -23.58 
42983868828745 42983867611000 13.2 36.12 -23.58 
42983935805995 42983934567000 13.38 35.88 -23.699999 
42984008972745 42984001690000 13.38 35.94 -23.519999 
42984069546037 42984068155000 13.559999 36.0 -23.34 
42984140593745 42984138586000 13.799999 36.12 -23.1 
42984203139453 42984201753000 13.92 36.12 -22.859999 
42984283235037 42984268504000 14.099999 36.239998 -22.56 
42984336220954 42984335167000 14.099999 35.82 -22.5 
42984403453162 42984402258000 14.099999 35.94 -22.439999 
42984469871371 42984468743000 13.98 35.7 -22.56 
42984536641663 42984535518000 13.92 35.579998 -22.68 
42984603356704 42984602223000 13.98 35.579998 -22.56 
42984670916913 42984669639000 14.16 35.399998 -22.32 
42984740090038 42984735832000 14.34 35.399998 -22.02 
42984805133663 42984803172000 14.46 35.28 -21.779999 
42984874977287 42984869287000 14.46 35.28 -21.42 
42984938471121 42984936346000 14.4 35.16 -21.359999 
42985004493788 42985003027000 14.46 35.04 -21.24 
42985071325330 42985069868000 14.34 34.8 -21.24 
42985137604413 42985136512000 14.04 34.62 -21.359999 
42985206344704 42985204428000 13.679999 34.2 -21.48 
42985272391079 42985270727000 13.259999 34.14 -21.539999 
42985338032288 42985336940000 13.0199995 34.079998 -21.6 
42985404845829 42985403696000 12.719999 34.079998 -21.6 
42985473226579 42985470654000 12.54 33.84 -21.6 
42985545891371 42985537270000 12.48 34.079998 -21.42 
42985605797371 42985604130000 12.3 34.02 -21.42 
42985673326497 42985670984000 12.0 33.66 -21.48 
42985739584163 42985738210000 11.94 33.54 -21.539999 
42985805883080 42985804398000 11.94 33.36 -21.6 
42985873577122 42985871323000 11.7 33.239998 -21.72 
42985939029372 42985937885000 11.88 33.18 -21.84 
42986006338122 42986004852000 12.12 33.059998 -21.84 
42986076532955 42986072019000 12.36 33.3 -21.84 
42986139541705 42986138544000 12.599999 33.36 -21.9 
42986207270830 42986205515000 12.9 33.36 -21.84 
42986275105289 42986272549000 13.259999 33.54 -21.9 
42986340194622 42986338871000 13.679999 33.6 -21.96 
42986407190164 42986405811000 14.16 33.36 -22.02 
42986474584413 42986472636000 14.58 33.36 -22.02 
42986546841955 42986539243000 14.94 33.66 -22.02 
42986608182747 42986606178000 15.54 33.42 -21.84 
42986682627205 42986672850000 16.08 33.6 -21.779999 
42986740805747 42986739561000 16.74 33.84 -21.72 
42986807674330 42986806431000 17.22 34.02 -21.6 
42986874501538 42986873164000 17.64 34.26 -21.66 
42986941158080 42986939912000 17.94 34.32 -21.66 
42987007880413 42987006667000 18.3 34.32 -21.72 
42987075342122 42987073624000 18.48 34.44 -21.66 
42987141507664 42987140215000 18.66 34.2 -21.84 
42987208482205 42987207120000 19.08 34.2 -21.96 
42987276335373 42987274356000 19.32 34.44 -22.02 
42987342389748 42987341062000 19.38 34.44 -22.14 
42987408965331 42987407749000 19.26 34.44 -22.32 
42987476278914 42987474789000 18.84 34.5 -22.439999 
42987560636455 42987541860000 18.6 34.739998 -22.74 
42987609846747 42987608564000 18.3 34.62 -22.98 
42987678069497 42987675734000 17.76 34.68 -23.46 
42987745376831 42987742819000 17.1 34.68 -23.64 
42987810473289 42987808734000 16.44 34.68 -23.88 
42987876764414 42987875429000 15.9 34.559998 -24.119999 
42987946044456 42987943421000 15.179999 34.559998 -24.24 
42988010716247 42988009208000 14.759999 34.68 -24.3 
42988077430831 42988076006000 14.16 34.86 -24.3 
42988145600372 42988142782000 13.559999 34.98 -24.3 
42988211093956 42988209731000 12.78 35.219997 -24.359999 
42988277818497 42988276570000 11.82 35.46 -24.42 
42988344848664 42988343424000 11.099999 35.34 -24.42 
42988412299581 42988410287000 10.44 35.52 -24.359999 
42988481384747 42988477916000 9.96 35.64 -24.3 
42988551229039 42988543858000 9.48 35.88 -24.18 
42988612090040 42988610515000 9.12 35.82 -23.939999 
42988678378248 42988677250000 8.639999 35.94 -23.76 
42988745291623 42988744000000 8.099999 36.0 -23.519999 
42988813596873 42988811235000 7.68 35.94 -23.519999 
42988879550498 42988877864000 7.5 35.94 -23.279999 
42988946154790 42988944633000 7.14 36.0 -23.16 
42989014159206 42989012206000 6.7799997 36.059998 -22.92 
42989080425332 42989078456000 6.48 36.12 -22.859999 
42989146521290 42989144984000 6.24 35.94 -22.68 
42989214845164 42989212012000 6.12 35.76 -22.439999 
42989282282915 42989279371000 5.8799996 35.579998 -22.26 
42989348277081 42989346615000 5.94 35.28 -21.96 
42989414248915 42989412653000 5.8199997 35.28 -21.66 
42989481086957 42989479453000 5.58 35.1 -21.42 
42989552751123 42989546492000 5.46 35.04 -20.939999 
42989614859665 42989613114000 5.2799997 34.739998 -20.82 
42989681296915 42989679781000 5.04 34.5 -20.52 
42989747805373 42989746413000 4.8599997 34.26 -20.52 
42989815886248 42989813489000 4.7999997 33.899998 -20.34 
42989881600123 42989880141000 4.68 33.719997 -20.1 
42989948059040 42989946795000 4.62 33.48 -19.92 
42990016564998 42990013942000 4.62 33.239998 -19.56 
42990083738040 42990081271000 4.62 33.0 -19.32 
42990148158332 42990147148000 4.74 32.579998 -19.08 
42990215375291 42990214085000 4.7999997 32.34 -19.14 
42990283699540 42990281304000 4.98 32.1 -19.199999 
42990349008790 42990347564000 5.2799997 31.92 -19.08 
42990416120249 42990414417000 5.52 31.859999 -19.14 
42990483541665 42990481315000 5.8799996 31.619999 -19.08 
42990560952832 42990548145000 6.54 31.679998 -19.08 
42990616577040 42990614808000 7.2599998 31.38 -19.199999 
42990683276832 42990681555000 7.8599997 31.32 -19.199999 
42990750046624 42990748344000 8.46 31.32 -19.26 
42990816653582 42990815125000 9.059999 31.5 -19.199999 
42990884113998 42990882017000 9.66 31.679998 -19.02 
42990950299374 42990948694000 10.26 31.74 -19.14 
42991021561582 42991015341000 10.74 31.8 -19.199999 
42991094860498 42991082147000 11.34 31.98 -19.32 
42991156775707 42991148852000 11.88 32.1 -19.32 
42991234224332 42991215689000 12.42 32.28 -19.5 
42991292351290 42991282424000 13.0199995 32.579998 -19.5 
42991374742332 42991351150000 13.38 33.0 -19.439999 
42991440953374 42991417502000 13.86 33.36 -19.439999 
42991507709457 42991484193000 14.34 33.66 -19.38 
42991574735665 42991551074000 14.82 34.02 -19.32 
42991642462165 42991617715000 14.94 34.2 -19.199999 
42991709143332 42991684454000 15.0 34.68 -19.26 
42991776468707 42991751415000 15.24 35.04 -19.26 
42991840516957 42991818003000 15.66 35.399998 -19.26 
42991907836957 42991884811000 16.08 35.64 -19.14 
42991977067165 42991951656000 16.5 36.059998 -19.199999 
42992041524249 42992018471000 16.74 36.3 -18.96 
42992107465207 42992085178000 16.98 36.66 -18.9 
42992184557999 42992151828000 16.98 36.84 -18.96 
42992243065790 42992219071000 17.1 37.079998 -19.14 
42992288582790 42992286397000 17.16 37.26 -18.96 
42992353989332 42992352376000 17.279999 37.14 -19.14 
42992420961957 42992419194000 17.46 36.96 -19.32 
42992487282457 42992485803000 17.46 36.78 -19.56 
42992553852832 42992552547000 17.22 36.6 -19.74 
42992622443208 42992620404000 17.1 36.54 -20.1 
42992688482541 42992686457000 17.279999 36.3 -20.34 
42992754385500 42992753074000 17.46 36.0 -20.46 
42992822351292 42992820648000 17.76 35.64 -20.64 
42992888463458 42992886702000 17.58 35.28 -20.82 
42992954534583 42992953380000 17.52 34.98 -21.06 
42993021550833 42993020243000 17.46 34.5 -21.3 
42993088364583 42993087023000 17.52 34.14 -21.6 
42993154760541 42993153653000 17.699999 33.78 -21.779999 
42993223188042 42993220818000 17.82 33.48 -22.02 
42993289361542 42993287412000 17.94 33.12 -22.199999 
42993355576334 42993354340000 18.0 32.7 -22.439999 
42993422628042 42993420964000 18.0 32.579998 -22.439999 
42993489761083 42993487736000 18.18 32.399998 -22.5 
42993555663042 42993554348000 18.3 32.1 -22.5 
42993623283541 42993621320000 18.539999 31.98 -22.5 
42993690456833 42993688137000 18.539999 31.679998 -22.5 
42993756100167 42993754685000 18.48 31.32 -22.74 
42993823204500 42993821558000 18.359999 31.019999 -22.92 
42993891140875 42993888843000 17.82 30.9 -22.92 
42993956601500 42993955144000 17.76 30.48 -23.1 
42994023618291 42994021920000 17.76 30.179998 -23.22 
42994091272042 42994088899000 17.76 29.939999 -23.34 
42994156500458 42994155330000 17.88 29.64 -23.34 
42994223296250 42994222079000 18.0 29.279999 -23.4 
42994290222541 42994288865000 18.539999 28.8 -23.34 
42994357424916 42994355662000 18.9 28.32 -23.34 
42994424279333 42994422704000 19.32 28.019999 -23.22 
42994492012168 42994489524000 19.92 27.48 -23.1 
42994557269918 42994556159000 20.64 26.88 -23.039999 
42994624794084 42994623173000 21.3 26.34 -22.98 
42994691617001 42994689836000 22.26 25.38 -23.039999 
42994758542542 42994756615000 23.46 24.24 -22.92 
42994825152918 42994823772000 24.66 23.16 -22.56 
42994891848876 42994890064000 25.8 21.96 -22.32 
42994959293500 42994957121000 27.359999 20.52 -22.02 
42995024756584 42995023528000 28.439999 19.199999 -21.6 
42995093586625 42995090440000 29.699999 17.88 -21.359999 
42995163967334 42995157093000 30.84 16.38 -21.0 
42995235138542 42995223882000 31.859999 15.0 -20.58 
42995296932459 42995290650000 32.88 13.38 -20.22 
42995361545292 42995357899000 33.719997 11.88 -19.74 
42995425405251 42995424082000 34.68 10.32 -19.32 
42995492333376 42995490955000 35.399998 8.76 -18.9 
42995559352334 42995557716000 36.18 7.2 -18.48 
42995646417335 42995624586000 36.6 5.94 -18.0 
42995708118168 42995691415000 37.14 4.68 -17.52 
42995776697626 42995758007000 37.44 3.78 -17.039999 
42995845231126 42995824818000 37.68 3.0 -16.8 
42995905947543 42995892342000 37.8 2.3999999 -16.68 
42995959503918 42995958394000 37.98 1.68 -16.44 
42996026269877 42996025118000 38.04 1.3199999 -16.38 
42996093020210 42996091919000 38.28 0.9 -16.199999 
42996160139085 42996158785000 38.399998 0.35999998 -16.02 
42996227120959 42996225521000 38.64 -0.06 -16.14 
42996293598417 42996292217000 38.82 -0.48 -16.26 
42996360321251 42996358967000 39.059998 -0.71999997 -16.56 
42996429576042 42996427053000 39.42 -1.14 -16.8 
42996493853334 42996492536000 39.6 -1.3199999 -17.1 
42996560678959 42996559278000 39.96 -1.74 -17.34 
42996634729126 42996626301000 40.26 -2.04 -17.52 
42996694102584 42996692908000 40.68 -2.76 -17.88 
42996760878417 42996759583000 41.1 -3.24 -18.0 
42996829073126 42996826710000 41.7 -3.8999999 -18.119999 
42996894624710 42996893266000 42.12 -4.8599997 -18.06 
42996961708460 42996960432000 42.719997 -5.46 -18.24 
42997029363377 42997026974000 43.14 -6.18 -18.359999 
42997094880835 42997093578000 43.559998 -7.08 -18.359999 
42997161548210 42997160270000 44.04 -7.9199996 -18.42 
42997229542085 42997227309000 44.46 -8.7 -18.48 
42997295147711 42997293838000 44.7 -9.54 -18.6 
42997361762252 42997360631000 45.0 -10.38 -18.779999 
42997428858668 42997427613000 45.3 -11.34 -18.72 
42997495980461 42997494848000 45.42 -12.12 -18.72 
42997562673419 42997560954000 45.6 -13.08 -18.84 
42997636419586 42997628021000 45.719997 -13.86 -18.9 
42997695861835 42997694458000 45.719997 -14.639999 -19.14 
42997762408251 42997761187000 45.6 -15.36 -19.439999 
42997829824877 42997828134000 45.539997 -15.78 -19.92 
42997896752127 42997894894000 45.3 -16.26 -20.22 
42997962777502 42997961511000 45.059998 -16.619999 -20.58 
42998031003336 42998029273000 44.76 -17.039999 -20.82 
42998097221460 42998095244000 44.76 -17.279999 -20.88 
42998163598002 42998161963000 44.76 -17.64 -21.24 
42998230059418 42998228592000 44.76 -17.88 -21.6 
42998297954168 42998295648000 44.7 -18.119999 -21.779999 
42998364129877 42998362308000 44.64 -18.42 -21.96 
42998430582002 42998429017000 44.579998 -18.72 -22.02 
42998497461960 42998495859000 44.46 -18.9 -22.14 
42998567638085 42998565743000 44.34 -19.199999 -22.199999 
42998631102043 42998629258000 44.16 -19.38 -22.14 
42998699016377 42998697398000 43.92 -19.74 -22.26 
42998764372668 42998762870000 43.86 -20.039999 -22.32 
42998830734585 42998829530000 43.68 -20.34 -22.199999 
42998898508336 42998896440000 43.5 -20.64 -21.84 
42998964532419 42998963251000 43.44 -21.18 -21.66 
42999031296211 42999029833000 43.5 -21.539999 -21.66 
42999099284086 42999097053000 43.44 -21.96 -21.6 
42999165706419 42999163804000 43.26 -22.08 -21.779999 
42999231910836 42999230484000 43.14 -22.02 -21.539999 
42999300552253 42999297864000 42.96 -22.02 -21.359999 
42999365652003 42999364098000 42.84 -22.02 -21.42 
42999432614836 42999430908000 42.96 -21.72 -21.24 
42999499676753 42999497723000 42.78 -21.3 -21.0 
42999566148628 42999564424000 42.719997 -20.939999 -20.88 
42999635871503 42999633673000 42.719997 -20.52 -20.939999 
42999699910752 42999698359000 42.84 -20.16 -20.939999 
42999766585252 42999765129000 43.02 -19.56 -20.82 
42999836561627 42999834875000 43.02 -19.02 -20.76 
42999900161503 42999898647000 43.26 -18.42 -20.699999 
42999966670836 42999965503000 43.379997 -17.94 -20.76 
43000033806627 43000032271000 43.32 -17.4 -20.88 
43000100355294 43000099006000 43.32 -16.74 -20.52 
43000167880211 43000166605000 43.32 -16.199999 -20.4 
43000234662044 43000233338000 43.26 -15.9 -20.279999 
43000302188837 43000300497000 43.26 -15.66 -20.279999 
43000368498879 43000367023000 43.14 -15.36 -20.22 
43000435224671 43000433792000 43.079998 -14.94 -20.039999 
43000503645379 43000500821000 42.899998 -14.7 -19.98 
43000569016462 43000567344000 42.899998 -14.639999 -20.1 
43000636423462 43000634167000 42.719997 -14.46 -20.039999 
43000702470004 43000700916000 42.66 -14.04 -19.8 
43000769065545 43000767580000 42.66 -13.74 -19.619999 
43000836270421 43000834438000 42.54 -13.559999 -19.5 
43000903293628 43000901301000 42.42 -13.259999 -19.439999 
43000970097587 43000967808000 42.42 -12.96 -19.32 
43001036022712 43001034612000 42.36 -12.84 -19.14 
43001103841795 43001101635000 42.3 -12.54 -18.96 
43001170307753 43001168325000 42.239998 -12.24 -19.14 
43001236503420 43001235001000 42.18 -11.94 -19.14 
43001304297128 43001301899000 42.18 -11.58 -18.96 
43001370737128 43001368721000 42.18 -11.28 -18.84 
43001436687003 43001435288000 42.3 -11.099999 -18.72 
43001503825962 43001502169000 42.36 -11.099999 -18.539999 
43001570471379 43001568933000 42.239998 -11.04 -18.48 
43001637218795 43001635717000 42.239998 -10.8 -18.359999 
43001704106003 43001702482000 42.3 -10.92 -18.42 
43001771876712 43001769556000 42.3 -11.16 -18.42 
43001837332546 43001836013000 42.18 -11.04 -18.48 
43001904224087 43001902853000 42.059998 -11.16 -18.359999 
43001972564963 43001969738000 42.0 -11.4 -18.24 
43002037600796 43002036215000 41.94 -11.58 -18.18 
43002104889129 43002103074000 42.12 -11.5199995 -18.24 
43002172142379 43002169921000 42.239998 -11.639999 -18.18 
43002237863212 43002236532000 42.36 -11.759999 -17.82 
43002305427879 43002303536000 42.66 -11.759999 -17.4 
43002373015921 43002370438000 42.96 -12.059999 -17.16 
43002438206587 43002436858000 43.2 -12.3 -16.8 
43002505586004 43002503711000 43.32 -12.3 -16.5 
43002572788255 43002570581000 43.44 -12.3 -16.199999 
43002639388004 43002637334000 43.62 -12.3 -15.839999 
43002705826672 43002704043000 43.86 -12.599999 -15.42 
43002772930171 43002770949000 43.98 -12.42 -14.82 
43002838765046 43002837507000 44.16 -12.24 -14.28 
43002906051672 43002904367000 44.34 -12.3 -13.799999 
43002973976213 43002971397000 44.579998 -12.059999 -13.44 
43003039137380 43003037808000 44.879997 -11.7 -12.96 
43003106445088 43003104669000 44.94 -11.639999 -12.54 
43003173701296 43003171667000 44.879997 -11.5199995 -12.179999 
43003239800671 43003238118000 44.94 -11.28 -11.94 
43003306504838 43003305105000 45.0 -11.099999 -11.639999 
43003375635880 43003372137000 44.879997 -10.86 -11.5199995 
43003440471422 43003438647000 44.7 -10.5 -11.219999 
43003508335588 43003505358000 44.7 -10.2 -10.92 
43003574660880 43003572401000 44.64 -9.96 -10.679999 
43003640688755 43003638918000 44.46 -9.54 -10.139999 
43003707923713 43003706115000 44.399998 -9.48 -9.84 
43003774667755 43003772612000 44.219997 -9.12 -9.48 
43003841723547 43003839461000 44.16 -9.0 -9.24 
43003907863713 43003906106000 44.04 -8.88 -9.059999 
43003974300004 43003972752000 43.86 -8.82 -8.88 
43004040810130 43004039482000 43.68 -8.76 -8.58 
43004107490629 43004106228000 43.5 -8.82 -8.5199995 
43004174313588 43004173021000 43.32 -8.76 -8.4 
43004241634131 43004239917000 43.32 -8.76 -8.22 
43004308705130 43004306991000 43.02 -8.76 -8.04 
43004375437798 43004373777000 42.66 -8.88 -8.34 
43004443007380 43004440932000 42.36 -8.94 -8.639999 
43004509249921 43004507882000 42.12 -8.94 -9.179999 
43004576040713 43004574605000 41.82 -9.059999 -9.54 
43004683261963 43004642517000 41.52 -9.059999 -9.96 
43004710271755 43004708840000 41.52 -9.059999 -10.559999 
43004776036255 43004774907000 41.46 -8.94 -10.98 
43004842884880 43004841738000 41.52 -8.88 -11.219999 
43004910795588 43004908584000 41.34 -8.7 -11.58 
43004976616463 43004975268000 41.219997 -8.639999 -12.059999 
43005043428630 43005042028000 41.219997 -8.4 -12.54 
43005110395838 43005108792000 41.16 -8.04 -13.139999 
43005177247047 43005175796000 41.219997 -7.5 -13.559999 
43005247382881 43005243368000 41.219997 -7.2 -14.099999 
43005310984631 43005309155000 41.1 -6.7799997 -14.34 
43005377311714 43005375916000 41.16 -6.3599997 -14.94 
43005445726630 43005443362000 41.16 -6.06 -15.48 
43005511116339 43005509477000 41.28 -5.64 -15.78 
43005577618964 43005576194000 41.46 -5.46 -15.9 
43005646184131 43005643278000 41.52 -5.04 -16.08 
43005711028131 43005709744000 41.64 -4.8599997 -16.5 
43005778267255 43005776966000 41.7 -4.62 -16.859999 
43005844816047 43005843687000 41.82 -4.38 -17.52 
43005912477672 43005910613000 41.76 -4.14 -18.18 
43005979529214 43005977834000 41.76 -3.72 -18.96 
43006047077381 43006044393000 41.82 -3.48 -19.439999 
43006112475631 43006111170000 41.879997 -3.1799998 -20.039999 
43006179976506 43006178532000 42.059998 -2.8799999 -20.46 
43006246503298 43006244664000 42.12 -2.6399999 -20.939999 
43006313299548 43006311586000 42.3 -2.34 -21.359999 
43006379563089 43006378267000 42.48 -2.1 -21.96 
43006450456840 43006445179000 42.78 -2.04 -22.32 
43006513608798 43006511888000 42.899998 -1.74 -22.38 
43006579868423 43006578568000 43.02 -1.5 -22.74 
43006647448090 43006645744000 43.26 -1.1999999 -22.98 
43006714081757 43006712614000 43.44 -1.02 -23.4 
43006780484382 43006778893000 43.62 -0.78 -23.519999 
43006847370007 43006845717000 43.739998 -0.78 -24.0 
43006914124882 43006912499000 43.92 -0.78 -24.24 
43006981216965 43006979440000 44.16 -0.96 -24.48 
43007047259924 43007045923000 44.399998 -1.1999999 -24.539999 
43007114260298 43007112731000 44.579998 -1.26 -24.84 
43007180832924 43007179470000 44.76 -1.5 -25.199999 
43007247877090 43007246667000 44.879997 -1.86 -25.5 
43007314734715 43007313070000 44.94 -2.3999999 -25.92 
43007381463549 43007379920000 45.059998 -2.7 -26.279999 
43007447746632 43007446549000 45.12 -3.24 -26.58 
43007514644007 43007513495000 45.12 -3.54 -26.939999 
43007595481507 43007580294000 45.48 -3.72 -27.18 
43007648633673 43007647065000 45.899998 -4.08 -27.42 
43007715616632 43007713752000 46.2 -4.38 -27.66 
43007783219715 43007781213000 46.44 -4.68 -28.019999 
43007848620590 43007847210000 46.92 -4.98 -28.14 
43007917556882 43007915620000 47.219997 -5.22 -28.32 
43007983019382 43007981014000 47.52 -5.4 -28.32 
43008049005840 43008047611000 47.7 -5.4 -28.5 
43008117489132 43008114620000 47.879997 -5.46 -28.859999 
43008183333549 43008181222000 48.12 -5.94 -28.98 
43008249214799 43008247839000 48.36 -6.2999997 -29.039999 
43008318670174 43008315871000 48.6 -6.6 -29.34 
43008384046049 43008381566000 48.84 -7.02 -29.4 
43008450392674 43008448204000 49.02 -7.44 -29.46 
43008517338007 43008515174000 49.32 -7.8599997 -29.64 
43008596909174 43008582110000 49.5 -8.46 -29.699999 
43008649849465 43008648574000 49.379997 -9.3 -29.82 
43008717644799 43008715686000 49.14 -10.139999 -29.82 
43008783905340 43008782261000 48.78 -10.86 -30.24 
43008850480674 43008849113000 48.539997 -11.58 -30.24 
43008918420049 43008916063000 48.18 -12.24 -30.3 
43008984264799 43008982672000 47.94 -12.96 -30.3 
43009050636424 43009049284000 47.76 -13.62 -30.24 
43009145275632 43009116275000 47.64 -14.4 -30.179998 
43009200156091 43009183221000 47.34 -15.0 -29.82 
43009251038507 43009249666000 47.34 -15.24 -29.46 
43009318484299 43009316569000 47.28 -15.78 -29.039999 
43009385973424 43009383847000 47.16 -16.199999 -28.68 
43009452331216 43009450469000 46.86 -16.5 -28.439999 
43009519129466 43009517338000 46.62 -16.859999 -28.32 
43009595384425 43009584787000 46.32 -17.1 -27.779999 
43009652227133 43009650846000 45.96 -17.22 -27.359999 
43009719968508 43009717794000 45.78 -17.22 -27.119999 
43009786441383 43009784425000 45.6 -17.16 -26.88 
43009852526675 43009851162000 45.42 -17.34 -26.4 
43009935518342 43009918799000 44.94 -17.46 -25.92 
43009987427550 43009985973000 44.7 -17.52 -25.68 
43010053450091 43010052243000 44.219997 -17.52 -25.5 
43010120684716 43010119232000 43.86 -17.58 -25.38 
43010187695632 43010185870000 43.44 -17.699999 -25.199999 
43010253816507 43010252594000 42.899998 -17.699999 -25.38 
43010322295299 43010319559000 42.42 -17.82 -25.619999 
43010390765176 43010386321000 41.82 -17.64 -25.619999 
43010454590133 43010453069000 41.16 -17.4 -25.56 
43010521373467 43010520268000 40.68 -17.22 -25.439999 
43010587888009 43010586568000 40.5 -16.92 -25.14 
43010656328301 43010654288000 40.26 -16.5 -24.96 
43010724681383 43010720461000 40.26 -16.14 -24.779999 
43010788486925 43010787009000 40.26 -15.839999 -24.6 
43010855252467 43010853726000 40.26 -15.42 -24.24 
43010922811967 43010920594000 40.44 -14.88 -24.06 
43010990946384 43010987518000 40.739998 -14.4 -23.939999 
43011057196009 43011054591000 40.92 -14.04 -23.519999 
43011123921300 43011121126000 41.34 -13.679999 -23.039999 
43011192024426 43011189274000 41.46 -13.559999 -22.68 
43011259074050 43011254426000 41.76 -13.38 -22.26 
43011323991425 43011321626000 42.239998 -13.38 -21.66 
43011397423759 43011388311000 42.48 -13.32 -21.0 
43011456713009 43011454748000 42.719997 -13.5 -20.64 
43011523830092 43011521720000 43.26 -13.92 -20.16 
43011591153134 43011589011000 43.559998 -14.28 -19.56 
43011657133176 43011655245000 43.5 -14.7 -19.14 
43011724667467 43011722670000 43.559998 -15.24 -18.72 
43011790150759 43011788784000 43.559998 -15.839999 -18.24 
43011857630051 43011855797000 43.44 -16.199999 -17.76 
43011925727009 43011923811000 43.5 -16.68 -17.34 
43011992024092 43011989328000 43.14 -17.039999 -16.859999 
43012058308800 43012055915000 42.84 -17.46 -16.56 
43012125427175 43012123317000 42.48 -17.64 -16.199999 
43012193138925 43012189710000 42.239998 -17.88 -15.96 
43012257496009 43012256153000 41.879997 -17.76 -15.54 
43012326688009 43012323142000 41.52 -17.699999 -15.36 
43012398034342 43012390068000 41.16 -17.4 -15.059999 
43012457807342 43012456651000 40.739998 -17.52 -14.94 
43012524923967 43012523892000 40.32 -17.4 -14.5199995 
43012591676509 43012590279000 39.719997 -17.34 -14.219999 
43012658835217 43012657704000 39.3 -17.34 -13.92 
43012724688467 43012723618000 38.879997 -17.279999 -13.559999 
43012792082300 43012790431000 38.16 -17.16 -13.44 
43012858447425 43012857180000 37.559998 -16.92 -13.44 
43012925055884 43012923901000 37.079998 -16.92 -13.559999 
43012992431593 43012990850000 36.54 -16.859999 -13.62 
43013058577968 43013057446000 36.12 -16.92 -13.679999 
43013125467968 43013124297000 35.64 -16.98 -13.679999 
43013193890635 43013192228000 35.219997 -16.98 -13.799999 
43013259432843 43013257899000 34.739998 -16.8 -13.74 
43013326437843 43013324528000 34.38 -16.68 -13.679999 
43013406983468 43013392398000 34.02 -16.5 -13.5 
43013469376551 43013459548000 33.719997 -16.5 -13.44 
43013526615885 43013524974000 33.54 -16.08 -13.38 
43013593302926 43013591713000 33.239998 -15.719999 -13.38 
43013660399010 43013658827000 33.18 -15.24 -13.32 
43013735843927 43013726181000 33.0 -14.58 -13.259999 
43013798073302 43013792845000 32.88 -13.92 -13.32 
43013861180718 43013859566000 32.94 -13.259999 -13.259999 
43013933492135 43013927172000 33.059998 -12.48 -13.139999 
43014000681510 43013993177000 33.059998 -11.82 -12.96 
43014069269093 43014060428000 33.0 -11.28 -12.84 
43014130981302 43014126906000 32.88 -10.559999 -12.9 
43014178410093 43014177271000 32.579998 -7.74 -14.099999 
43014231341343 43014228599000 32.16 -6.12 -15.839999 
43014291653593 43014288683000 32.04 -5.8799996 -17.82 
43014346968218 43014340583000 32.399998 -5.94 -18.0 
43014399754218 43014392120000 32.76 -6.06 -17.82 
43014452731468 43014451483000 33.059998 -5.94 -17.279999 
43014503456468 43014502112000 33.12 -6.42 -17.039999 
43014554950759 43014553278000 33.48 -6.6 -16.92 
43014604917176 43014603299000 33.78 -6.96 -16.98 
43014654800968 43014653628000 34.32 -6.96 -17.039999 
43014707366343 43014705106000 35.04 -7.02 -17.039999 
43014757717760 43014755350000 35.76 -6.8399997 -16.68 
43014806941635 43014805681000 36.36 -6.7799997 -16.08 
43014858620426 43014856201000 36.78 -6.3599997 -15.719999 
43014908440385 43014906976000 37.38 -5.7 -14.94 
43014958866218 43014957453000 37.62 -5.46 -14.5199995 
43015009915343 43015008221000 38.04 -5.46 -14.4 
43015064676468 43015060107000 38.28 -5.58 -14.5199995 
43015111545385 43015110198000 38.34 -5.22 -14.58 
43015164019676 43015160772000 38.7 -5.4 -14.5199995 
43015213155968 43015211876000 38.94 -5.7 -14.099999 
43015270540801 43015262329000 39.6 -6.42 -13.559999 
43015314854051 43015313301000 39.78 -6.6 -12.66 
43015365272843 43015363704000 39.6 -7.3799996 -12.719999 
43015422656093 43015413848000 39.48 -7.5 -12.599999 
43015466425510 43015464299000 39.12 -7.68 -13.0199995 
43015516441718 43015514854000 39.12 -8.34 -13.62 
43015568727843 43015565865000 39.6 -8.94 -13.74 
43015617501718 43015616242000 39.899998 -10.0199995 -14.099999 
43015668215469 43015667865000 40.379997 -10.08 -13.86 
43015732321803 43015727389000 40.44 -10.2 -13.08 
43015778860386 43015777755000 41.1 -9.719999 -12.42 
43015829931261 43015828580000 41.1 -9.66 -11.759999 
43015881570219 43015879449000 41.46 -9.3 -11.58 
43015949598010 43015930304000 41.64 -9.059999 -11.58 
43015984044677 43015982885000 41.76 -8.5199995 -12.12 
43016043942052 43016042715000 41.7 -8.099999 -12.9 
43016094688135 43016093211000 41.46 -7.9199996 -13.259999 
43016144982594 43016143681000 41.64 -8.099999 -13.799999 
43016198043135 43016194174000 41.579998 -7.5 -14.16 
43016245985511 43016244570000 42.12 -7.02 -14.34 
43016297142802 43016295717000 42.3 -6.42 -14.099999 
43016347735260 43016345951000 42.6 -6.18 -13.679999 
43016401243719 43016396523000 42.66 -6.06 -14.219999 
43016449057427 43016446981000 42.54 -5.3399997 -14.5199995 
43016501093386 43016499230000 42.78 -4.38 -14.46 
43016555062052 43016552995000 43.02 -4.08 -13.92 
43016613433094 43016612255000 43.32 -4.08 -13.32 
43016666262302 43016664747000 43.44 -4.7999997 -12.9 
43016718173219 43016716357000 43.32 -4.7999997 -12.719999 
43016771684802 43016769499000 43.44 -5.4 -12.54 
43016833116594 43016830887000 43.8 -5.64 -12.719999 
43016882567177 43016881355000 44.219997 -5.94 -12.719999 
43016944987427 43016932741000 44.34 -6.24 -12.84 
43016984969344 43016983584000 44.46 -6.2999997 -12.54 
43017036511219 43017034600000 44.04 -6.66 -12.12 
43017087529552 43017086025000 43.86 -6.8399997 -12.12 
43017138280677 43017137119000 43.739998 -7.8599997 -12.059999 
43017190361596 43017188648000 43.2 -8.88 -12.42 
43017241797178 43017239233000 43.26 -9.719999 -12.54 
43017293290553 43017291911000 42.719997 -10.32 -12.54 
43017344453011 43017342984000 42.48 -10.559999 -12.3 
43017404673761 43017402944000 42.059998 -11.219999 -12.42 
43017456027303 43017454711000 42.059998 -10.98 -12.78 
43017506762386 43017505361000 41.52 -11.16 -12.84 
43017557405428 43017556058000 40.92 -10.8 -12.66 
43017608706428 43017607210000 40.379997 -11.219999 -12.059999 
43017659509803 43017658263000 40.44 -11.5199995 -11.46 
43017711611261 43017709758000 40.26 -12.0 -11.639999 
43017763208220 43017761285000 40.079998 -12.24 -11.639999 
43017813763053 43017811354000 39.6 -11.94 -12.24 
43017882693845 43017862568000 39.48 -11.28 -13.0199995 
43017923687136 43017913043000 39.36 -10.26 -12.84 
43017964937053 43017963750000 39.239998 -9.48 -12.9 
43018028780887 43018015842000 39.18 -8.82 -12.36 
43018067395220 43018066159000 38.579998 -8.76 -12.599999 
43018118110637 43018116693000 38.28 -8.58 -12.84 
43018168881970 43018167117000 37.86 -8.16 -12.66 
43018219494845 43018217855000 38.04 -7.5 -12.66 
43018271532137 43018270143000 37.92 -7.56 -12.48 
43018331692637 43018329255000 38.04 -7.5 -12.78 
43018382777345 43018381050000 38.04 -7.62 -12.48 
43018434373470 43018433119000 38.34 -7.3199997 -12.179999 
43018485311804 43018483958000 38.16 -7.44 -11.5199995 
43018552794595 43018536350000 38.1 -7.5 -11.5199995 
43018590688721 43018588701000 37.8 -7.8599997 -11.639999 
43018640855679 43018639012000 37.559998 -8.099999 -11.46 
43018691523137 43018689776000 37.38 -8.639999 -11.219999 
43018792334095 43018789811000 37.38 -9.36 -11.16 
43018856670471 43018855475000 37.44 -9.42 -11.219999 
43018923766679 43018921779000 37.38 -9.66 -11.16 
43018993187846 43018989236000 37.38 -9.84 -11.28 
43019057925804 43019055358000 37.26 -9.96 -11.28 
43019123430804 43019121972000 37.14 -10.08 -11.28 
43019190296220 43019188762000 37.079998 -10.38 -11.4 
43019257398678 43019255681000 36.899998 -10.5 -11.5199995 
43019326835887 43019322621000 36.719997 -10.5 -11.639999 
43019392063470 43019389217000 36.36 -10.74 -11.88 
43019457846720 43019455884000 36.0 -10.8 -12.12 
43019541924470 43019526090000 35.7 -10.679999 -12.42 
43019591963303 43019590183000 35.399998 -10.62 -12.599999 
43019658582262 43019656240000 34.98 -10.62 -12.78 
43019728729637 43019723048000 34.739998 -10.44 -12.66 
43019791149345 43019789969000 34.44 -10.62 -12.84 
43019857922929 43019856630000 33.899998 -10.559999 -12.84 
43019924934345 43019923590000 33.54 -10.62 -12.719999 
43019991591179 43019990329000 33.12 -10.679999 -12.78 
43020058883012 43020057402000 32.76 -10.74 -12.719999 
43020132120472 43020123838000 32.399998 -10.86 -12.719999 
43020191813930 43020190661000 31.92 -11.099999 -12.78 
43020258520305 43020257452000 31.5 -11.28 -12.719999 
43020325654096 43020324175000 31.26 -11.639999 -12.599999 
43020396546971 43020391568000 30.96 -12.12 -12.599999 
43020459262596 43020457681000 30.84 -12.36 -12.48 
43020526374638 43020524452000 30.66 -12.84 -12.3 
43020592876679 43020591294000 30.48 -13.32 -12.179999 
43020659686429 43020658083000 30.24 -14.099999 -12.3 
43020727024721 43020724927000 30.0 -14.7 -12.179999 
43020793368930 43020791666000 29.58 -15.54 -12.36 
43020860253388 43020858472000 29.22 -16.02 -12.24 
43020927229429 43020925523000 29.16 -16.619999 -12.36 
43021001649805 43020992050000 28.92 -17.039999 -12.54 
43021065640347 43021059197000 28.68 -17.58 -12.78 
43021135806180 43021125957000 28.38 -18.3 -13.139999 
43021198569180 43021192884000 28.14 -19.02 -13.32 
43021265818930 43021259140000 28.08 -19.619999 -13.44 
43021336642764 43021326934000 27.84 -20.039999 -13.5 
43021400775056 43021393265000 27.42 -20.46 -13.62 
43021466067556 43021460442000 27.3 -20.76 -13.62 
43021544356139 43021526574000 26.82 -21.24 -13.44 
43021599632347 43021594012000 26.58 -21.66 -13.44 
43021661957181 43021659921000 26.279999 -22.14 -13.32 
43021734514555 43021727528000 26.039999 -22.32 -13.259999 
43021798511347 43021793212000 25.68 -22.619999 -13.38 
43021864677389 43021859970000 25.32 -22.98 -13.38 
43021932096556 43021926738000 24.96 -23.46 -13.38 
43021997828597 43021993668000 24.42 -23.88 -13.2 
43022065648847 43022060343000 23.939999 -24.48 -13.2 
43022131574805 43022127106000 23.4 -24.96 -13.2 
43022198701763 43022193866000 22.92 -25.26 -13.0199995 
43022281397888 43022261126000 22.439999 -25.68 -13.0199995 
43022333506222 43022327945000 21.9 -26.039999 -13.0199995 
43022405240764 43022394419000 21.3 -26.46 -12.96 
43022464933388 43022460953000 20.82 -27.0 -12.96 
43022534642055 43022527821000 20.1 -27.48 -12.84 
43022597930222 43022594476000 19.56 -28.019999 -13.08 
43022671711305 43022661842000 18.9 -28.56 -13.08 
43022731379222 43022727995000 18.24 -29.099998 -13.259999 
43022808171847 43022795268000 17.46 -29.699999 -12.96 
43022865733222 43022861564000 16.859999 -30.119999 -12.78 
43022932914639 43022928277000 16.38 -30.48 -12.599999 
43023001666764 43022995089000 15.719999 -30.84 -12.599999 
43023064297889 43023061878000 15.0 -31.439999 -12.719999 
43023131413930 43023128615000 14.34 -31.92 -12.78 
43023199917722 43023195385000 13.799999 -32.28 -12.66 
43023266178514 43023262164000 13.2 -32.82 -12.78 
43023331991639 43023329339000 12.54 -33.239998 -12.66 
43023399778347 43023395674000 11.82 -33.66 -12.48 
43023476572222 43023462407000 11.28 -34.079998 -12.36 
43023532395139 43023529141000 10.8 -34.38 -12.24 
43023602692723 43023596268000 10.2 -34.8 -12.3 
43023668804806 43023662830000 9.66 -35.28 -12.059999 
43023731655015 43023729426000 9.059999 -35.7 -11.88 
43023798288140 43023796890000 8.4 -36.12 -11.88 
43023865761640 43023864396000 7.7999997 -36.36 -11.94 
43023932575348 43023930572000 7.14 -36.719997 -12.12 
43023999494306 43023997240000 6.42 -36.96 -12.24 
43024065476307 43024063985000 5.8199997 -37.14 -12.36 
43024133207973 43024131030000 5.1 -37.2 -12.42 
43024199402598 43024198240000 4.44 -37.38 -12.3 
43024266188057 43024264982000 3.6599998 -37.559998 -12.36 
43024333387765 43024331951000 3.0 -37.68 -12.24 
43024407179057 43024399210000 2.34 -37.92 -12.36 
43024478231848 43024465376000 1.8 -37.86 -12.42 
43024548018932 43024532298000 1.0799999 -37.86 -12.599999 
43024621628557 43024598795000 0.24 -37.739998 -12.78 
43024697276640 43024665580000 -0.35999998 -37.739998 -12.9 
43024765968515 43024732324000 -1.02 -37.559998 -13.139999 
43024831977390 43024799690000 -1.68 -37.32 -13.38 
43024899453057 43024866165000 -1.92 -37.26 -13.5 
43024963700765 43024933328000 -2.34 -37.32 -13.62 
43025031381473 43024999386000 -2.82 -37.32 -13.62 
43025096958431 43025066753000 -3.12 -37.32 -13.679999 
43025163617473 43025132884000 -3.3 -37.32 -13.679999 
43025221847641 43025199702000 -3.54 -37.32 -13.559999 
43025301623349 43025266463000 -3.72 -37.2 -13.5 
43025379738182 43025333472000 -3.84 -37.26 -13.62 
43025419655682 43025400139000 -4.02 -37.02 -13.44 
43025497794307 43025467644000 -4.14 -36.899998 -13.259999 
43025563648932 43025533690000 -4.44 -36.84 -13.32 
43025631129432 43025600629000 -4.5 -36.96 -13.139999 
43025668396932 43025667274000 -4.68 -37.2 -13.2 
43025735222266 43025733989000 -4.74 -37.26 -13.259999 
43025802268349 43025800994000 -4.7999997 -37.5 -13.32 
43025869343974 43025868173000 -4.8599997 -37.68 -13.32 
43025936083432 43025934924000 -5.22 -37.68 -13.2 
43026018035557 43026002028000 -5.3399997 -37.8 -13.32 
43026070179015 43026068974000 -5.4 -37.86 -13.38 
43026145833849 43026135350000 -5.64 -37.98 -13.259999 
43026214981724 43026201980000 -5.94 -38.1 -13.259999 
43026273896099 43026268755000 -6.18 -38.219997 -13.259999 
43026337001558 43026335666000 -6.2999997 -38.34 -13.259999 
43026408825641 43026402642000 -6.3599997 -38.16 -13.139999 
43026470442808 43026469232000 -6.42 -38.399998 -13.2 
43026537956474 43026536224000 -6.6 -38.579998 -13.259999 
43026604742974 43026603407000 -6.48 -38.82 -13.259999 
43026670749516 43026669580000 -6.6 -38.879997 -13.44 
43026779387224 43026736585000 -6.48 -38.82 -13.259999 
43026828542391 43026803152000 -6.54 -38.76 -13.139999 
43026893787599 43026869986000 -6.6 -38.52 -12.9 
43026965620475 43026937267000 -6.72 -38.52 -12.719999 
43027016595933 43027003506000 -6.6 -38.579998 -12.84 
43027071529683 43027070207000 -6.6 -38.579998 -12.78 
43027138703433 43027137421000 -6.6 -38.579998 -12.84 
43027205161850 43027203746000 -6.42 -38.52 -12.78 
43027271715933 43027270522000 -6.42 -38.579998 -12.599999 
43027338468433 43027337262000 -6.3599997 -38.64 -12.54 
43027405338392 43027404072000 -6.2999997 -38.7 -12.48 
43027471991683 43027470800000 -6.2999997 -38.76 -12.48 
43027539275808 43027537775000 -6.42 -38.64 -12.54 
43027605537934 43027604376000 -6.3599997 -38.64 -12.54 
43027672911600 43027671585000 -6.54 -38.579998 -12.54 
43027739574433 43027738003000 -6.48 -38.579998 -12.66 
43027806220474 43027804819000 -6.48 -38.7 -12.66 
43027872871683 43027871546000 -6.54 -38.94 -12.78 
43027939871599 43027938414000 -6.48 -39.0 -12.96 
43028025638349 43028005405000 -6.18 -39.0 -12.96 
43028073597266 43028071959000 -6.42 -39.0 -12.9 
43028139747641 43028138549000 -6.42 -39.059998 -12.66 
