#SysTm EventTmStmp Light
42916304469754 42915921670000 18.0 
42916313234921 42915988416000 10.0 
42916321292671 42916055182000 16.0 
42916344011629 42916121908000 13.0 
42916352356254 42916188478000 18.0 
42916392495171 42916255348000 18.0 
42916429523254 42916321758000 20.0 
42916438656421 42916388412000 8.0 
42916466752754 42916455123000 20.0 
42916521905088 42916521674000 20.0 
42916588907963 42916588467000 16.0 
42916655541838 42916655164000 20.0 
42916721956088 42916721701000 20.0 
42916788615463 42916788349000 16.0 
42916855263879 42916855038000 20.0 
42916921926963 42916921707000 22.0 
42916989234963 42916988522000 22.0 
42917055727213 42917055333000 18.0 
42917124621880 42917121697000 20.0 
42917188864839 42917188496000 20.0 
42917255475089 42917255152000 20.0 
42917334614089 42917321741000 13.0 
42917388743797 42917388498000 23.0 
42917455511464 42917455185000 23.0 
42917521961422 42917521763000 23.0 
42917588648131 42917588424000 23.0 
42917655491797 42917655187000 22.0 
42917722051297 42917721800000 20.0 
42917788791547 42917788504000 27.0 
42917856738006 42917855305000 30.0 
42917921899047 42917921688000 44.0 
42917988811214 42917988520000 64.0 
42918056382465 42918055281000 67.0 
42918123040673 42918122767000 84.0 
42918188813589 42918188537000 91.0 
42918256916840 42918255293000 88.0 
42918321960715 42918321729000 91.0 
42918388814714 42918388521000 98.0 
42918455344298 42918455135000 91.0 
42918521886923 42918521691000 100.0 
42918588776256 42918588393000 98.0 
42918657804715 42918655229000 105.0 
42918731045382 42918726194000 108.0 
42918790160465 42918788823000 95.0 
42918857167798 42918856410000 108.0 
42918923366631 42918921770000 110.0 
42918989384798 42918988430000 112.0 
42919056807007 42919055497000 122.0 
42919125169757 42919121823000 118.0 
42919191434257 42919188449000 124.0 
42919256550465 42919255185000 125.0 
42919323881423 42919321885000 115.0 
42919390853757 42919388614000 105.0 
42919458198257 42919455289000 88.0 
42919526857590 42919522185000 81.0 
42919592992507 42919588880000 76.0 
42919657532632 42919655194000 78.0 
42919722446923 42919721877000 69.0 
42919790882340 42919788613000 67.0 
42919855785465 42919855349000 67.0 
42919925614757 42919922432000 64.0 
42919994105339 42919988624000 61.0 
42920066677798 42920055254000 50.0 
42920122131381 42920121779000 54.0 
42920191188298 42920188636000 47.0 
42920255785216 42920255258000 47.0 
42920324113840 42920322047000 44.0 
42920388772757 42920388424000 30.0 
42920455764258 42920455301000 23.0 
42920523346174 42920521986000 27.0 
42920589519965 42920588673000 20.0 
42920656091383 42920655171000 23.0 
42920722859382 42920721773000 20.0 
42920788996591 42920788558000 18.0 
42920855611883 42920855157000 22.0 
42920922370882 42920921878000 16.0 
42920989016007 42920988616000 16.0 
42921055398174 42921055111000 16.0 
42921122405716 42921121901000 16.0 
42921188747757 42921188449000 15.0 
42921255400424 42921255121000 15.0 
42921322608799 42921321880000 5.0 
42921388693216 42921388417000 13.0 
42921455313091 42921455075000 8.0 
42921522740508 42921522204000 10.0 
42921589067466 42921588726000 13.0 
42921655346758 42921655118000 16.0 
42921722448633 42921721876000 2.0 
42921789347799 42921788770000 15.0 
42921863027591 42921855611000 11.0 
42921922114508 42921921777000 8.0 
42921988931049 42921988506000 13.0 
42922055737424 42922055216000 10.0 
42922122047924 42922121741000 10.0 
42922188906840 42922188514000 10.0 
42922255719424 42922255220000 1.0 
42922322122257 42922321814000 10.0 
42922389218007 42922388559000 10.0 
42922455551341 42922455197000 1.0 
42922521983632 42922521736000 13.0 
42922589129049 42922588563000 5.0 
42922655623132 42922655256000 5.0 
42922722015132 42922721746000 13.0 
42922789286466 42922788741000 5.0 
42922856889382 42922855342000 5.0 
42922922987132 42922921910000 0.0 
42922988628216 42922988387000 5.0 
42923056820549 42923056386000 5.0 
42923122799674 42923122439000 10.0 
42923188891257 42923188518000 5.0 
42923255623382 42923255126000 13.0 
42923322308382 42923321940000 5.0 
42923388784092 42923388423000 13.0 
42923455471009 42923455130000 16.0 
42923522890842 42923522502000 16.0 
42923589451092 42923589125000 4.0 
42923655362592 42923655092000 16.0 
42923722133634 42923721792000 16.0 
42923788857300 42923788488000 13.0 
42923855552759 42923855167000 16.0 
42923922258509 42923921902000 13.0 
42923988740550 42923988461000 20.0 
42924055583801 42924055203000 16.0 
42924122064800 42924121792000 16.0 
42924188920009 42924188526000 16.0 
42924255841258 42924255272000 20.0 
42924322060466 42924321777000 20.0 
42924388775300 42924388481000 18.0 
42924462966258 42924455261000 18.0 
42924522156467 42924521938000 23.0 
42924588785800 42924588460000 16.0 
42924656149676 42924655449000 37.0 
42924722109176 42924721785000 59.0 
42924788797259 42924788464000 57.0 
42924856584675 42924855474000 66.0 
42924922257842 42924921882000 67.0 
42924989024508 42924988591000 74.0 
42925055923759 42925055328000 67.0 
42925122076967 42925121755000 69.0 
42925189023592 42925188533000 71.0 
42925256077050 42925255423000 74.0 
42925322064383 42925321763000 81.0 
42925388792508 42925388463000 91.0 
42925455507093 42925455236000 91.0 
42925522104468 42925521796000 91.0 
42925588951509 42925588555000 95.0 
42925655950468 42925655354000 95.0 
42925722181260 42925721883000 95.0 
42925788909384 42925788555000 95.0 
42925866874010 42925855351000 95.0 
42925925645635 42925922004000 91.0 
42925988953051 42925988528000 64.0 
42926055643135 42926055241000 61.0 
42926122228510 42926121772000 44.0 
42926188686093 42926188395000 44.0 
42926255405552 42926255169000 44.0 
42926322059301 42926321773000 27.0 
42926388700968 42926388402000 30.0 
42926455551469 42926455141000 30.0 
42926522140885 42926521811000 23.0 
42926588916843 42926588524000 27.0 
42926655651636 42926655245000 30.0 
42926722193802 42926721801000 27.0 
42926788949843 42926788575000 30.0 
42926867008010 42926855778000 30.0 
42926923755344 42926923227000 23.0 
42926989238968 42926988586000 20.0 
42927056613052 42927056220000 16.0 
42927122338885 42927121937000 16.0 
42927188874219 42927188589000 16.0 
42927255664927 42927255199000 20.0 
42927322327219 42927321853000 15.0 
42927388747094 42927388423000 18.0 
42927455673219 42927455311000 18.0 
42927522084719 42927521754000 8.0 
42927588840594 42927588448000 13.0 
42927655452136 42927655135000 13.0 
42927722106636 42927721818000 6.0 
42927788743385 42927788437000 16.0 
42927862291969 42927855170000 16.0 
42927922011969 42927921755000 16.0 
42927988872760 42927988503000 15.0 
42928055620302 42928055298000 6.0 
42928122117885 42928121844000 15.0 
42928189208593 42928188628000 13.0 
42928255659760 42928255288000 13.0 
42928322059510 42928321790000 13.0 
42928389088510 42928388615000 6.0 
42928456012760 42928455429000 10.0 
42928522122177 42928521852000 13.0 
42928589359677 42928588560000 6.0 
42928655877344 42928655316000 5.0 
42928722530802 42928721997000 13.0 
42928789170927 42928788668000 11.0 
42928883483010 42928855415000 13.0 
42928927053261 42928922350000 11.0 
42928995434553 42928988453000 10.0 
42929055485178 42929055165000 11.0 
42929122194761 42929121871000 7.0 
42929188860553 42929188484000 16.0 
42929255859803 42929255403000 11.0 
42929322128678 42929321812000 16.0 
42929388890553 42929388525000 16.0 
42929455726387 42929455289000 5.0 
42929522184887 42929521868000 16.0 
42929588939470 42929588559000 13.0 
42929655610303 42929655258000 16.0 
42929722351053 42929721923000 13.0 
42929788842761 42929788534000 16.0 
42929872242845 42929855415000 16.0 
42929922197428 42929921840000 16.0 
42929988778553 42929988470000 16.0 
42930055452429 42930055164000 16.0 
42930122148845 42930121803000 13.0 
42930189049678 42930188551000 18.0 
42930256026887 42930255390000 15.0 
42930322157303 42930321812000 13.0 
42930389082720 42930388603000 16.0 
42930455960844 42930455373000 13.0 
42930522120178 42930521808000 20.0 
42930588960261 42930588557000 16.0 
42930655819553 42930655314000 22.0 
42930722082303 42930721790000 18.0 
42930788989678 42930788557000 22.0 
42930872661470 42930855472000 22.0 
42930922011511 42930921758000 20.0 
42930989215345 42930988595000 23.0 
42931055708179 42931055262000 23.0 
42931122048179 42931121798000 23.0 
42931190543846 42931188644000 23.0 
42931255757721 42931255267000 16.0 
42931322093304 42931321799000 23.0 
42931389264095 42931388596000 22.0 
42931456321970 42931455618000 25.0 
42931522772011 42931522011000 25.0 
42931590669845 42931590303000 27.0 
42931655479345 42931655159000 23.0 
42931722117720 42931721827000 23.0 
42931788813804 42931788494000 39.0 
42931865521305 42931855325000 47.0 
42931922110097 42931921803000 59.0 
42931988764846 42931988489000 78.0 
42932055558888 42932055226000 88.0 
42932122255804 42932121904000 86.0 
42932189069179 42932188577000 91.0 
42932255842971 42932255307000 101.0 
42932322127471 42932321837000 105.0 
42932389056929 42932388644000 112.0 
42932455856471 42932455391000 117.0 
42932522059304 42932521802000 125.0 
42932588891595 42932588616000 125.0 
42932655857846 42932655325000 132.0 
42932722097137 42932721799000 135.0 
42932789321804 42932788626000 135.0 
42932871211221 42932855483000 137.0 
42932922044930 42932921769000 135.0 
42932989275847 42932988616000 142.0 
42933055769596 42933055315000 139.0 
42933122387180 42933121945000 132.0 
42933189031679 42933188588000 101.0 
42933255801221 42933255320000 84.0 
42933322094805 42933321823000 78.0 
42933389056679 42933388587000 83.0 
42933456071680 42933455450000 78.0 
42933527710013 42933521814000 78.0 
42933588743513 42933588494000 74.0 
42933656704597 42933656220000 76.0 
42933722282389 42933721954000 76.0 
42933788740847 42933788505000 71.0 
42933868993805 42933855307000 67.0 
42933922270680 42933921989000 69.0 
42933988826013 42933988579000 66.0 
42934055756347 42934055355000 57.0 
42934122588014 42934122012000 54.0 
42934189312888 42934188779000 54.0 
42934255689347 42934255298000 50.0 
42934322733013 42934321978000 50.0 
42934388795846 42934388443000 47.0 
42934455549055 42934455251000 47.0 
42934522109388 42934521782000 47.0 
42934589027305 42934588577000 40.0 
42934656408722 42934655380000 44.0 
42934722154889 42934721810000 32.0 
42934788735347 42934788451000 33.0 
42934855544972 42934855174000 27.0 
42934922184805 42934921835000 30.0 
42934988790139 42934988465000 23.0 
42935055530681 42935055167000 25.0 
42935122303306 42935121941000 22.0 
42935188961305 42935188607000 23.0 
42935255519889 42935255179000 20.0 
42935322008639 42935321775000 20.0 
42935388732597 42935388513000 18.0 
42935455560473 42935455223000 18.0 
42935522150140 42935521850000 16.0 
42935588811931 42935588516000 16.0 
42935655777556 42935655316000 20.0 
42935722254347 42935721960000 16.0 
42935789351931 42935788798000 20.0 
42935855442681 42935855152000 20.0 
42935922704639 42935922335000 16.0 
42935988956097 42935988648000 16.0 
42936055499098 42936055153000 16.0 
42936122378347 42936121800000 16.0 
42936191842389 42936188490000 20.0 
42936255529973 42936255176000 16.0 
42936322019889 42936321776000 20.0 
42936389491972 42936388625000 16.0 
42936457953472 42936455219000 16.0 
42936522142181 42936521844000 20.0 
42936588660764 42936588449000 20.0 
42936655410889 42936655170000 16.0 
42936722096014 42936721856000 20.0 
42936788738431 42936788533000 16.0 
42936868475764 42936856079000 16.0 
42936922071973 42936921780000 16.0 
42936988849639 42936988470000 16.0 
42937055587473 42937055263000 16.0 
42937122267306 42937121793000 20.0 
42937188965639 42937188469000 16.0 
42937255515181 42937255252000 20.0 
42937322109056 42937321838000 16.0 
42937388778889 42937388463000 18.0 
42937469390514 42937455185000 23.0 
42937522118806 42937521787000 23.0 
42937588732556 42937588453000 27.0 
42937655506181 42937655209000 20.0 
42937722036515 42937721784000 37.0 
42937788759890 42937788456000 47.0 
42937866247598 42937855249000 50.0 
42937922151890 42937921863000 47.0 
42937988790348 42937988496000 47.0 
42938055510307 42938055169000 49.0 
42938122051015 42938121792000 44.0 
42938188739306 42938188505000 40.0 
42938256885390 42938256055000 57.0 
42938322154182 42938321812000 62.0 
42938388767181 42938388472000 71.0 
42938455405015 42938455156000 79.0 
42938522266474 42938521909000 84.0 
42938588773890 42938588457000 79.0 
42938655470349 42938655156000 83.0 
42938722420682 42938721889000 84.0 
42938788812265 42938788473000 84.0 
42938855469057 42938855168000 88.0 
42938922168599 42938921803000 84.0 
42938989733223 42938989364000 83.0 
42939056994557 42939055177000 83.0 
42939122206765 42939121907000 88.0 
42939188850266 42939188568000 78.0 
42939255393308 42939255154000 84.0 
42939322223517 42939321941000 88.0 
42939388902266 42939388607000 81.0 
42939455486475 42939455249000 83.0 
42939522122725 42939521875000 84.0 
42939588823933 42939588582000 91.0 
42939655521350 42939655240000 88.0 
42939722114433 42939721811000 81.0 
42939788728641 42939788461000 88.0 
42939855928350 42939855673000 81.0 
42939922302724 42939921901000 84.0 
42939989010266 42939988657000 79.0 
42940055527766 42940055231000 81.0 
42940122264891 42940121886000 78.0 
42940188829474 42940188496000 78.0 
42940255512933 42940255216000 73.0 
42940322378767 42940321988000 71.0 
42940388838683 42940388521000 67.0 
42940455518309 42940455216000 57.0 
42940522336266 42940521949000 61.0 
42940589177849 42940588773000 52.0 
42940655592183 42940655337000 50.0 
42940722309099 42940721949000 44.0 
42940788762558 42940788510000 42.0 
42940855524225 42940855216000 40.0 
42940925593641 42940922318000 33.0 
42940993789599 42940988651000 37.0 
42941065521641 42941055614000 27.0 
42941128367058 42941121849000 23.0 
42941201516766 42941188501000 6.0 
42941255473725 42941255182000 15.0 
42941322092391 42941321815000 15.0 
42941388951142 42941388583000 15.0 
42941455515809 42941455243000 13.0 
42941522155642 42941521885000 13.0 
42941622951434 42941588590000 13.0 
42941679763267 42941655441000 13.0 
42941743257267 42941721871000 13.0 
42941820199059 42941788520000 5.0 
42941864636725 42941855718000 8.0 
42941922251267 42941921971000 8.0 
42941988799433 42941988543000 0.0 
42942055508767 42942055252000 10.0 
42942122125433 42942121869000 5.0 
42942188954684 42942188574000 10.0 
42942255541893 42942255258000 10.0 
42942322137184 42942321895000 0.0 
42942389110767 42942388695000 10.0 
42942455771767 42942455365000 10.0 
42942523027809 42942521895000 5.0 
42942588931309 42942588541000 10.0 
42942655512351 42942655228000 10.0 
42942722187850 42942721860000 5.0 
42942789158017 42942788685000 10.0 
42942855589184 42942855291000 5.0 
42942922196309 42942921898000 10.0 
42942988851434 42942988551000 10.0 
42943055637310 42943055300000 10.0 
42943122148018 42943121860000 10.0 
42943189026768 42943188617000 0.0 
42943255669560 42943255327000 10.0 
42943322178059 42943321907000 0.0 
42943389214768 42943388646000 5.0 
42943455733060 42943455330000 10.0 
42943522097185 42943521856000 0.0 
42943589147809 42943588641000 10.0 
42943655752642 42943655406000 0.0 
42943722817309 42943722476000 4.0 
42943788927602 42943788633000 5.0 
42943855990602 42943855418000 10.0 
42943922292018 42943921970000 5.0 
42943989399185 42943988813000 11.0 
42944055724644 42944055395000 8.0 
42944122243019 42944121937000 13.0 
42944189074602 42944188663000 5.0 
42944255640727 42944255356000 13.0 
42944322610519 42944322198000 10.0 
42944388895143 42944388580000 13.0 
42944455514519 42944455230000 10.0 
42944522334060 42944521975000 5.0 
42944595806935 42944588644000 2.0 
42944655721352 42944655360000 10.0 
42944722369226 42944721959000 0.0 
42944789154060 42944788655000 8.0 
42944855678435 42944855340000 15.0 
42944922321810 42944921976000 16.0 
42944989420351 42944988654000 16.0 
42945055683603 42945055381000 13.0 
42945122095686 42945121862000 20.0 
42945189688185 42945189069000 16.0 
42945255926727 42945255357000 13.0 
42945322233977 42945321948000 16.0 
42945388994727 42945388629000 13.0 
42945455696852 42945455342000 18.0 
42945522116935 42945521860000 22.0 
42945631511727 42945588739000 10.0 
42945656205144 42945655454000 20.0 
42945722124519 42945721827000 23.0 
42945788820102 42945788562000 22.0 
42945855573727 42945855279000 27.0 
42945922256602 42945921935000 30.0 
42945989068352 42945988749000 40.0 
42946055683311 42946055376000 40.0 
42946122333394 42946122018000 47.0 
42946189075852 42946188664000 57.0 
42946255980352 42946255565000 54.0 
42946322579852 42946322051000 62.0 
42946389047936 42946388702000 64.0 
42946455681144 42946455380000 69.0 
42946522388894 42946522017000 71.0 
42946596776811 42946588694000 74.0 
42946656982227 42946655278000 74.0 
42946722638144 42946722001000 81.0 
42946788824977 42946788570000 78.0 
42946855770061 42946855377000 81.0 
42946922448520 42946922093000 88.0 
42946988979311 42946988639000 84.0 
42947055936353 42947055430000 81.0 
42947122699978 42947122446000 84.0 
42947188852520 42947188583000 86.0 
42947255534728 42947255285000 84.0 
42947322196811 42947321934000 78.0 
42947388830103 42947388591000 74.0 
42947455855478 42947455430000 57.0 
42947522296144 42947522012000 57.0 
42947589493519 42947588692000 47.0 
42947656236563 42947655560000 44.0 
42947722108562 42947721883000 47.0 
42947788958270 42947788629000 40.0 
42947855998604 42947855422000 40.0 
42947922220270 42947921923000 39.0 
42947988921353 42947988637000 37.0 
42948056633145 42948055465000 35.0 
42948122301228 42948121871000 33.0 
42948189123686 42948188673000 30.0 
42948255998978 42948255475000 32.0 
42948322206895 42948321875000 23.0 
42948389036270 42948388664000 18.0 
42948455949771 42948455465000 8.0 
42948522276229 42948521917000 13.0 
42948590390479 42948588807000 15.0 
42948657285312 42948656662000 15.0 
42948722142187 42948721898000 10.0 
42948788762937 42948788516000 10.0 
42948856204354 42948855496000 4.0 
42948922147146 42948921872000 0.0 
42948988816770 42948988540000 5.0 
42949055857521 42949055410000 11.0 
42949122412854 42949122045000 8.0 
42949188777437 42949188541000 5.0 
42949255674521 42949255358000 10.0 
42949322102271 42949321875000 0.0 
42949388903395 42949388567000 10.0 
42949456022520 42949455485000 10.0 
42949522166312 42949521872000 10.0 
42949588845312 42949588544000 4.0 
42949655926855 42949655414000 8.0 
42949722121480 42949721844000 0.0 
42949788853396 42949788554000 0.0 
42949856185687 42949855447000 0.0 
42949922259688 42949921917000 0.0 
42949988805479 42949988501000 0.0 
42950055583563 42950055275000 0.0 
42950122116938 42950121852000 0.0 
42950188763355 42950188519000 0.0 
42950255680313 42950255324000 0.0 
42950322206562 42950321925000 0.0 
42950388859729 42950388593000 0.0 
42950456108730 42950455548000 0.0 
42950522306313 42950522010000 0.0 
42950588813479 42950588566000 0.0 
42950661195604 42950655608000 0.0 
42950722105979 42950721872000 0.0 
42950788831479 42950788587000 0.0 
42950855619771 42950855310000 0.0 
42950922555854 42950921940000 0.0 
42950988930646 42950988597000 0.0 
42951055679355 42951055373000 0.0 
42951122505980 42951121988000 0.0 
42951189017896 42951188645000 0.0 
42951255653064 42951255305000 0.0 
42951322757688 42951322107000 0.0 
42951389131730 42951388676000 0.0 
42951468423563 42951455326000 0.0 
42951522196688 42951521882000 0.0 
42951597580647 42951588844000 0.0 
42951655736730 42951655410000 0.0 
42951722598438 42951721886000 0.0 
42951788981188 42951788593000 0.0 
42951855644064 42951855272000 0.0 
42951922186272 42951921889000 0.0 
42951989171980 42951988822000 0.0 
42952070446439 42952055344000 0.0 
42952122535314 42952122242000 0.0 
42952188722563 42952188538000 0.0 
42952270101897 42952255894000 0.0 
42952341542064 42952322120000 0.0 
42952419047230 42952388571000 0.0 
42952484532272 42952455287000 0.0 
42952522357647 42952521885000 0.0 
42952596442814 42952588558000 0.0 
42952655535564 42952655239000 0.0 
42952722213314 42952721891000 0.0 
42952789504522 42952789269000 0.0 
42952855531022 42952855240000 0.0 
42952922231814 42952921884000 0.0 
42952988790564 42952988541000 0.0 
42953055571272 42953055241000 0.0 
42953122404314 42953122004000 0.0 
42953188802189 42953188538000 0.0 
42953255498647 42953255243000 0.0 
42953322226147 42953321949000 0.0 
42953389197189 42953388840000 0.0 
42953455568314 42953455312000 0.0 
42953532425814 42953522030000 0.0 
42953588853565 42953588618000 0.0 
42953656826023 42953655359000 0.0 
42953722413398 42953722015000 0.0 
42953789223481 42953788712000 0.0 
42953855639065 42953855305000 0.0 
42953926885773 42953922046000 0.0 
42953988858106 42953988559000 0.0 
42954055849024 42954055255000 0.0 
42954122311898 42954121924000 0.0 
42954188867315 42954188637000 0.0 
42954256272482 42954255963000 0.0 
42954322109357 42954321895000 0.0 
42954388928982 42954388561000 0.0 
42954455455899 42954455237000 0.0 
42954522258190 42954521910000 0.0 
42954588873148 42954588544000 0.0 
42954655771065 42954655377000 0.0 
42954722519023 42954721870000 0.0 
42954788822356 42954788553000 0.0 
42954855749731 42954855279000 0.0 
42954922110690 42954921885000 0.0 
42954988875023 42954988566000 0.0 
42955055766940 42955055247000 0.0 
42955122103440 42955121872000 0.0 
42955188872315 42955188562000 0.0 
42955255537732 42955255312000 0.0 
42955322193773 42955321951000 0.0 
42955389112107 42955388698000 0.0 
42955456116149 42955455484000 0.0 
42955522263857 42955521900000 0.0 
42955602238649 42955588533000 0.0 
42955655587066 42955655302000 0.0 
42955722173899 42955721966000 0.0 
42955789343857 42955788655000 0.0 
42955867016232 42955855322000 0.0 
42955927177774 42955922516000 0.0 
42955989395690 42955989063000 0.0 
42956055610357 42956055275000 0.0 
42956122305649 42956121900000 0.0 
42956188747732 42956188546000 0.0 
42956256432232 42956256119000 0.0 
42956322525857 42956322063000 0.0 
42956390168607 42956388575000 0.0 
42956456193732 42956455292000 0.0 
42956522101816 42956521875000 0.0 
42956589008899 42956588613000 0.0 
42956655534566 42956655254000 0.0 
42956722180024 42956721921000 0.0 
42956788915774 42956788614000 0.0 
42956856203857 42956855277000 0.0 
42956922219441 42956921918000 0.0 
42956988799482 42956988558000 0.0 
42957055459066 42957055257000 0.0 
42957122231482 42957121920000 0.0 
42957189353441 42957188614000 0.0 
42957255474024 42957255252000 0.0 
42957323036232 42957322754000 0.0 
42957403822732 42957390730000 0.0 
42957471130108 42957455874000 0.0 
42957522245066 42957521936000 0.0 
42957588780482 42957588564000 0.0 
42957655575816 42957655339000 0.0 
42957722211358 42957721966000 0.0 
42957789062399 42957788723000 0.0 
42957855719358 42957855368000 0.0 
42957922238608 42957921969000 0.0 
42957989063649 42957988656000 0.0 
42958055613024 42958055359000 0.0 
42958122195608 42958121973000 0.0 
42958189046109 42958188668000 0.0 
42958255840359 42958255490000 0.0 
42958322226567 42958321955000 0.0 
42958388817192 42958388595000 0.0 
42958477168609 42958455616000 0.0 
42958522274567 42958521923000 0.0 
42958588898067 42958588591000 0.0 
42958655503734 42958655256000 0.0 
42958722187109 42958721994000 0.0 
42958789360525 42958788905000 0.0 
42958855450526 42958855247000 0.0 
42958922210942 42958921940000 0.0 
42958988774025 42958988563000 0.0 
42959055552817 42959055274000 0.0 
42959122290192 42959121921000 0.0 
42959189333734 42959189057000 0.0 
42959255478651 42959255260000 0.0 
42959322434650 42959322188000 0.0 
42959388809108 42959388555000 0.0 
42959456971317 42959455523000 0.0 
42959523444358 42959522629000 0.0 
42959588888025 42959588601000 0.0 
42959655710067 42959655306000 0.0 
42959722527275 42959722049000 0.0 
42959788949108 42959788657000 0.0 
42959867289775 42959855764000 0.0 
42959922130567 42959921904000 0.0 
42959988820068 42959988608000 0.0 
42960062625234 42960055408000 0.0 
42960122205276 42960121933000 0.0 
42960188884901 42960188574000 0.0 
42960255718484 42960255401000 0.0 
42960322454193 42960322102000 0.0 
42960389232901 42960388804000 0.0 
42960455830651 42960455406000 0.0 
42960522268443 42960521997000 0.0 
42960588900359 42960588654000 0.0 
42960655781860 42960655380000 0.0 
42960722297068 42960721983000 0.0 
42960789031568 42960788679000 0.0 
42960877204027 42960855533000 0.0 
42960922199402 42960921914000 0.0 
42960988823943 42960988590000 0.0 
42961055702110 42961055415000 0.0 
42961122326402 42961122035000 0.0 
42961188938318 42961188665000 0.0 
42961255768277 42961255408000 0.0 
42961322407318 42961322040000 0.0 
42961388995318 42961388645000 0.0 
42961455640819 42961455358000 0.0 
42961522628484 42961522128000 0.0 
42961590002318 42961589590000 0.0 
42961655726610 42961655420000 0.0 
42961722637943 42961722086000 0.0 
42961789107110 42961788778000 0.0 
42961870987985 42961855392000 0.0 
42961922422943 42961922122000 0.0 
42961988772318 42961988577000 0.0 
42962055588152 42962055299000 0.0 
42962122359028 42962121999000 0.0 
42962188956527 42962188687000 0.0 
42962255658778 42962255374000 0.0 
42962322418694 42962322028000 0.0 
42962388998694 42962388670000 0.0 
42962455647778 42962455394000 0.0 
42962522401527 42962522037000 0.0 
42962588936777 42962588671000 0.0 
42962655642111 42962655359000 0.0 
42962722391444 42962722041000 0.0 
42962789000611 42962788713000 0.0 
42962868392152 42962855416000 0.0 
42962922542027 42962922119000 0.0 
42962989071736 42962988776000 0.0 
42963055609778 42963055357000 0.0 
42963122637694 42963122130000 0.0 
42963189137361 42963188769000 0.0 
42963255542528 42963255320000 0.0 
42963322278736 42963321968000 0.0 
42963394595361 42963388591000 0.0 
42963455570820 42963455304000 0.0 
42963522561110 42963522132000 0.0 
42963589337194 42963588799000 0.0 
42963655634027 42963655345000 0.0 
42963722309944 42963722005000 0.0 
42963789082444 42963788681000 0.0 
42963869670569 42963855326000 0.0 
42963922252194 42963921971000 0.0 
42963989008235 42963988655000 0.0 
42964055670736 42964055397000 0.0 
42964123180111 42964122873000 0.0 
42964191140194 42964190675000 0.0 
42964255605361 42964255342000 0.0 
42964322368986 42964322014000 0.0 
42964389046069 42964388671000 0.0 
42964455653695 42964455376000 0.0 
42964522356903 42964521999000 0.0 
42964589091028 42964588707000 0.0 
42964655724362 42964655455000 0.0 
42964722241237 42964721996000 0.0 
42964788860195 42964788669000 0.0 
42964855775779 42964855368000 0.0 
42964922266362 42964921994000 0.0 
42964989073987 42964988682000 0.0 
42965055673236 42965055377000 0.0 
42965122255861 42965122000000 0.0 
42965189161612 42965188710000 0.0 
42965255789112 42965255442000 0.0 
42965322783695 42965322131000 0.0 
42965389612820 42965388857000 0.0 
42965455655070 42965455371000 0.0 
42965530614195 42965521977000 0.0 
42965590752154 42965588640000 0.0 
42965664366737 42965655342000 0.0 
42965742665362 42965724736000 0.0 
42965802800570 42965788704000 0.0 
42965868737695 42965855350000 0.0 
42965951957570 42965921958000 0.0 
42966022484320 42965988598000 0.0 
42966075294112 42966055322000 0.0 
42966137494362 42966122060000 0.0 
42966221858945 42966188777000 0.0 
42966273427320 42966255564000 0.0 
42966351991320 42966321938000 0.0 
42966418450779 42966388635000 0.0 
42966470186279 42966455336000 0.0 
42966551828445 42966521950000 0.0 
42966618455320 42966588651000 0.0 
42966668664612 42966655346000 0.0 
42966735928404 42966722010000 0.0 
42966818602987 42966788652000 0.0 
42966887294945 42966855375000 0.0 
42966930578987 42966921976000 0.0 
42966988968445 42966988617000 0.0 
42967055584862 42967055300000 0.0 
42967122229487 42967121948000 0.0 
42967188866778 42967188639000 0.0 
42967258086778 42967257714000 0.0 
42967322297987 42967322029000 0.0 
42967389176903 42967388799000 0.0 
42967455990197 42967455549000 0.0 
42967522418738 42967522124000 0.0 
42967588901654 42967588682000 0.0 
42967656078280 42967655779000 0.0 
42967722576030 42967722111000 0.0 
42967789135571 42967788762000 0.0 
42967855595530 42967855353000 0.0 
42967939348946 42967922236000 0.0 
42967989210237 42967988827000 0.0 
42968055744863 42968055388000 0.0 
42968122803779 42968122237000 0.0 
42968189183571 42968188812000 0.0 
42968255670904 42968255337000 0.0 
42968322471529 42968322091000 0.0 
42968389123863 42968388756000 0.0 
42968456094530 42968455808000 0.0 
42968522444280 42968522054000 0.0 
42968589224030 42968588904000 0.0 
42968655673406 42968655406000 0.0 
42968722689739 42968722169000 0.0 
42968789066447 42968788769000 0.0 
42968855509947 42968855305000 0.0 
42968940666489 42968922110000 0.0 
42968992764530 42968988812000 0.0 
42969055540864 42969055330000 0.0 
42969122318739 42969122050000 0.0 
42969189097863 42969188712000 0.0 
42969255732780 42969255439000 0.0 
42969323638196 42969323360000 0.0 
42969389050697 42969388721000 0.0 
42969455690155 42969455393000 0.0 
42969522286238 42969522039000 0.0 
42969589052905 42969588719000 0.0 
42969655945113 42969655704000 0.0 
42969722311697 42969721979000 0.0 
42969788876280 42969788631000 0.0 
42969856304863 42969856033000 0.0 
42969922364905 42969921968000 0.0 
42969989028280 42969988696000 0.0 
42970058133238 42970055346000 0.0 
42970122318488 42970121982000 0.0 
42970188889197 42970188625000 0.0 
42970264823655 42970255411000 0.0 
42970322241072 42970321964000 0.0 
42970402270530 42970388646000 0.0 
42970455878280 42970455374000 0.0 
42970522654655 42970522415000 0.0 
42970588923322 42970588635000 0.0 
42970655804280 42970655389000 0.0 
42970722270072 42970721980000 0.0 
42970788894155 42970788651000 0.0 
42970855828364 42970855468000 0.0 
42970922329072 42970922024000 0.0 
42970988955947 42970988689000 0.0 
42971055797114 42971055461000 0.0 
42971123162114 42971122062000 0.0 
42971188945947 42971188700000 0.0 
42971255808698 42971255437000 0.0 
42971322221239 42971321972000 0.0 
42971389052531 42971388680000 0.0 
42971455578698 42971455336000 0.0 
42971522175864 42971521961000 0.0 
42971588956531 42971588639000 0.0 
42971655586364 42971655340000 0.0 
42971722478864 42971722088000 0.0 
42971788820781 42971788624000 0.0 
42971855665865 42971855410000 0.0 
42971922303948 42971921990000 0.0 
42971989157989 42971988756000 0.0 
42972055693573 42972055374000 0.0 
42972122199406 42972121971000 0.0 
42972188856614 42972188633000 0.0 
42972255655823 42972255386000 0.0 
42972322344406 42972322069000 0.0 
42972388981531 42972388721000 0.0 
42972455848657 42972455433000 0.0 
42972522257115 42972522015000 0.0 
42972588930490 42972588698000 0.0 
42972656102157 42972655596000 0.0 
42972722274407 42972722016000 0.0 
42972788940490 42972788684000 0.0 
42972855830074 42972855505000 0.0 
42972922334824 42972922024000 0.0 
42972989117032 42972988715000 0.0 
42973055674532 42973055411000 0.0 
42973122278324 42973122041000 0.0 
42973189085282 42973188733000 0.0 
42973255905199 42973255494000 0.0 
42973322288449 42973322017000 0.0 
42973389022490 42973388694000 0.0 
42973456211074 42973455674000 0.0 
42973532723157 42973522172000 0.0 
42973599878115 42973588671000 0.0 
42973664588824 42973655351000 0.0 
42973729503490 42973721991000 0.0 
42973794307449 42973788636000 0.0 
42973856084449 42973855356000 0.0 
42973922216907 42973921975000 0.0 
42973988897407 42973988657000 0.0 
42974055563658 42974055330000 0.0 
42974122310116 42974122063000 0.0 
42974211705033 42974188756000 0.0 
42974273045616 42974255363000 0.0 
42974341357074 42974321980000 0.0 
42974414419949 42974388674000 0.0 
42974457332491 42974455365000 0.0 
42974522336324 42974522092000 0.0 
42974589023199 42974588745000 0.0 
42974655846116 42974655558000 0.0 
42974722284116 42974722054000 0.0 
42974789332074 42974788884000 0.0 
42974855661325 42974855423000 0.0 
42974922328449 42974922081000 0.0 
42974989107074 42974988741000 0.0 
42975055754700 42975055475000 0.0 
42975122274450 42975122052000 0.0 
42975188937824 42975188724000 0.0 
42975255888616 42975255557000 0.0 
42975322186408 42975321975000 0.0 
42975388845449 42975388645000 0.0 
42975463553908 42975455523000 0.0 
42975522248116 42975522009000 0.0 
42975588877366 42975588658000 0.0 
42975656023825 42975655664000 0.0 
42975722230867 42975722019000 0.0 
42975788988033 42975788690000 0.0 
42975855754242 42975855449000 0.0 
42975922276450 42975922052000 0.0 
42975989763783 42975988722000 0.0 
42976056712950 42976056067000 0.0 
42976122296242 42976122067000 0.0 
42976189001450 42976188770000 0.0 
42976255689534 42976255452000 0.0 
42976322319117 42976322085000 0.0 
42976388930992 42976388725000 0.0 
42976469847742 42976455619000 0.0 
42976522962700 42976522048000 0.0 
42976589694700 42976589456000 0.0 
42976657427492 42976655791000 0.0 
42976722174700 42976721991000 0.0 
42976788880784 42976788665000 0.0 
42976857422992 42976855734000 0.0 
42976925175951 42976922525000 0.0 
42976991874993 42976989389000 0.0 
42977056178493 42977055782000 0.0 
42977123274368 42977122906000 0.0 
42977191155535 42977188886000 0.0 
42977256558035 42977255394000 0.0 
42977324758242 42977322164000 0.0 
42977391352659 42977388877000 0.0 
42977460694784 42977455436000 0.0 
42977523854533 42977522074000 0.0 
42977591649033 42977588756000 0.0 
42977656177825 42977655623000 0.0 
42977722391325 42977722059000 0.0 
42977791437158 42977788763000 0.0 
42977857670658 42977855443000 0.0 
42977924432451 42977922080000 0.0 
42977989231743 42977988777000 0.0 
42978055752743 42978055453000 0.0 
42978122496951 42978122187000 0.0 
42978189192201 42978188818000 0.0 
42978256027743 42978255466000 0.0 
42978322298784 42978322014000 0.0 
42978389412367 42978388668000 0.0 
42978456217534 42978455416000 0.0 
42978522257034 42978521990000 0.0 
42978588974034 42978588673000 0.0 
42978656061992 42978655677000 0.0 
42978722261534 42978722043000 0.0 
42978789011784 42978788737000 0.0 
42978855776993 42978855439000 0.0 
42978922664034 42978922223000 0.0 
42978989840326 42978989222000 0.0 
42979055639743 42979055372000 0.0 
42979122405159 42979122073000 0.0 
42979189149827 42979188762000 0.0 
42979255723994 42979255416000 0.0 
42979322581869 42979322144000 0.0 
42979389325618 42979388827000 0.0 
42979459973118 42979455542000 0.0 
42979522377118 42979522082000 0.0 
42979589089951 42979588799000 0.0 
42979655766368 42979655467000 0.0 
42979722577576 42979722180000 0.0 
42979789449534 42979788841000 0.0 
42979855653368 42979855396000 0.0 
42979922289243 42979922010000 0.0 
42979988923244 42979988673000 0.0 
42980062481286 42980055399000 0.0 
42980122261702 42980122007000 0.0 
42980189044202 42980188795000 0.0 
42980255809536 42980255491000 0.0 
42980322356077 42980322078000 0.0 
42980388998785 42980388686000 0.0 
42980460828994 42980455441000 0.0 
42980522410243 42980522082000 0.0 
42980588995077 42980588687000 0.0 
42980655719702 42980655426000 0.0 
42980722412744 42980722089000 0.0 
42980789249035 42980788874000 0.0 
42980855815369 42980855473000 0.0 
42980922350077 42980922080000 0.0 
42980989118619 42980988686000 0.0 
42981055702411 42981055387000 0.0 
42981122279952 42981122006000 0.0 
42981189184619 42981188812000 0.0 
42981257299328 42981256889000 0.0 
42981323241036 42981322846000 0.0 
42981388983078 42981388734000 0.0 
42981455847161 42981455471000 0.0 
42981522387077 42981522146000 0.0 
42981588984952 42981588780000 0.0 
42981658333327 42981655768000 0.0 
42981723147952 42981722720000 0.0 
42981789036785 42981788738000 0.0 
42981855959494 42981855537000 0.0 
42981922398869 42981922055000 0.0 
42981989132244 42981988745000 0.0 
42982055828036 42982055523000 0.0 
42982122434578 42982122092000 0.0 
42982189052745 42982188756000 0.0 
42982262853203 42982255652000 0.0 
42982322345370 42982322073000 0.0 
42982388918370 42982388684000 0.0 
42982455713329 42982455450000 0.0 
42982522390287 42982522086000 0.0 
42982589021995 42982588757000 0.0 
42982655743495 42982655449000 0.0 
42982722406245 42982722095000 0.0 
42982789896703 42982789561000 0.0 
42982858162078 42982855480000 0.0 
42982922296578 42982922027000 0.0 
42982988881036 42982988686000 0.0 
42983055840536 42983055486000 0.0 
42983122878912 42983122341000 0.0 
42983189420870 42983188967000 0.0 
42983255722663 42983255439000 0.0 
42983322372871 42983322064000 0.0 
42983388981870 42983388697000 0.0 
42983455852038 42983455512000 0.0 
42983522277954 42983522027000 0.0 
42983589142370 42983588827000 0.0 
42983655655746 42983655395000 0.0 
42983722390912 42983722101000 0.0 
42983789443578 42983788987000 0.0 
42983856774037 42983856472000 0.0 
42983922325995 42983922018000 0.0 
42983997006953 42983988710000 0.0 
42984055706870 42984055415000 0.0 
42984122691703 42984122466000 0.0 
42984188976578 42984188702000 0.0 
42984255733704 42984255437000 0.0 
42984322292370 42984322071000 0.0 
42984388900371 42984388713000 0.0 
42984455767663 42984455481000 0.0 
42984522378996 42984522100000 0.0 
42984588987287 42984588705000 0.0 
42984655790580 42984655514000 0.0 
42984722326204 42984722035000 0.0 
42984789240162 42984788873000 0.0 
42984867083913 42984855440000 0.0 
42984922407329 42984922108000 0.0 
42984989019454 42984988713000 0.0 
42985055748288 42985055423000 0.0 
42985122333538 42985122051000 0.0 
42985189141495 42985188829000 0.0 
42985256037288 42985255630000 0.0 
42985322408079 42985322108000 0.0 
42985389671913 42985389398000 0.0 
42985456001246 42985455571000 0.0 
42985522342163 42985522094000 0.0 
42985589009621 42985588758000 0.0 
42985656197289 42985655657000 0.0 
42985722311413 42985722074000 0.0 
42985788962122 42985788741000 0.0 
42985857765038 42985855676000 0.0 
42985922465830 42985922118000 0.0 
42985989071330 42985988757000 0.0 
42986056362372 42986055673000 0.0 
42986122349080 42986122055000 0.0 
42986188992330 42986188720000 0.0 
42986256170955 42986255656000 0.0 
42986322430580 42986322073000 0.0 
42986389039122 42986388761000 0.0 
42986457153289 42986455877000 0.0 
42986522367497 42986522082000 0.0 
42986589031788 42986588747000 0.0 
42986658277205 42986655449000 0.0 
42986722321747 42986722039000 0.0 
42986795930706 42986788725000 0.0 
42986855726997 42986855431000 0.0 
42986922558538 42986922167000 0.0 
42986989046246 42986988784000 0.0 
42987055851248 42987055497000 0.0 
42987122343664 42987122089000 0.0 
42987188992414 42987188769000 0.0 
42987255943998 42987255546000 0.0 
42987322564248 42987322182000 0.0 
42987389090956 42987388793000 0.0 
42987455836705 42987455518000 0.0 
42987522870580 42987522321000 0.0 
42987589525705 42987588994000 0.0 
42987655993330 42987655589000 0.0 
42987722746665 42987722256000 0.0 
42987789488039 42987788993000 0.0 
42987855745039 42987855450000 0.0 
42987922882622 42987922298000 0.0 
42987989485372 42987988953000 0.0 
42988055916956 42988055443000 0.0 
42988122394331 42988122071000 0.0 
42988189034456 42988188728000 0.0 
42988255640789 42988255420000 0.0 
42988322358414 42988322118000 0.0 
42988389317372 42988388911000 0.0 
42988457262081 42988455620000 0.0 
42988522413414 42988522111000 0.0 
42988589127373 42988588792000 0.0 
42988655840540 42988655500000 0.0 
42988722412373 42988722123000 0.0 
42988789145456 42988788794000 0.0 
42988855956415 42988855561000 0.0 
42988922688665 42988922195000 0.0 
42988989652373 42988988963000 0.0 
42989057397248 42989055630000 0.0 
42989122555998 42989122206000 0.0 
42989189700831 42989189095000 0.0 
42989256181998 42989255765000 0.0 
42989322871915 42989322431000 0.0 
42989389210248 42989388873000 0.0 
42989456269998 42989455685000 0.0 
42989522316581 42989522088000 0.0 
42989588995790 42989588762000 0.0 
42989655895248 42989655607000 0.0 
42989722336415 42989722128000 0.0 
42989789057915 42989788759000 0.0 
42989856071623 42989855593000 0.0 
42989922381707 42989922102000 0.0 
42989989056706 42989988794000 0.0 
42990063940415 42990057292000 0.0 
42990122637915 42990122284000 0.0 
42990188972374 42990188727000 0.0 
42990255935541 42990255583000 0.0 
42990322456041 42990322128000 0.0 
42990389103707 42990388817000 0.0 
42990455916124 42990455576000 0.0 
42990522798832 42990522296000 0.0 
42990589352707 42990588923000 0.0 
42990655869707 42990655580000 0.0 
42990722713457 42990722227000 0.0 
42990789228623 42990788882000 0.0 
42990855915832 42990855579000 0.0 
42990922733749 42990922232000 0.0 
42990988984790 42990988748000 0.0 
42991065311583 42991055889000 0.0 
42991135767874 42991122164000 0.0 
42991204326540 42991188846000 0.0 
42991268563082 42991255459000 0.0 
42991342394499 42991322131000 0.0 
42991407070791 42991388807000 0.0 
42991473911541 42991455455000 0.0 
42991540657540 42991522091000 0.0 
42991606595915 42991588755000 0.0 
42991673286165 42991655537000 0.0 
42991740638374 42991722088000 0.0 
42991807379374 42991788812000 0.0 
42991875953332 42991855450000 0.0 
42991940293832 42991922091000 0.0 
42992007912957 42991988891000 0.0 
42992089879707 42992055577000 0.0 
42992140136540 42992122084000 0.0 
42992207397499 42992188778000 0.0 
42992261178499 42992255560000 0.0 
42992322622790 42992322292000 0.0 
42992389262082 42992388967000 0.0 
42992455794332 42992455526000 0.0 
42992522479457 42992522277000 0.0 
42992589094999 42992588808000 0.0 
42992656873750 42992655668000 0.0 
42992722402375 42992722122000 0.0 
42992789078541 42992788790000 0.0 
42992856223708 42992855661000 0.0 
42992922401500 42992922109000 0.0 
42992989062208 42992988778000 0.0 
42993056141125 42993055618000 0.0 
42993122584583 42993122229000 0.0 
42993189068125 42993188775000 0.0 
42993256164584 42993255679000 0.0 
42993322392708 42993322118000 0.0 
42993388965333 42993388738000 0.0 
42993456324626 42993455720000 0.0 
42993522538125 42993522219000 0.0 
42993589023416 42993588776000 0.0 
42993656102208 42993655757000 0.0 
42993722392166 42993722164000 0.0 
42993789042625 42993788825000 0.0 
42993855867917 42993855608000 0.0 
42993925115792 42993922345000 0.0 
42993989264250 42993988899000 0.0 
42994056203042 42994055705000 0.0 
42994122354458 42994122085000 0.0 
42994189012458 42994188738000 0.0 
42994255705958 42994255455000 0.0 
42994322485875 42994322170000 0.0 
42994389111041 42994388816000 0.0 
42994455978167 42994455621000 0.0 
42994522894626 42994522442000 0.0 
42994589061501 42994588785000 0.0 
42994656060584 42994655622000 0.0 
42994722865959 42994722277000 0.0 
42994789364626 42994788998000 0.0 
42994855899543 42994855614000 0.0 
42994922757833 42994922290000 0.0 
42994989394875 42994988999000 0.0 
42995063282375 42995056352000 0.0 
42995123078042 42995122364000 0.0 
42995193345959 42995188901000 0.0 
42995264971125 42995255523000 0.0 
42995329765959 42995322334000 0.0 
42995389058667 42995388764000 0.0 
42995455713917 42995455449000 0.0 
42995522445084 42995522147000 0.0 
42995589169209 42995588831000 0.0 
42995675193835 42995655568000 0.0 
42995743992418 42995722253000 0.0 
42995812212793 42995789023000 0.0 
42995876431793 42995855513000 0.0 
42995929579126 42995922116000 0.0 
42995989082251 42995988768000 0.0 
42996055686669 42996055451000 0.0 
42996122581085 42996122213000 0.0 
42996189233001 42996188852000 0.0 
42996255772084 42996255508000 0.0 
42996322396459 42996322158000 0.0 
42996389090001 42996388838000 0.0 
42996456255126 42996455839000 0.0 
42996522388709 42996522148000 0.0 
42996589057042 42996588823000 0.0 
42996655933292 42996655622000 0.0 
42996722335292 42996722149000 0.0 
42996789002835 42996788761000 0.0 
42996856172126 42996855683000 0.0 
42996922405293 42996922131000 0.0 
42996989049460 42996988784000 0.0 
42997056569710 42997056004000 0.0 
42997124702668 42997122171000 0.0 
42997189096502 42997188806000 0.0 
42997256283544 42997255669000 0.0 
42997322432877 42997322148000 0.0 
42997389097960 42997388802000 0.0 
42997456176461 42997455671000 0.0 
42997522406669 42997522133000 0.0 
42997589053169 42997588801000 0.0 
42997656259960 42997655777000 0.0 
42997722308335 42997722091000 0.0 
42997789737793 42997789471000 0.0 
42997856031794 42997855615000 0.0 
42997922530252 42997922256000 0.0 
42997989029085 42997988801000 0.0 
42998055927586 42998055634000 0.0 
42998138511543 42998122728000 0.0 
42998189306210 42998188893000 0.0 
42998255806335 42998255556000 0.0 
42998322749710 42998322268000 0.0 
42998389280418 42998388924000 0.0 
42998455952418 42998455631000 0.0 
42998522737377 42998522250000 0.0 
42998589221710 42998588891000 0.0 
42998655817377 42998655521000 0.0 
42998722781502 42998722296000 0.0 
42998789330877 42998788954000 0.0 
42998855769543 42998855504000 0.0 
42998922766336 42998922262000 0.0 
42998989262503 42998988913000 0.0 
42999055796295 42999055507000 0.0 
42999134116752 42999122304000 0.0 
42999190222378 42999188968000 0.0 
42999255777169 42999255524000 0.0 
42999322834753 42999322293000 0.0 
42999389267669 42999388983000 0.0 
42999455994128 42999455688000 0.0 
42999522487670 42999522247000 0.0 
42999589311669 42999588923000 0.0 
42999656282877 42999655728000 0.0 
42999722485086 42999722194000 0.0 
42999789053461 42999788801000 0.0 
42999856194586 42999855727000 0.0 
42999922415044 42999922152000 0.0 
42999989055419 42999988808000 0.0 
43000056286794 43000055731000 0.0 
43000128886502 43000122226000 0.0 
43000189173419 43000188868000 0.0 
43000256138421 43000255671000 0.0 
43000324178295 43000323820000 0.0 
43000389306295 43000388958000 0.0 
43000456052379 43000455651000 0.0 
43000522630670 43000522283000 0.0 
43000589099545 43000588826000 0.0 
43000656061754 43000655635000 0.0 
43000722417545 43000722147000 0.0 
43000789005420 43000788804000 0.0 
43000856254921 43000855774000 0.0 
43000923827170 43000922363000 0.0 
43000989072420 43000988817000 0.0 
43001055811712 43001055551000 0.0 
43001135809087 43001122381000 0.0 
43001189390670 43001188989000 0.0 
43001255821878 43001255534000 0.0 
43001322890962 43001322288000 0.0 
43001389344253 43001388979000 0.0 
43001455810837 43001455541000 0.0 
43001522828129 43001522331000 0.0 
43001589331128 43001588957000 0.0 
43001655838837 43001655541000 0.0 
43001722776878 43001722322000 0.0 
43001789406546 43001788983000 0.0 
43001855792004 43001855517000 0.0 
43001922658087 43001922293000 0.0 
43001989431088 43001988957000 0.0 
43002055758172 43002055515000 0.0 
43002135743172 43002122297000 0.0 
43002189238712 43002188945000 0.0 
43002255698713 43002255507000 0.0 
43002323442462 43002322264000 0.0 
43002389300462 43002388945000 0.0 
43002455856296 43002455558000 0.0 
43002522620713 43002522274000 0.0 
43002589502213 43002588979000 0.0 
43002655839922 43002655525000 0.0 
43002722659963 43002722291000 0.0 
43002789432171 43002788942000 0.0 
43002855846422 43002855540000 0.0 
43002922659796 43002922301000 0.0 
43002989391213 43002988972000 0.0 
43003055786797 43003055522000 0.0 
43003138198046 43003122289000 0.0 
43003189336213 43003188933000 0.0 
43003255729130 43003255488000 0.0 
43003322623922 43003322284000 0.0 
43003389699171 43003389075000 0.0 
43003455810172 43003455534000 0.0 
43003522698088 43003522295000 0.0 
43003589561921 43003589064000 0.0 
43003655777672 43003655532000 0.0 
43003722807797 43003722537000 0.0 
43003789701463 43003789025000 0.0 
43003856012839 43003855657000 5.0 
43003923643880 43003922251000 5.0 
43003989166379 43003988827000 8.0 
43004055756630 43004055508000 5.0 
43004126519796 43004122159000 5.0 
43004189147255 43004188816000 8.0 
43004255839506 43004255558000 5.0 
43004322536047 43004322209000 0.0 
43004389326214 43004388979000 5.0 
43004456270088 43004455806000 4.0 
43004522474838 43004522200000 10.0 
43004589149463 43004588869000 1.0 
43004684598046 43004655909000 5.0 
43004722381380 43004722129000 11.0 
43004789045463 43004788790000 5.0 
43004855893213 43004855619000 11.0 
43004922499505 43004922217000 11.0 
43004989158296 43004988890000 13.0 
43005055831005 43005055593000 13.0 
43005130112463 43005122337000 13.0 
43005189157172 43005188895000 16.0 
43005256260423 43005255740000 15.0 
43005322508923 43005322188000 23.0 
43005389153506 43005388875000 33.0 
43005456313797 43005455736000 30.0 
43005522505422 43005522218000 40.0 
43005589095089 43005588840000 33.0 
43005656252131 43005655723000 40.0 
43005722383214 43005722154000 47.0 
43005789027797 43005788798000 50.0 
43005855883631 43005855541000 50.0 
43005923515130 43005923146000 50.0 
43005989141380 43005988880000 57.0 
43006055869589 43006055581000 64.0 
43006128857339 43006122219000 74.0 
43006189326339 43006188925000 78.0 
43006256129215 43006255540000 81.0 
43006322472798 43006322173000 81.0 
43006388989381 43006388800000 95.0 
43006456747590 43006455834000 95.0 
43006522624465 43006522240000 108.0 
43006606954090 43006588843000 110.0 
43006655792757 43006655520000 115.0 
43006722452215 43006722158000 110.0 
43006789167090 43006788869000 115.0 
43006855995132 43006855628000 110.0 
43006922579048 43006922245000 112.0 
43006989341173 43006989002000 112.0 
43007055966257 43007055531000 115.0 
43007122529465 43007122175000 108.0 
43007189056340 43007188824000 125.0 
43007255740965 43007255519000 122.0 
43007322646882 43007322276000 122.0 
43007389288173 43007388998000 118.0 
43007455834632 43007455585000 112.0 
43007522488507 43007522230000 117.0 
43007596582465 43007589027000 113.0 
43007656047174 43007655789000 110.0 
43007722581799 43007722317000 112.0 
43007789189507 43007788947000 110.0 
43007856694715 43007855566000 107.0 
43007922945882 43007922334000 98.0 
43007989360965 43007988999000 50.0 
43008055820382 43008055562000 37.0 
43008122857590 43008122333000 27.0 
43008189290924 43008188969000 25.0 
43008255826257 43008255581000 23.0 
43008322739549 43008322286000 20.0 
43008389313299 43008388985000 23.0 
43008455810591 43008455552000 23.0 
43008523003215 43008522363000 18.0 
43008597891590 43008589175000 16.0 
43008655821966 43008655585000 16.0 
43008722858007 43008722347000 30.0 
43008789262049 43008788962000 30.0 
43008855815632 43008855562000 20.0 
43008922704716 43008922331000 18.0 
43008989297757 43008988990000 23.0 
43009055819549 43009055556000 15.0 
43009147241424 43009124565000 8.0 
43009207135049 43009194162000 11.0 
43009255778341 43009255533000 15.0 
43009322965341 43009322412000 10.0 
43009389293132 43009388993000 13.0 
43009455809424 43009455567000 13.0 
43009522637633 43009522332000 13.0 
43009596390633 43009588952000 8.0 
43009655831675 43009655568000 8.0 
43009722805675 43009722321000 11.0 
43009789422924 43009789115000 0.0 
43009855813175 43009855568000 10.0 
43009938812383 43009922192000 1.0 
43009989061341 43009988821000 10.0 
43010055761633 43010055550000 10.0 
43010122457007 43010122249000 0.0 
43010189119466 43010188903000 0.0 
43010255829383 43010255607000 0.0 
43010323215132 43010322425000 0.0 
43010392560175 43010388904000 4.0 
43010455768884 43010455554000 8.0 
43010522349675 43010522167000 8.0 
43010589044717 43010588834000 0.0 
43010657855967 43010656084000 0.0 
43010725763301 43010722238000 0.0 
43010789356008 43010788884000 0.0 
43010856251884 43010855612000 0.0 
43010924186842 43010922376000 0.0 
43010992064926 43010989006000 0.0 
43011058049425 43011055867000 0.0 
43011125495801 43011122718000 0.0 
43011189485050 43011188998000 0.0 
43011260121384 43011255577000 0.0 
43011325127676 43011322679000 0.0 
43011398430717 43011389313000 0.0 
43011457476592 43011455687000 0.0 
43011524783883 43011522461000 0.0 
43011589313925 43011588948000 0.0 
43011658016926 43011656568000 0.0 
43011722833342 43011722462000 0.0 
43011790973467 43011789669000 0.0 
43011855942009 43011855666000 0.0 
43011923555758 43011922437000 0.0 
43011989537967 43011989029000 0.0 
43012055889509 43012055581000 0.0 
43012122874883 43012122367000 0.0 
43012189786633 43012189216000 0.0 
43012258332758 43012256344000 0.0 
43012323022592 43012322394000 0.0 
43012395947550 43012389054000 0.0 
43012455886634 43012455563000 0.0 
43012523015800 43012522160000 0.0 
43012589261884 43012588918000 0.0 
43012656055675 43012655694000 0.0 
43012722479175 43012722181000 0.0 
43012793031217 43012790923000 0.0 
43012855952634 43012855663000 0.0 
43012922522217 43012922236000 0.0 
43012989383134 43012989029000 0.0 
43013055877885 43013055612000 0.0 
43013122523676 43013122251000 0.0 
43013189234093 43013188963000 0.0 
43013256135593 43013255783000 0.0 
43013322983010 43013322258000 0.0 
43013394166676 43013388941000 0.0 
43013456642760 43013455949000 0.0 
43013522686927 43013522328000 0.0 
43013589183176 43013588885000 0.0 
43013656322510 43013655806000 0.0 
43013728798968 43013722250000 0.0 
43013789170926 43013788878000 0.0 
43013855940302 43013855585000 0.0 
43013922657427 43013922304000 0.0 
43013989282676 43013988974000 0.0 
43014056279093 43014055761000 0.0 
43014122463968 43014122179000 0.0 
43014189064385 43014188848000 0.0 
43014256074260 43014255730000 0.0 
43014323154176 43014322554000 0.0 
43014397923843 43014388996000 0.0 
43014455826135 43014455589000 0.0 
43014522576260 43014522274000 0.0 
43014589309384 43014589020000 0.0 
43014656596010 43014655682000 0.0 
43014722599176 43014722330000 0.0 
43014789497884 43014789018000 0.0 
43014855945093 43014855643000 0.0 
43014922539885 43014922311000 0.0 
43014989254386 43014988935000 0.0 
43015056545718 43015056249000 0.0 
43015122420718 43015122196000 0.0 
43015189715093 43015188908000 0.0 
43015255780510 43015255556000 0.0 
43015322573468 43015322219000 0.0 
43015389227135 43015388862000 0.0 
43015455907051 43015455593000 0.0 
43015523609218 43015522993000 0.0 
43015589832426 43015589546000 0.0 
43015655933010 43015655620000 0.0 
43015722413094 43015722180000 0.0 
43015789165552 43015788961000 0.0 
43015855953469 43015855589000 0.0 
43015923130635 43015922231000 0.0 
43015989104427 43015988863000 0.0 
43016055765261 43016055572000 0.0 
43016122630302 43016122278000 0.0 
43016189197677 43016188943000 0.0 
43016255868677 43016255641000 0.0 
43016322701719 43016322335000 0.0 
43016389415469 43016389048000 0.0 
43016458303802 43016457969000 0.0 
43016522599594 43016522312000 0.0 
43016589338802 43016588988000 0.0 
43016655859552 43016655607000 0.0 
43016722719636 43016722362000 0.0 
43016789347344 43016789009000 0.0 
43016855799094 43016855553000 0.0 
43016922476552 43016922200000 0.0 
43017002707094 43016988883000 0.0 
43017055857052 43017055589000 0.0 
43017122407594 43017122177000 0.0 
43017191322513 43017188912000 0.0 
43017255875844 43017255644000 0.0 
43017322640928 43017322415000 0.0 
43017389488261 43017389061000 0.0 
43017456888886 43017455770000 0.0 
43017527829511 43017522257000 0.0 
43017589185844 43017588946000 0.0 
43017655885595 43017655638000 0.0 
43017722608595 43017722340000 0.0 
43017789621095 43017789045000 0.0 
43017855977261 43017855685000 0.0 
43017924717720 43017922225000 0.0 
43017989207429 43017988899000 0.0 
43018055916512 43018055660000 0.0 
43018122526345 43018122278000 0.0 
43018189214678 43018188957000 0.0 
43018255924471 43018255663000 0.0 
43018322503095 43018322274000 0.0 
43018389327095 43018388971000 0.0 
43018455928429 43018455667000 0.0 
43018535538554 43018522393000 0.0 
43018591735054 43018589381000 0.0 
43018655767054 43018655562000 0.0 
43018722777929 43018722534000 0.0 
43018789554429 43018789162000 0.0 
43018857481762 43018855871000 0.0 
43018924665179 43018922900000 0.0 
43018989643012 43018989069000 0.0 
43019059006929 43019056715000 0.0 
43019124273887 43019122564000 0.0 
43019191150720 43019189220000 0.0 
43019258350845 43019256078000 0.0 
43019323018095 43019322430000 0.0 
43019389629220 43019389068000 0.0 
43019455930637 43019455640000 0.0 
43019538220887 43019522438000 0.0 
43019589432137 43019589028000 0.0 
43019655911053 43019655635000 0.0 
43019726965012 43019722253000 0.0 
43019789209095 43019788903000 0.0 
43019855858138 43019855581000 0.0 
43019922652720 43019922263000 0.0 
43019989124637 43019988890000 0.0 
43020055966971 43020055697000 0.0 
43020130258097 43020122256000 0.0 
43020189131430 43020188893000 0.0 
43020255787597 43020255587000 0.0 
43020322509304 43020322290000 0.0 
43020389197596 43020388967000 0.0 
43020455964513 43020455670000 0.0 
43020522613346 43020522260000 0.0 
43020589316471 43020588992000 0.0 
43020655881138 43020655612000 0.0 
43020722711680 43020722309000 0.0 
43020789264888 43020788941000 0.0 
43020855956930 43020855653000 0.0 
43020922642597 43020922303000 0.0 
43020999412888 43020989070000 0.0 
43021056060430 43021055716000 0.0 
43021122885430 43021122386000 0.0 
43021189384846 43021189027000 0.0 
43021255925847 43021255623000 0.0 
43021323032972 43021322438000 0.0 
43021389316138 43021388914000 0.0 
43021455891597 43021455593000 0.0 
43021534257430 43021522306000 0.0 
43021589218680 43021588897000 0.0 
43021655984181 43021655651000 0.0 
43021722425389 43021722224000 0.0 
43021789188889 43021788882000 0.0 
43021855895806 43021855623000 0.0 
43021922621764 43021922252000 0.0 
43021989216555 43021988905000 0.0 
43022055967930 43022055619000 0.0 
43022122556513 43022122243000 0.0 
43022189243763 43022188913000 0.0 
43022255888180 43022255592000 8.0 
43022322548888 43022322245000 0.0 
43022389645013 43022389110000 0.0 
43022455849889 43022455587000 0.0 
43022526550389 43022522255000 0.0 
43022589231763 43022588905000 0.0 
43022656093430 43022655669000 0.0 
43022722506389 43022722232000 5.0 
43022800060305 43022788935000 8.0 
43022856037597 43022855697000 5.0 
43022922539972 43022922268000 5.0 
43022989221972 43022988912000 5.0 
43023055788805 43023055592000 0.0 
43023123415847 43023122284000 10.0 
43023189313472 43023189001000 8.0 
43023255982014 43023255660000 10.0 
43023322623805 43023322300000 10.0 
43023389298764 43023388965000 5.0 
43023469217472 43023455723000 10.0 
43023522611722 43023522302000 5.0 
43023589346015 43023588987000 0.0 
43023656384348 43023655840000 5.0 
43023722619348 43023722280000 0.0 
43023789353640 43023788989000 5.0 
43023855969265 43023855680000 10.0 
43023922770056 43023922392000 5.0 
43023989834181 43023989116000 10.0 
43024055886473 43024055632000 5.0 
43024123140973 43024122438000 10.0 
43024189695181 43024189112000 10.0 
43024255870140 43024255619000 10.0 
43024322734473 43024322399000 5.0 
43024389116723 43024388891000 8.0 
43024456202765 43024455612000 5.0 
43024531717182 43024522369000 8.0 
43024601374182 43024588938000 5.0 
43024680153765 43024655601000 10.0 
43024745899515 43024722253000 5.0 
43024814281682 43024788946000 13.0 
43024881586598 43024855720000 5.0 
43024946015432 43024922239000 6.0 
43025012769306 43024989022000 13.0 
43025079128139 43025055643000 6.0 
43025146286765 43025122239000 13.0 
43025205812473 43025189292000 13.0 
43025280983182 43025255640000 13.0 
43025347013432 43025322379000 13.0 
43025405644099 43025388909000 10.0 
43025479449765 43025455611000 13.0 
43025546942265 43025522300000 8.0 
43025616199265 43025588903000 13.0 
43025655984307 43025655678000 11.0 
43025723311057 43025723019000 10.0 
43025789169932 43025788948000 15.0 
43025855994266 43025855751000 7.0 
43025923532890 43025922341000 16.0 
43025989291515 43025988975000 8.0 
43026056248224 43026055775000 16.0 
43026134726474 43026122389000 16.0 
43026195318891 43026188907000 5.0 
43026266655349 43026255614000 16.0 
43026322618266 43026322245000 13.0 
43026390151433 43026388904000 16.0 
43026455865849 43026455592000 16.0 
43026522696349 43026522319000 13.0 
43026589421141 43026589031000 18.0 
43026656023016 43026655732000 16.0 
43026753252808 43026722336000 18.0 
43026820702391 43026790382000 16.0 
43026876182016 43026855715000 16.0 
43026947564641 43026922249000 20.0 
43026989348474 43026988922000 20.0 
43027055940600 43027055658000 20.0 
43027122580599 43027122310000 16.0 
43027189295558 43027188984000 16.0 
43027255963392 43027255692000 20.0 
43027323427558 43027322324000 20.0 
43027389465641 43027388999000 20.0 
43027455979267 43027455675000 18.0 
43027522933850 43027522420000 16.0 
43027589858641 43027589180000 18.0 
43027655961392 43027655646000 18.0 
43027722813267 43027722385000 15.0 
43027789802891 43027789123000 23.0 
43027856016016 43027855689000 23.0 
43027922977891 43027922507000 20.0 
43027989747224 43027989121000 23.0 
43028056212641 43028055751000 13.0 
43028122476766 43028122244000 23.0 
