#SysTm EventTmStmp Rot:x Rot:y Rot:z
152342762180371 1379389026038308142 0.00805097 -0.007163469 -0.27254358 
152342784582324 1379389026228524207 0.008084905 -0.0069536027 -0.27273092 
152342849743318 1379389026292580603 0.008079624 -0.0069826543 -0.27270514 
152342905381957 1379389026355690955 0.008081107 -0.006949067 -0.27273613 
152342968559127 1379389026419655799 0.008084547 -0.006957579 -0.2727273 
152343034849378 1379389026482841767 0.008092059 -0.0069376566 -0.27274397 
152343098057068 1379389026546806611 0.008059802 -0.0069852364 -0.27270785 
152343159433536 1379389026609977998 0.008048691 -0.0069821714 -0.27271357 
152343227432928 1379389026673942842 0.008047397 -0.0069300286 -0.2727626 
152343286001521 1379389026737144746 0.008059814 -0.006818451 -0.27286363 
152343348049437 1379389026801048554 0.008088972 -0.006860239 -0.27281708 
152343413851359 1379389026864250459 0.008125669 -0.0068333293 -0.27283275 
152343476723327 1379389026928337373 0.008191924 -0.006739102 -0.27290365 
152343540358304 1379389026991386689 0.008175986 -0.0067824484 -0.2728673 
152343603627035 1379389027055473603 0.008111134 -0.0068049463 -0.272863 
152343666712645 1379389027118614472 0.008157178 -0.006682215 -0.27296573 
152343731507395 1379389027182487763 0.008138372 -0.0065985136 -0.2730487 
152343795142371 1379389027245750703 0.008135725 -0.0066520385 -0.27299944 
152343857526013 1379389027309623994 0.008103947 -0.00675194 -0.27291435 
152343921008387 1379389027372886933 0.008034835 -0.006755293 -0.27292904 
152343984734926 1379389027436760224 0.0080183735 -0.0067597455 -0.27292913 
152344048553024 1379389027499931611 0.007978711 -0.0067486437 -0.27294973 
152344112615286 1379389027564018525 0.00803118 -0.006645996 -0.27303204 
152344176647027 1379389027627189912 0.008111429 -0.0066030007 -0.27305147 
152344240739808 1379389027691215791 0.008095144 -0.006615963 -0.27304357 
152344303184491 1379389027754204072 0.008035376 -0.0066292263 -0.2730466 
152344366575303 1379389027818290986 0.008081121 -0.0066149905 -0.2730481 
152344429599872 1379389027881431855 0.00818408 -0.006626294 -0.273011 
152344494272541 1379389027945305146 0.008145698 -0.006588889 -0.2730558 
152344556686702 1379389028008568086 0.008119664 -0.0065482105 -0.2731005 
152344621573015 1379389028072502412 0.008117001 -0.0064421664 -0.27320015 
152344683987176 1379389028135911846 0.00809507 -0.006385636 -0.27325857 
152344748110479 1379389028199968243 0.008071598 -0.006384068 -0.2732661 
152344811653893 1379389028263048077 0.008034786 -0.006353594 -0.27330408 
152344876265521 1379389028326921368 0.0081189675 -0.0063667786 -0.27327 
152344938374480 1379389028390153790 0.008149498 -0.0063925474 -0.27323806 
152345006618031 1379389028454179668 0.008219605 -0.006466068 -0.27315134 
152345066224319 1379389028517320538 0.00811995 -0.006376661 -0.27326053 
152345129523571 1379389028581376934 0.008147238 -0.0062230523 -0.2733968 
152345192914384 1379389028644365215 0.0082007935 -0.006173663 -0.273429 
152345257403932 1379389028708482647 0.008174185 -0.006118223 -0.2734876 
152345319482368 1379389028771501446 0.008185744 -0.006113787 -0.27348873 
152345383697233 1379389028835588360 0.008154402 -0.006104551 -0.27350545 
152345447027005 1379389028898651310 0.00825478 -0.0061564264 -0.2734311 
152345511028227 1379389028962616154 0.008229288 -0.006185793 -0.27341032 
152345575273610 1379389029025848576 0.008309518 -0.0062188525 -0.27335873 
152345637626730 1379389029089752385 0.008291892 -0.00632728 -0.27326214 
152345701078584 1379389029152984806 0.008202188 -0.0063407784 -0.27327275 
152345765293448 1379389029216888615 0.008155372 -0.0062993495 -0.2733235 
152345827982292 1379389029280060002 0.008121655 -0.0063692397 -0.273267 
152345892624442 1379389029344177433 0.008129861 -0.0063823257 -0.27325267 
152345956412020 1379389029407287785 0.008076632 -0.0064506787 -0.27320263 
152346019253465 1379389029471313664 0.008072303 -0.0065190154 -0.27313998 
152346085207991 1379389029534424015 0.008022997 -0.0064541656 -0.27321324 
152346149422854 1379389029598297306 0.007941201 -0.0064375806 -0.27324986 
152346210555160 1379389029661621281 0.007926157 -0.006473075 -0.27322063 
152346275075226 1379389029725586125 0.007933086 -0.006462953 -0.2732283 
152346339442692 1379389029788604924 0.007957367 -0.006384801 -0.27329496 
152346404115362 1379389029852691838 0.007972584 -0.006406546 -0.27327073 
152346469276356 1379389029915771672 0.008087817 -0.006408014 -0.27323958 
152346528180676 1379389029979858586 0.008131802 -0.00640875 -0.2732275 
152346592944905 1379389030042938420 0.008223287 -0.0064474377 -0.2731678 
152346655481147 1379389030106872746 0.008257446 -0.006426724 -0.27317828 
152346717223862 1379389030168548771 0.008267855 -0.0064088525 -0.27319226 
152346782720580 1379389030233978459 0.008264269 -0.0063909893 -0.27320987 
152346845439945 1379389030297241398 0.008241548 -0.006387895 -0.27321863 
152346912371122 1379389030361114689 0.008193201 -0.006440311 -0.2731822 
152346975182047 1379389030424255558 0.008249375 -0.006467792 -0.27314204 
152347037870893 1379389030488403508 0.008211364 -0.0064311414 -0.27318606 
152347103215010 1379389030551629851 0.008180174 -0.0064510866 -0.2731755 
152347163126502 1379389030615686248 0.0082124155 -0.0064487457 -0.27316937 
152347226517314 1379389030678735564 0.008173777 -0.006515676 -0.2731169 
152347288748354 1379389030742730926 0.00816584 -0.0065577226 -0.2730797 
152347354061951 1379389030805963347 0.008147221 -0.006543099 -0.27309814 
152347418795660 1379389030869867156 0.0081471875 -0.0065339254 -0.27310672 
152347481057219 1379389030933038543 0.008169056 -0.0064719594 -0.2731589 
152347545333124 1379389030997125457 0.0082046185 -0.006481881 -0.27314046 
152347609425905 1379389031060235808 0.008173507 -0.006460093 -0.27316883 
152347672755679 1379389031124353240 0.008197033 -0.0064693205 -0.27315414 
152347736878980 1379389031187311004 0.008158485 -0.006456522 -0.27317604 
152347799567826 1379389031251275847 0.008176206 -0.006464545 -0.27316397 
152347864179453 1379389031314521914 0.008171267 -0.0064988113 -0.27313328 
152347926227371 1379389031377662783 0.00813434 -0.0065222248 -0.27312097 
152347989984428 1379389031441658144 0.008092324 -0.0065747737 -0.27308276 
152348057953298 1379389031505500918 0.008070191 -0.006546642 -0.27311474 
152348117406983 1379389031568672305 0.008106037 -0.0065359585 -0.27311546 
152348179882185 1379389031632789736 0.008074516 -0.0063735754 -0.27327514 
152348242296348 1379389031695808535 0.008076102 -0.006098343 -0.27353153 
152348318444676 1379389031759925967 0.00809786 -0.0059294845 -0.27368337 
152348372221572 1379389031822975283 0.008091729 -0.005877013 -0.27373388 
152348436161751 1379389031886940127 0.008066869 -0.0057707694 -0.27383938 
152348498392792 1379389031950233584 0.008032949 -0.0057401643 -0.2738767 
152348562607654 1379389032014106875 0.008073016 -0.005765383 -0.2738428 
152348625540662 1379389032077339297 0.008118732 -0.0057818233 -0.27381563 
152348689236679 1379389032141212588 0.008132821 -0.005866431 -0.27373308 
152348753176859 1379389032204383974 0.00817107 -0.005885777 -0.27370512 
152348816689755 1379389032268501406 0.008173105 -0.0059790583 -0.27361766 
152348879775364 1379389032331672793 0.008174849 -0.0060465643 -0.27355424 
152348943685023 1379389032395637637 0.00822137 -0.0060236896 -0.27356353 
152349007564163 1379389032458656435 0.008226729 -0.006005272 -0.2735793 
152349071229659 1379389032522651797 0.008263213 -0.0060187806 -0.27355728 
152349135414003 1379389032585762148 0.008259853 -0.0059205713 -0.2736497 
152349198224928 1379389032649940615 0.008268633 -0.0059049455 -0.273662 
152349262104068 1379389032712928896 0.00830523 -0.005936281 -0.2736233 
152349325037076 1379389032776893740 0.008299634 -0.0058580753 -0.27369764 
152349388366848 1379389032840187197 0.00828798 -0.005763764 -0.27378854 
152349454107731 1379389032904182558 0.0082552545 -0.0056527527 -0.27390048 
152349517681666 1379389032967561483 0.008216859 -0.0055785757 -0.27397957 
152349580523113 1379389033031404256 0.008193364 -0.0056309025 -0.2739369 
152349644219130 1379389033094667195 0.008200502 -0.005706818 -0.27386433 
152349708922319 1379389033158693074 0.008126891 -0.0057343007 -0.2738578 
152349775487252 1379389033221833944 0.008151758 -0.0057783253 -0.2738103 
152349839457952 1379389033285829305 0.008159676 -0.0057702367 -0.2738158 
152349895340753 1379389033348848104 0.008122613 -0.005855861 -0.2737456 
152349960043943 1379389033412935018 0.0081250025 -0.005840096 -0.27375966 
152350023495798 1379389033475953817 0.008098691 -0.005790098 -0.2738131 
152350090396453 1379389033540101766 0.008050472 -0.00581356 -0.27380374 
152350152169687 1379389033603181600 0.007987071 -0.0058060917 -0.27382714 
152350216567672 1379389033667085408 0.007960516 -0.005816533 -0.2738243 
152350279012354 1379389033730300952 0.008015595 -0.005860159 -0.27376932 
152350342677852 1379389033794204761 0.0079719145 -0.0059198495 -0.273725 
152350406190746 1379389033857406665 0.007981213 -0.005919693 -0.27372274 
152350469337396 1379389033921310474 0.007984901 -0.0059588817 -0.27368522 
152350534467870 1379389033984481860 0.007936936 -0.005994579 -0.27366436 
152350597309317 1379389034048599292 0.007930171 -0.0060333405 -0.27362996 
152350660517009 1379389034111648609 0.007903415 -0.006047157 -0.273624 
152350724060424 1379389034175643970 0.007905172 -0.006175513 -0.27350378 
152350787023952 1379389034238876392 0.007901483 -0.006161534 -0.2735178 
152350851452458 1379389034302749683 0.007904526 -0.006103896 -0.27357078 
152350915148475 1379389034366012622 0.0079204235 -0.006061163 -0.27360654 
152350979546461 1379389034429885913 0.008003733 -0.006031978 -0.27361217 
152351041441776 1379389034493057300 0.008047457 -0.0059662517 -0.27366215 
152351106450169 1379389034557174732 0.0080501735 -0.0059203594 -0.27370423 
152351169230574 1379389034620193530 0.0080434615 -0.0059215534 -0.27370486 
152351233781163 1379389034684310962 0.008018461 -0.00596607 -0.2736698 
152351296012201 1379389034747329761 0.008010215 -0.0059161475 -0.2737185 
152351360104983 1379389034811264087 0.007947049 -0.005971369 -0.2736834 
152351422854869 1379389034874557544 0.007897656 -0.0060811555 -0.27359378 
152351486428805 1379389034938430835 0.007926074 -0.006152418 -0.27351993 
152351551040433 1379389035001693775 0.007931645 -0.0061728493 -0.27349943 
152351614248124 1379389035065567066 0.007935852 -0.006222376 -0.2734521 
152351676692807 1379389035128738452 0.007934446 -0.0063334806 -0.27334878 
152351740968710 1379389035192825366 0.007902651 -0.0063276286 -0.27336246 
152351804542646 1379389035255874683 0.007916468 -0.006264267 -0.27341804 
152351868147101 1379389035319961597 0.007969455 -0.006304377 -0.2733669 
152351932300924 1379389035383345351 0.0079624485 -0.006372816 -0.27330482 
152351996607350 1379389035447218642 0.007907415 -0.006326844 -0.27336198 
152352058380583 1379389035510481581 0.007943704 -0.006306536 -0.27337155 
152352121160988 1379389035574324355 0.007977398 -0.0062548374 -0.27341107 
152352183941393 1379389035637495742 0.008049675 -0.0062158704 -0.27342874 
