#SysTm EventTmStmp Pressure
311449436727232 1379575957048740126 990.2857 
311449462913711 1379575957302921034 989.86597 
311449534209301 1379575957366916395 990.1958 
311449588382961 1379575957430118300 990.1358 
311449654581650 1379575957494356131 990.1658 
311449717575697 1379575957557497000 990.25574 
311449785422485 1379575957621461844 990.25574 
311449844174202 1379575957684663748 990.2857 
311449914187936 1379575957748628592 990.25574 
311449969826574 1379575957811738943 989.80597 
311450034010918 1379575957875673270 990.10583 
311450097584853 1379575957938905692 989.9759 
311450161463994 1379575958002870535 990.0359 
311450224335960 1379575958066072440 989.86597 
311450288611863 1379575958130006766 989.9759 
311450351453311 1379575958193178152 990.3457 
311450415485052 1379575958257173514 990.2857 
311450478662223 1379575958320328966 990.25574 
311450608831610 1379575958384293810 990.25574 
311450613775910 1379575958447434679 990.00586 
311450669506112 1379575958511277452 989.86597 
311450734148260 1379575958574570909 989.9759 
311450796745543 1379575958638505235 990.2857 
311450860288958 1379575958701737657 990.04584 
311450924473301 1379575958765702501 990.2857 
311450987223188 1379575958828873888 990.25574 
311451051163368 1379575958892838732 990.25574 
311451115591873 1379575958956010118 990.25574 
311451178158636 1379575959019944444 989.80597 
311451241396847 1379575959083146349 990.3457 
311451305428590 1379575959147080675 989.9859 
311451369002525 1379575959210740343 989.9759 
311451436513588 1379575959274277941 990.3157 
311451496180916 1379575959337449327 990.0958 
311451560517861 1379575959401414171 990.3457 
311451623603472 1379575959464555040 990.25574 
311451692091187 1379575959528550401 990.3157 
311451755268357 1379575959591691271 990.43567 
311451813928512 1379575959655625597 990.22577 
311451879272630 1379575959719773546 990.3757 
311451948462314 1379575959782822862 990.77545 
311452004436676 1379575959845994249 990.25574 
311452068376856 1379575959909959093 989.74603 
311452131523508 1379575959973312328 990.25574 
311452195616289 1379575960037277172 990.25574 
311452258671379 1379575960100448559 990.2857 
311452370284380 1379575960164443920 990.15576 
311452387742033 1379575960227584789 990.2857 
311452455375178 1379575960291549633 989.74603 
311452512845039 1379575960354721019 990.4956 
311452577578750 1379575960419448803 989.9459 
311452641183205 1379575960481857250 989.9759 
311452705733794 1379575960545852611 989.776 
311452771657797 1379575960608962963 990.25574 
311452835445375 1379575960672958324 990.2857 
311452896486121 1379575960736160228 990.25574 
311452979959338 1379575960800048188 990.3457 
311453022046932 1379575960863219575 989.71606 
311453085468265 1379575960927245454 989.80597 
311453148645436 1379575960990386323 989.68604 
311453213196024 1379575961054412202 989.80597 
311453275945909 1379575961117522553 990.40564 
311453345257676 1379575961181517915 990.3457 
311453407732877 1379575961244658784 990.25574 
311453472588669 1379575961308623627 990.3157 
311453598210520 1379575961371795014 990.2857 
311453604406156 1379575961435668305 989.9759 
311453661265610 1379575961498931245 989.9759 
311453721207621 1379575961562896088 990.22577 
311453787406308 1379575961626036958 990.25574 
311453848386013 1379575961690001801 990.1658 
311453911471622 1379575961753173188 990.15576 
311453975411803 1379575961817138032 990.2857 
311454039596146 1379575961880370454 990.21576 
311454104970784 1379575961944304780 990.2857 
311454179776216 1379575962007476167 990.3457 
311454229738065 1379575962071410493 990.2857 
311454293037317 1379575962134612397 990.1958 
311454356916457 1379575962198577241 989.74603 
311454421497565 1379575962261748627 989.83594 
311454484155889 1379575962325713471 990.3457 
311454547363580 1379575962388884858 990.1858 
311454610968037 1379575962452726339 990.15576 
311454677288805 1379575962517057394 990.1858 
311454743121249 1379575962580167745 990.0359 
311454801506721 1379575962643400167 989.86597 
311454869445069 1379575962707365011 989.9759 
311454928776673 1379575962770536398 989.9759 
311454996806583 1379575962834531759 989.74603 
311455069719754 1379575962898160909 989.9759 
311455138390591 1379575962962156271 990.0958 
311455199248214 1379575963025236105 990.21576 
311455265385860 1379575963089292501 990.27576 
311455334850228 1379575963152677511 990.3457 
311455405932174 1379575963215879415 990.27576 
311455437215556 1379575963279095932 990.43567 
311455501155737 1379575963343030258 990.0359 
311455564332907 1379575963406201645 990.2857 
311455633949877 1379575963470166489 990.40564 
311455695539988 1379575963533368393 990.5856 
311455755634602 1379575963597302719 990.2457 
311455830134830 1379575963660687729 990.3157 
311455899660238 1379575963724957749 990.1858 
311455966042047 1379575963788068100 990.21576 
311456084583174 1379575963852155014 990.27576 
311456093708765 1379575963914746567 990.3757 
311456140893261 1379575963978711411 990.1858 
311456202391812 1379575964041913315 990.3457 
311456264287127 1379575964105847641 990.1858 
311456328410428 1379575964169019028 990.2457 
311456397081266 1379575964233014389 990.40564 
311456472741269 1379575964296155258 990.3457 
311456542755005 1379575964360730454 990.1858 
311456609869302 1379575964423322006 990.3157 
311456662242262 1379575964487286850 990.27576 
311456714523659 1379575964550397202 990.55554 
311456772603928 1379575964614362046 990.1858 
311456839351983 1379575964677563950 990.00586 
311456903353203 1379575964741498276 989.65607 
311456968910963 1379575964804822251 990.2857 
311457053604996 1379575964869244858 990.1258 
311457106527321 1379575964932807014 989.86597 
311457166530374 1379575964996680305 990.1858 
311457232729061 1379575965059729621 990.3757 
311457314950944 1379575965123847053 990.21576 
311457373580580 1379575965186804817 990.15576 
311457436055781 1379575965250250861 990.3057 
311457471581496 1379575965313422248 990.0359 
311457535643757 1379575965377356574 990.00586 
311457601201517 1379575965440497443 990.43567 
311457665416380 1379575965504492805 990.46564 
311457745227153 1379575965569708869 989.9459 
311457806878306 1379575965632453010 990.1858 
311457871215250 1379575965695516168 990.21576 
311457934972309 1379575965759725153 990.2457 
311458010388150 1379575965822560846 990.1858 
311458071673056 1379575965885915338 990.21576 
311458107381892 1379575965949178278 989.9459 
311458173702661 1379575966013082086 990.5856 
311458237520760 1379575966076253473 990.21576 
311458298775147 1379575966140218317 990.1858 
311458397569592 1379575966203908502 989.9459 
311458431386165 1379575966267354547 990.27576 
311458499171911 1379575966330556451 990.1858 
311458555756682 1379575966394521295 990.15576 
311458659190225 1379575966457692682 990.3057 
311458707961779 1379575966521627008 990.3057 
311458743060208 1379575966584767877 990.40564 
311458807030907 1379575966648702203 989.776 
311458870421721 1379575966711934625 989.80597 
311458934331382 1379575966775929987 990.1258 
311458997264389 1379575966839009821 990.06586 
311459061540293 1379575966903096735 990.27576 
311459125144748 1379575966966664850 990.27576 
311459188627123 1379575967030171930 990.2457 
311459288764465 1379575967093556940 990.2457 
311459315561352 1379575967157277643 990.21576 
311459379074247 1379575967220449030 989.80597 
311459442739744 1379575967284413873 990.1858 
311459505916914 1379575967347827798 990.3057 
311459569918136 1379575967411792642 990.27576 
311459633461550 1379575967475025064 990.15576 
311459697218608 1379575967538989907 990.36566 
311459760578901 1379575967602161294 990.1858 
311459827235393 1379575967666126138 990.3057 
311459887391048 1379575967729267007 990.0359 
311459951331228 1379575967793201333 989.74603 
311460014630480 1379575967856372720 990.15576 
311460079608354 1379575967920429116 990.27576 
311460142510841 1379575967983569986 990.2457 
311460205810092 1379575968047534829 990.15576 
311460268956743 1379575968110675698 990.21576 
311460333171607 1379575968174960404 990.2457 
311460402697016 1379575968238131791 990.21576 
311460479394710 1379575968301913529 990.21576 
311460526701287 1379575968365054398 990.7355 
311460589115448 1379575968428958207 990.5256 
311460650949725 1379575968492221146 990.21576 
311460714493139 1379575968556185990 989.86597 
311460778952165 1379575968619367575 990.15576 
311460843258589 1379575968683637594 990.3057 
311460904909741 1379575968746473288 990.21576 
311460968758362 1379575968810468649 990.21576 
311461035506416 1379575968873640036 990.36566 
311461139428282 1379575968937574362 990.1858 
311461161525031 1379575969000715231 989.6161 
311461222901501 1379575969064710592 990.7954 
311461292304827 1379575969127851462 990.27576 
311461350568218 1379575969191938376 989.64606 
311461414203195 1379575969255048727 990.3057 
311461477258285 1379575969318983053 990.3057 
311461541595229 1379575969382184958 990.2457 
311461605352286 1379575969446256009 990.2457 
311461673840003 1379575969509579984 990.21576 
311461731492986 1379575969573361722 990.27576 
311461794548075 1379575969636502592 990.3757 
311461858915541 1379575969700497953 990.15576 
311461921879068 1379575969763669340 989.5861 
311461988138797 1379575969827847806 990.2457 
311462049332143 1379575969890846283 990.27576 
311462113730130 1379575969954780609 990.3057 
311462176205331 1379575970017982513 990.2457 
311462248355493 1379575970081947357 990.2457 
311462341167944 1379575970145118744 990.3057 
311462367201821 1379575970209022552 990.06586 
311462445150852 1379575970272163421 990.0958 
311462494288652 1379575970336158783 990.1858 
311462557435301 1379575970399299652 990.0958 
311462623481388 1379575970463325531 989.9759 
311462685010458 1379575970526527435 990.1858 
311462749866250 1379575970590522796 990.21576 
311462811975207 1379575970653663665 990.21576 
311462877838172 1379575970717734738 990.27576 
311462946631090 1379575970780875607 990.55554 
311463003215860 1379575970844779415 989.83594 
311463070513281 1379575970908011837 990.2457 
311463130546854 1379575970971976681 990.1858 
311463193296741 1379575971035148068 989.9759 
311463263463076 1379575971099173947 990.1858 
311463320658255 1379575971162314816 990.0958 
311463385391964 1379575971226279660 990.21576 
311463463920881 1379575971289420529 990.21576 
311463521085539 1379575971353385373 989.736 
311463579043726 1379575971416495724 989.9459 
311463642465060 1379575971480491085 990.1858 
311463706893565 1379575971543723507 989.736 
311463768941483 1379575971607291623 990.15576 
311463831843970 1379575971671592160 990.36566 
311463893128878 1379575971734824581 990.2457 
311463956275528 1379575971797965451 990.2457 
311464028425689 1379575971861930294 990.2457 
311464118338705 1379575971925101681 990.21576 
311464147272018 1379575971989005490 990.15576 
311464210601790 1379575972052176876 990.40564 
311464272619187 1379575972114310665 990.2457 
311464340862740 1379575972179282589 990.2457 
311464405840613 1379575972243247433 990.2457 
311464484247450 1379575972307090206 990.36566 
311464544921950 1379575972371201619 990.3357 
311464606542581 1379575972434373006 990.27576 
311464682782472 1379575972498459920 990.2457 
311464748736996 1379575972560990438 990.21576 
311464783011373 1379575972624863729 990.21576 
311464846188544 1379575972688004598 990.36566 
311464910525489 1379575972751999959 990.0958 
311464976174811 1379575972815110311 990.3357 
311465056565471 1379575972879716024 990.21576 
311465115256148 1379575972942917928 990.15576 
311465179226848 1379575973007035359 990.27576 
311465246127503 1379575973070023641 990.2457 
311465313241802 1379575973134368408 990.21576 
311465409045252 1379575973197234619 990.2457 
311465418750730 1379575973260619629 989.86597 
311465480707086 1379575973322631348 990.00586 
311465545837560 1379575973387755859 990.00586 
311465609045252 1379575973450866211 990.1258 
311465672954911 1379575973514861572 990.3357 
311465736162602 1379575973578063477 990.3956 
311465801018394 1379575973641997803 990.1258 
311465878845342 1379575973705230225 990.1858 
311465944921950 1379575973769896973 990.27576 
311466013501225 1379575973833068359 990.21576 
311466090321003 1379575973897277344 990.2457 
311466117636735 1379575973959472168 990.2457 
311466181546396 1379575974023406494 989.736 
311466247043115 1379575974086608398 990.06586 
311466320292008 1379575974151336182 990.3357 
311466372146121 1379575974213744629 990.3956 
311466447256759 1379575974278319824 990.3057 
311466512020988 1379575974341460693 990.1858 
311466577151463 1379575974405456055 990.27576 
311466655192055 1379575974468596924 990.3057 
311466735002827 1379575974532622803 990.2457 
311466757862588 1379575974595153320 989.9459 
311466819727382 1379575974659118164 990.27576 
311466881836340 1379575974722197998 990.3357 
311466947119415 1379575974786405591 990.06586 
311467029402339 1379575974850217846 989.89594 
311467089161229 1379575974914213208 990.4556 
311467147943466 1379575974976743725 990.27576 
311467212646655 1379575975040739087 990.15576 
311467275030297 1379575975104276684 990.2457 
311467376663137 1379575975167814282 990.27576 
311467388993367 1379575975230894116 990.1258 
311467453482913 1379575975294889477 989.9459 
311467529203957 1379575975358732251 990.2457 
311467584079587 1379575975422117261 990.55554 
311467648843816 1379575975485227612 990.21576 
311467707565014 1379575975549222973 990.00586 
311467771077908 1379575975612500579 990.21576 
311467834682364 1379575975676465422 990.2457 
311467897859535 1379575975739636809 990.3057 
311467985697167 1379575975803571135 990.27576 
311468024854805 1379575975866712004 989.5861 
311468089191749 1379575975930920989 990.4556 
311468152124757 1379575975993970305 990.1858 
311468216125978 1379575976057874114 989.80597 
311468284461091 1379575976121106536 990.0359 
311468343243329 1379575976184979827 990.21576 
311468410662831 1379575976248181731 990.3057 
311468474755613 1379575976312146575 990.21576 
311468537474978 1379575976375317962 990.27576 
311468599522894 1379575976439313323 989.9459 
311468660594160 1379575976502423674 989.64606 
311468724534340 1379575976566358001 990.15576 
311468788077755 1379575976629559905 990.36566 
311468852750424 1379575976693555266 990.15576 
311468915042504 1379575976756726653 990.15576 
311468981027550 1379575976820691497 990.15576 
311469042648181 1379575976883862883 990.1858 
311469108358543 1379575976947827727 990.21576 
311469182126282 1379575977011121184 990.2457 
311469233156345 1379575977074933440 990.21576 
311469296821841 1379575977138410003 990.06586 
311469361006186 1379575977202069670 989.85596 
311469424183356 1379575977265422812 990.06586 
311469487879373 1379575977329387656 989.86597 
311469550873421 1379575977392559042 990.15576 
311469614783080 1379575977456523886 990.2457 
311469677990773 1379575977519695273 990.1858 
311469749713648 1379575977583660116 989.736 
311469805993213 1379575977647747031 990.27576 
311469869139864 1379575977710796347 990.55554 
311469932225474 1379575977773967734 989.85596 
311469996196175 1379575977837932577 990.15576 
311470061937057 1379575977901103964 990.27576 
311470123344045 1379575977965068808 990.15576 
311470186551736 1379575978028270712 990.27576 
311470250552958 1379575978092311268 990.1858 
311470373489017 1379575978155665761 990.1858 
311470380905468 1379575978219416981 990.4556 
311470442831303 1379575978282618886 989.736 
311470508999470 1379575978347163563 990.0958 
311470571840918 1379575978409724598 990.27576 
311470646676870 1379575978473719960 989.9759 
311470699721277 1379575978536871209 990.0958 
311470773244853 1379575978601385370 990.2457 
311470838863655 1379575978664587274 990.27576 
311470911563182 1379575978728735223 990.21576 
311471012799258 1379575978791937127 990.27576 
311471020612473 1379575978855108514 990.1858 
311471076464754 1379575978918218866 989.86597 
311471140710137 1379575978982244745 989.70605 
311471210235545 1379575979045416131 989.826 
311471282996113 1379575979109991327 990.15576 
311471342022514 1379575979173132196 990.21576 
311471408404323 1379575979237249627 990.1858 
311471469872354 1379575979300207391 990.15576 
311471540832219 1379575979364553054 990.2457 
311471625923018 1379575979427053054 990.21576 
311471648996419 1379575979490804274 990.3357 
311471712967119 1379575979553945143 989.9459 
311471782828251 1379575979617909987 990.1858 
311471852262097 1379575979681356032 990.2457 
311471914950943 1379575979745717604 990.15576 
311471982187323 1379575979809041579 990.15576 
311472046585309 1379575979872914870 990.1858 
311472108480624 1379575979935964186 990.2457 
311472175259200 1379575980000203688 990.3057 
311472262425382 1379575980062703688 990.21576 
311472284674733 1379575980126515944 990.6455 
311472347821384 1379575980189656813 989.796 
311472411944686 1379575980253652175 989.796 
311472475121856 1379575980316793044 990.3057 
311472539062037 1379575980380757888 990.4856 
311472602330768 1379575980443959792 990.2457 
311472666545633 1379575980507955153 990.3357 
311472729783844 1379575980571126540 990.21576 
311472804955522 1379575980635060866 990.4556 
311472856443389 1379575980698232253 990.3057 
311472920475130 1379575980762166579 990.1858 
311472983560739 1379575980825337966 989.8859 
311473047714562 1379575980889333327 989.6161 
311473113333364 1379575980952504714 990.15576 
311473175045556 1379575981016771005 990.1258 
311473238009084 1379575981079759287 990.3057 
311473303749966 1379575981143785166 990.27576 
311473407122468 1379575981207139658 990.27576 
311473429066616 1379575981270860361 990.21576 
311473492213265 1379575981334031748 990.61554 
311473559815890 1379575981397996591 989.9459 
311473624763242 1379575981461229013 989.826 
311473692304826 1379575981525193857 989.826 
311473747180457 1379575981588365244 990.2457 
311473810632310 1379575981652330087 990.21576 
311473873809482 1379575981715501474 990.3057 
311473981424313 1379575981779466318 990.2457 
311474001109953 1379575981842685131 990.36566 
311474064805971 1379575981906588940 990.21576 
311474128044182 1379575981969790844 990.3057 
311474191984362 1379575982033755688 990.67554 
311474255649859 1379575982096988110 989.64606 
311474320444609 1379575982160952953 989.8859 
311474382431486 1379575982224124340 990.27576 
311474448050286 1379575982288424877 990.1858 
311474511898906 1379575982351260571 990.27576 
311474575137117 1379575982414767651 989.9659 
311474638619492 1379575982479556469 990.1258 
311474700667408 1379575982542300610 989.5861 
311474763753018 1379575982605502514 989.676 
311474827723718 1379575982669497875 990.3956 
311474890992451 1379575982732669262 990.6455 
311474954932630 1379575982796603588 990.21576 
311475018140322 1379575982859805492 990.3956 
311475082416225 1379575982923770336 990.21576 
311475215881815 1379575982986941723 990.1258 
311475272283462 1379575983114077953 989.99585 
311475336223642 1379575983177981762 989.85596 
311475399461853 1379575983241214184 990.1858 
311475468163211 1379575983305209545 989.766 
311475541778350 1379575983368716625 990.0359 
311475606939344 1379575983432803539 990.3357 
311475671245769 1379575983497494825 990.21576 
311475735246990 1379575983560147413 990.27576 
311475804955520 1379575983623227247 990.0259 
311475886383874 1379575983687039503 990.2457 
311475911746303 1379575983749905714 989.826 
311475972054559 1379575983813901075 990.5856 
311476035201210 1379575983877041944 990.1258 
311476099080348 1379575983941006788 990.21576 
311476162288040 1379575984004208692 990.06586 
311476227601636 1379575984068204053 990.2457 
311476290046318 1379575984131375440 990.21576 
311476353589734 1379575984195340284 990.21576 
311476416797424 1379575984258525243 990.3357 
311476504390894 1379575984322490086 990.3057 
311476543701133 1379575984385600438 989.736 
311476607732874 1379575984449565282 990.3357 
311476670879525 1379575984512736668 990.36566 
311476734850224 1379575984576701512 990.00586 
311476798027396 1379575984639872899 990.2457 
311476862242259 1379575984703959813 990.27576 
311476925358389 1379575984767070164 990.27576 
311476999980699 1379575984831035008 990.3057 
311477064714410 1379575984894084325 990.27576 
311477116293839 1379575984958110204 990.3057 
311477179623611 1379575985021312108 989.99585 
311477243624832 1379575985085307469 990.21576 
311477307503972 1379575985148478856 990.2457 
311477370742183 1379575985212413182 990.2457 
311477438283767 1379575985275615086 990.1858 
311477497951094 1379575985339579930 990.27576 
311477561067224 1379575985402659764 990.21576 
311477655863502 1379575985466685643 990.3057 
311477690443083 1379575985529857030 990.42566 
311477752033195 1379575985593760838 990.42566 
311477815424008 1379575985657023778 990.3956 
311477880615523 1379575985721019139 989.70605 
311477942846563 1379575985784160008 989.796 
311478006542579 1379575985848155370 990.21576 
311478070757443 1379575985911569622 990.3057 
311478134056695 1379575985975503948 990.15576 
311478213653826 1379575986038675335 990.21576 
311478260594159 1379575986102487591 990.0359 
311478323801850 1379575986165781048 990.0259 
311478387864112 1379575986229745892 990.27576 
311478451163363 1379575986292947796 990.61554 
311478514981464 1379575986356882122 989.826 
311478578189154 1379575986420084027 990.27576 
311478642281935 1379575986484079388 990.27576 
311478705459107 1379575986547250775 990.2457 
311478821039757 1379575986611520794 990.27576 
311478835231730 1379575986674295452 989.9659 
311478899568674 1379575986738244407 989.9359 
311478963295211 1379575986801476829 990.15576 
311479026563945 1379575986865441673 990.3956 
311479093678243 1379575986928582542 990.00586 
311479151361746 1379575986992608421 990.1258 
311479231569285 1379575987056420677 990.27576 
311479292335345 1379575987119958275 990.27576 
311479362349082 1379575987184747093 990.27576 
311479457145357 1379575987247948997 990.27576 
311479472863348 1379575987310021751 990.3956 
311479532286513 1379575987373986595 990.15576 
311479595311082 1379575987437157982 989.8859 
311479663432555 1379575987501122825 989.89594 
311479722489475 1379575987564233177 990.27576 
311479786490695 1379575987628228538 990.2457 
311479870208076 1379575987691460960 990.0259 
311479913821687 1379575987755395286 990.27576 
311479976754696 1379575987818536156 990.1858 
311480044326800 1379575987882531517 990.4556 
311480107565011 1379575987945733421 990.21576 
311480169612929 1379575988009698265 990.21576 
311480231325123 1379575988072869652 990.7954 
311480295234782 1379575988136834495 990.15576 
311480358411952 1379575988200005882 990.2457 
311480422413174 1379575988263940208 990.27576 
311480486689077 1379575988327172630 990.2457 
311480564210824 1379575988391316784 990.3057 
311480642129333 1379575988454427135 990.27576 
311480677532965 1379575988518391979 990.15576 
311480740527013 1379575988581502331 989.736 
311480803795745 1379575988645497692 990.3057 
311480867033957 1379575988708760632 990.3357 
311480931340382 1379575988772694958 990.61554 
311480994059747 1379575988835835827 990.2457 
311481058060967 1379575988899831188 990.27576 
311481121238139 1379575988963002575 990.3057 
311481211731042 1379575989027211559 990.27576 
311481248324970 1379575989090138805 990.3956 
311481312295670 1379575989154073132 989.826 
311481375503360 1379575989217287333 990.2457 
311481439687703 1379575989281252177 990.4856 
311481507412409 1379575989344423563 990.67554 
311481571444152 1379575989408388407 990.21576 
311481629890664 1379575989471529276 990.21576 
311481696974444 1379575989535524638 990.3357 
311481818750728 1379575989598665507 990.3057 
311481826624984 1379575989662599833 989.826 
311481883942244 1379575989725801737 990.1258 
311481947912944 1379575989789736063 990.4856 
311482011395318 1379575989852937968 990.76544 
311482077532964 1379575989916933329 990.0259 
311482138543189 1379575989980104716 990.3956 
311482202819094 1379575990044069559 990.21576 
311482266423549 1379575990107240946 990.27576 
311482329539681 1379575990171205790 990.2457 
311482431782927 1379575990234377177 990.5156 
311482456534948 1379575990298280985 990.27576 
311482519803681 1379575990361421854 990.5456 
311482583652300 1379575990425417216 990.42566 
311482647012593 1379575990488649638 990.0359 
311482711013814 1379575990552614481 989.70605 
311482774252025 1379575990615785868 990.27576 
311482845883339 1379575990679720194 990.27576 
311482926182439 1379575990742922098 990.21576 
311482969155123 1379575990807643809 990.3057 
311483028303605 1379575990870265879 989.8859 
311483095692587 1379575990934169688 989.736 
311483158259349 1379575990997341075 990.0858 
311483225312607 1379575991061427989 990.3956 
311483289588512 1379575991124660411 989.826 
311483356428128 1379575991189174571 989.9359 
311483414966202 1379575991250331797 990.1458 
311483485926068 1379575991316310801 990.2457 
311483566164126 1379575991379360118 990.2457 
311483688550820 1379575991443996348 990.21576 
311483731004657 1379575991569924565 989.796 
311483794822756 1379575991633095952 989.736 
311483865355337 1379575991697121831 990.2457 
311483928166262 1379575991760293218 990.2457 
311483998027395 1379575991824715825 990.3357 
311484061540290 1379575991887826177 990.1458 
311484127189611 1379575991951913091 990.1758 
311484193205176 1379575992014962407 990.21576 
311484273626358 1379575992079018804 990.2457 
311484303780486 1379575992141701909 989.99585 
311484366866094 1379575992205605718 990.5156 
311484431782927 1379575992268838140 990.15576 
311484494532812 1379575992332802983 989.6161 
311484559113919 1379575992395943853 990.0259 
311484622413173 1379575992459328862 990.3057 
311484693281477 1379575992523110601 990.27576 
311484757984666 1379575992587533208 990.27576 
311484857694722 1379575992651070806 990.3057 
311484908480623 1379575992714150640 990.27576 
311484937780180 1379575992777291509 990.0359 
311484999522893 1379575992841286870 989.9659 
311485062822145 1379575992904458257 989.766 
311485127830538 1379575992968392583 990.3057 
311485238802613 1379575993031533452 990.3357 
311485262761105 1379575993096352788 990.27576 
311485317362050 1379575993159157964 990.3057 
311485404467194 1379575993223335779 990.3357 
311485462547462 1379575993286232507 990.27576 
311485508053337 1379575993350014245 990.0858 
311485571261028 1379575993413216150 990.7055 
311485637368154 1379575993477150476 989.85596 
311485701674579 1379575993540321863 990.0958 
311485764241343 1379575993604256189 989.736 
311485847684040 1379575993668159997 990.20575 
311485900392724 1379575993731514490 990.27576 
311485970711662 1379575993794930017 990.2457 
311486031721885 1379575993859047449 990.27576 
311486079852514 1379575993921700036 990.15576 
311486147973984 1379575993985695398 990.1858 
311486207366629 1379575994048880771 990.05585 
311486271215248 1379575994112876132 990.6355 
311486334514499 1379575994176047519 990.27576 
311486398271558 1379575994240012363 990.3357 
311486461998095 1379575994303183750 990.2457 
311486526060357 1379575994367087558 990.27576 
311486636360982 1379575994430472568 990.27576 
311486655771938 1379575994494193271 989.826 
311486715622390 1379575994557395175 989.85596 
311486781729515 1379575994621360019 990.27576 
311486852750422 1379575994684592441 990.5456 
311486911715782 1379575994748557285 989.99585 
311486975747523 1379575994812003330 990.11584 
311487039351979 1379575994875693515 990.27576 
311487102712272 1379575994938834384 990.27576 
311487218140320 1379575995003012851 990.1458 
311487225709372 1379575995066092685 990.3057 
311487288123534 1379575995129904941 989.8859 
311487351270184 1379575995193076328 990.0858 
311487415332446 1379575995257071689 990.20575 
311487478479096 1379575995320212558 990.27576 
311487543823213 1379575995384238437 990.3357 
311487605749050 1379575995447379306 990.27576 
311487670726922 1379575995511374668 990.1758 
311487766499850 1379575995575308994 990.20575 
311487796776059 1379575995638449863 990.21576 
311487862455902 1379575995701894635 989.70605 
311487923893411 1379575995765859479 990.1458 
311487987070581 1379575995829030866 990.20575 
311488051102321 1379575995893026227 990.2457 
311488114279494 1379575995956197614 990.21576 
311488178372275 1379575996020162457 990.2357 
311488241915690 1379575996083364362 990.27576 
311488371169468 1379575996147542829 990.20575 
311488375503361 1379575996210439557 990.5156 
311488433034262 1379575996274862164 990.5456 
311488495784147 1379575996337606305 990.0858 
311488559754847 1379575996401571149 990.05585 
311488626686025 1379575996464742536 989.85596 
311488687207923 1379575996528722069 990.3057 
311488750232492 1379575996591893456 990.0858 
311488814081110 1379575996655827782 990.20575 
311488879120023 1379575996718968651 990.27576 
311488946722650 1379575996783879540 989.9359 
311489004223031 1379575996846074364 990.7355 
311489068254771 1379575996910069725 989.8859 
311489137963301 1379575996973241112 989.826 
311489198729362 1379575997037144920 990.15576 
311489297981614 1379575997100987694 990.27576 
311489322855717 1379575997164311669 990.27576 
311489385666644 1379575997227513573 990.1758 
311489449637343 1379575997291478417 990.20575 
311489518674426 1379575997354680321 990.6655 
311489577181981 1379575997418584129 989.9659 
311489642190374 1379575997481786034 989.9659 
311489704085688 1379575997545750877 989.85596 
311489767720664 1379575997608952782 990.2457 
311489835323289 1379575997672917626 990.27576 
311489894441250 1379575997736058495 990.3057 
311489958442472 1379575997800084374 990.27576 
311490025617811 1379575997863225243 990.2357 
311490124778500 1379575997927190086 990.1758 
311490148584391 1379575997990330956 990.42566 
311490212738213 1379575998054295799 990.6355 
311490275915384 1379575998117528221 990.1458 
311490339641923 1379575998181247621 989.70605 
311490405718528 1379575998245548158 989.99585 
311490467003437 1379575998308780580 990.3956 
311490531096218 1379575998371951967 990.3057 
311490594151306 1379575998435916810 990.20575 
311490657969406 1379575998499240785 990.3057 
311490721207617 1379575998562992006 990.15576 
311490784232186 1379575998626132875 990.1458 
311490848324967 1379575998690128236 990.0858 
311490911471618 1379575998753330140 989.796 
311490975411798 1379575998817264467 989.99585 
311491038772092 1379575998880496888 990.2357 
311491102712271 1379575998944431215 990.2357 
311491165919963 1379575999007647751 990.2357 
311491234651841 1379575999071826218 990.26575 
311491309701437 1379575999134783981 990.3357 
311491356885932 1379575999198687790 989.736 
311491420581949 1379575999261920212 989.99585 
311491485254619 1379575999325854538 990.27576 
311491547363576 1379575999389056442 990.3357 
311491612158328 1379575999453051804 990.2457 
311491676129027 1379575999516192673 990.3057 
311491738482147 1379575999580157517 990.2357 
311491801689840 1379575999643328903 990.20575 
311491921970626 1379575999707476853 990.20575 
311491928624068 1379575999770434616 990.0858 
311491992625287 1379575999834429978 990.6655 
311492055771938 1379575999897540329 989.796 
311492119773160 1379575999961535690 990.05585 
311492184720512 1379576000024707077 989.766 
311492247897683 1379576000088702438 990.26575 
311492310983292 1379576000151904343 990.20575 
311492374374105 1379576000215991257 990.20575 
311492458091487 1379576000279010056 990.2357 
311492501216773 1379576000342944382 989.99585 
311492564241342 1379576000405993698 989.8859 
311492628364644 1379576000470050095 990.1458 
311492691663896 1379576000533221481 989.676 
311492755695638 1379576000597216843 990.27576 
311492875243937 1379576000661145070 990.3357 
311492886597515 1379576000724560597 990.2357 
311492945745996 1379576000787670949 990.2957 
311493016675343 1379576000851818898 990.26575 
311493096058830 1379576000914929250 990.3057 
311493138421106 1379576000979077199 990.05585 
311493200407983 1379576001042004445 989.736 
311493264012439 1379576001105908253 990.11584 
311493328471464 1379576001169201710 990.2957 
311493391740197 1379576001233136037 990.5156 
311493454581643 1379576001296307423 990.2357 
311493518552344 1379576001360272267 990.3357 
311493582584086 1379576001424250831 990.20575 
311493657755762 1379576001487391700 990.2357 
311493708694264 1379576001550563087 990.42566 
311493772634443 1379576001614466895 989.8859 
311493838405846 1379576001677699317 990.2957 
311493902620711 1379576001741664161 990.27576 
311493964424464 1379576001804896583 990.72546 
311494027143829 1379576001868830909 990.2957 
311494092274304 1379576001931971778 990.20575 
311494154291700 1379576001995967139 990.2957 
311494239413019 1379576002059138526 990.6055 
311494281317490 1379576002123072852 989.8859 
311494344464140 1379576002186244239 990.5156 
311494409960860 1379576002250209083 990.1458 
311494471795133 1379576002313410987 989.8859 
311494537566537 1379576002377345313 990.1758 
311494607580270 1379576002440547218 990.42566 
311494662761103 1379576002504512061 990.20575 
311494727952619 1379576002567683448 990.2957 
311494793479857 1379576002631709327 990.2957 
311494883270794 1379576002694972266 990.3357 
311494916995805 1379576002758723487 990.05585 
311494980172976 1379576002821803321 990.11584 
311495046035939 1379576002885951270 990.3357 
311495113028157 1379576002949092139 990.2357 
311495172726005 1379576003013056983 990.5156 
311495235384329 1379576003076440677 990.26575 
311495298500459 1379576003140375003 990.2957 
311495361708150 1379576003203576907 990.26575 
311495450186711 1379576003267480716 990.2357 
311495490961928 1379576003330713138 989.9359 
311495552765682 1379576003394616946 989.85596 
311495618384482 1379576003457788333 989.8859 
311495693769801 1379576003521753177 990.42566 
311495743121245 1379576003584955081 990.3357 
311495807549750 1379576003648889407 990.36566 
311495870360676 1379576003712060794 990.2357 
311495936406761 1379576003776025638 990.2957 
311495999400810 1379576003839227542 990.1458 
311496061357167 1379576003903145982 990.0259 
311496124534337 1379576003966408921 989.676 
311496188413476 1379576004030251695 990.05585 
311496252872502 1379576004093453599 989.736 
311496315744470 1379576004157479478 990.05585 
311496383469176 1379576004220650865 990.3357 
311496445852817 1379576004284646226 990.2357 
311496506130552 1379576004347817613 990.3357 
311496622352131 1379576004411782456 990.4556 
311496636513583 1379576004474953843 990.27576 
311496697218603 1379576004538857652 989.85596 
311496760548376 1379576004602059556 989.9359 
311496824519077 1379576004666268540 990.0858 
311496887421563 1379576004729195786 990.2357 
311496951422785 1379576004793130113 990.20575 
311497014630476 1379576004856362535 990.2357 
311497078753778 1379576004920388413 990.2957 
311497161921795 1379576004983498765 990.26575 
311497205688008 1379576005047402574 990.36566 
311497268865178 1379576005110604478 990.11584 
311497332805357 1379576005174538804 989.9359 
311497397111784 1379576005237771226 990.3257 
311497460411035 1379576005301736070 990.6655 
311497523923929 1379576005364907456 990.20575 
311497587803068 1379576005428902818 990.20575 
311497650919198 1379576005492043687 990.2957 
311497764973831 1379576005556218368 990.26575 
311497777456663 1379576005619389754 990.36566 
311497841549444 1379576005683324080 990.6655 
311497910159241 1379576005747563582 990.2357 
311497968697315 1379576005810429793 989.85596 
311498047592479 1379576005874028426 990.1458 
311498110464445 1379576005938145858 990.2357 
311498159083398 1379576006000798446 990.2357 
311498238436366 1379576006065251571 990.1758 
311498316385398 1379576006128514510 990.20575 
311498374374106 1379576006191899520 990.1458 
311498413196019 1379576006255070907 990.4856 
311498479455746 1379576006318974715 989.6361 
311498574129941 1379576006382616160 989.9359 
311498609808256 1379576006446153757 990.1758 
311498678173891 1379576006509355662 990.26575 
311498743060202 1379576006574052927 990.3257 
311498806481536 1379576006637071726 990.26575 
311498887574165 1379576006701219675 990.3257 
311498934270336 1379576006763811228 990.26575 
311499007366628 1379576006827531931 990.3257 
311499048935375 1379576006890703318 990.1458 
311499112906074 1379576006954668162 990.36566 
311499176022205 1379576007017839548 990.0259 
311499265385854 1379576007082018015 989.766 
311499318735467 1379576007145464060 990.11584 
311499385025715 1379576007209764597 990.2957 
311499445272930 1379576007272691843 990.20575 
311499508114376 1379576007336900828 990.26575 
311499598332596 1379576007399919626 990.2357 
311499678723258 1379576007463243601 990.26575 
311499685376699 1379576007526445505 990.57556 
311499748584390 1379576007590349314 990.4556 
311499812127806 1379576007653520701 990.3357 
311499893037312 1379576007717546580 990.11584 
311499953070885 1379576007780717966 990.0259 
311500019666337 1379576007845293162 990.5156 
311500088459256 1379576007908556101 990.2957 
311500130394247 1379576007971997535 990.2357 
311500193235694 1379576008035138404 990.3557 
311500294319168 1379576008099133765 990.26575 
311500320444606 1379576008162274635 990.3956 
311500384354267 1379576008226269996 990.1458 
311500447684039 1379576008289410865 990.0858 
311500516232795 1379576008353375709 989.726 
311500579287885 1379576008416577613 990.1458 
311500654917367 1379576008481152808 990.2957 
311500719803678 1379576008544354713 990.3557 
311500779379445 1379576008608441627 990.20575 
311500868468413 1379576008671460426 990.3956 
311500900820007 1379576008735394752 990.3257 
311500964760187 1379576008797937480 990.26575 
311501021497560 1379576008861536113 990.4856 
311501089130704 1379576008926080790 989.756 
311501152918284 1379576008989069072 990.05585 
311501232240731 1379576009052789775 990.6355 
311501290900885 1379576009116907206 990.3357 
311501356336564 1379576009178583232 990.2357 
311501404314590 1379576009243341533 990.26575 
311501477349841 1379576009306543437 990.3956 
311501558228827 1379576009371240703 990.26575 
311501616431179 1379576009433618632 990.2957 
311501655894020 1379576009497583476 990.2957 
311501719071190 1379576009560785380 990.6355 
311501783133452 1379576009624750224 990.3956 
311501848782772 1379576009687952128 989.99585 
311501915591867 1379576009751825419 990.6655 
311501973519533 1379576009815088359 990.3557 
311502052445217 1379576009879785624 990.26575 
311502115286663 1379576009942712871 990.20575 
311502188871282 1379576010006891337 990.20575 
311502242373494 1379576010069330302 990.3257 
311502291602854 1379576010133264628 990.6055 
311502354780026 1379576010196497050 989.8859 
311502418750725 1379576010260431376 989.8859 
311502488794980 1379576010323572246 989.826 
311502559999009 1379576010387715523 990.3857 
311502627815275 1379576010451466744 990.2357 
311502713547002 1379576010515004341 990.2957 
311502739031513 1379576010578053658 990.2957 
311502844784603 1379576010642049019 990.3557 
311502865691058 1379576010705281441 990.2357 
311502935033343 1379576010769185250 990.05585 
311502990671983 1379576010832356636 989.6661 
311503068865176 1379576010897084420 990.2957 
311503134636579 1379576010960072701 990.2957 
311503198943004 1379576011024190132 990.26575 
311503260868840 1379576011087117379 990.2957 
311503344006334 1379576011151539986 990.20575 
311503415424005 1379576011213838705 990.2357 
311503435933695 1379576011277711996 990.0858 
311503499141386 1379576011340883382 990.0858 
311503563112087 1379576011404848226 989.756 
311503628578286 1379576011467989095 990.2357 
311503690992447 1379576011531984456 990.5456 
311503758015184 1379576011595064290 990.2957 
311503822321609 1379576011659151205 990.1758 
311503882721427 1379576011722841390 990.20575 
311503959297040 1379576011786531576 990.26575 
311504008587442 1379576011849489339 990.20575 
311504073382191 1379576011913484701 990.2357 
311504135002823 1379576011976625570 989.9359 
311504199004045 1379576012040590414 990.11584 
311504262181215 1379576012103761800 990.26575 
311504326121396 1379576012167726644 990.2957 
311504389298566 1379576012230898031 990.3257 
311504507320846 1379576012295015462 990.26575 
311504516263315 1379576012358003744 990.57556 
311504580508699 1379576012421938070 990.6355 
311504643594309 1379576012485139974 989.826 
311504707595529 1379576012549165853 990.3257 
311504771138945 1379576012612306722 990.05585 
311504834712880 1379576012676271566 989.9659 
311504897890051 1379576012739442953 990.2357 
311504962013353 1379576012803680130 990.1758 
311505025373645 1379576012866851517 990.2357 
311505100636885 1379576012930816361 989.8859 
311505152002671 1379576012993896195 990.5156 
311505216003892 1379576013057952591 989.69604 
311505282782466 1379576013121062943 990.0259 
311505343121243 1379576013185027787 990.20575 
311505407000382 1379576013248229691 990.20575 
311505470787961 1379576013312225052 990.26575 
311505533629406 1379576013375396439 990.26575 
311505600652144 1379576013439361283 990.2957 
311505661296125 1379576013502929398 990.3857 
311505724717458 1379576013566466996 990.2957 
311505787711507 1379576013629683429 990.1758 
311505851895849 1379576013693709308 990.5156 
311505923832367 1379576013756880694 990.0259 
311505979074242 1379576013820876056 990.26575 
311506042648177 1379576013884016925 990.20575 
311506106191592 1379576013947981769 990.1758 
311506169857088 1379576014011153155 990.26575 
311506265904700 1379576014075087481 989.69604 
311506296364033 1379576014138258868 989.8859 
311506360609416 1379576014202498370 989.85596 
311506424000229 1379576014265425616 989.99585 
311506488886540 1379576014329390460 990.26575 
311506550934459 1379576014392592364 990.0858 
311506614783077 1379576014456526690 990.26575 
311506677960247 1379576014519698077 990.26575 
311506746509003 1379576014583662921 990.26575 
311506805016559 1379576014646834308 989.8859 
311506879516787 1379576014711684161 990.1758 
311506932317030 1379576014774031573 990.5456 
311506996257210 1379576014837965899 989.826 
311507076495270 1379576014901259356 990.0259 
311507137230812 1379576014965559894 990.2957 
311507202605448 1379576015028670245 990.1758 
311507268834655 1379576015092726642 990.26575 
311507336071036 1379576015155928546 990.20575 
311507381088586 1379576015219283038 990.57556 
311507440725394 1379576015282636304 990.1458 
311507504635053 1379576015346601148 989.796 
311507567873264 1379576015409803052 990.05585 
311507631905007 1379576015473767896 990.11584 
311507695204259 1379576015536939283 990.4556 
311507791465512 1379576015601392408 990.3257 
311507855039447 1379576015664472242 990.26575 
311507959174959 1379576015728528638 990.2357 
311507971291546 1379576015791761060 990.26575 
311508013257058 1379576015855146070 989.816 
311508076495269 1379576015918378492 990.3257 
311508144342057 1379576015982282300 990.57556 
311508203612620 1379576016045453687 990.1758 
311508267705403 1379576016109494223 989.796 
311508330913093 1379576016172696127 990.26575 
311508395036396 1379576016236691489 990.1758 
311508458030444 1379576016299832358 990.2357 
311508539794522 1379576016363980307 990.26575 
311508585025713 1379576016426907553 990.2357 
311508649240576 1379576016490933432 990.0858 
311508712509309 1379576016554104819 990.4556 
311508776449489 1379576016618039145 990.1458 
311508839504579 1379576016681241049 990.11584 
311508903475279 1379576016745205893 990.2957 
311508967140775 1379576016808377280 990.20575 
311509033461545 1379576016872464194 990.26575 
311509094105524 1379576016935544028 990.20575 
311509157740500 1379576016999478354 989.85596 
311509220917671 1379576017062649741 990.05585 
311509285498778 1379576017126614584 990.1758 
311509348157104 1379576017189785971 990.0259 
311509412097283 1379576017253781332 990.26575 
311509475213414 1379576017316922201 990.1758 
311509539184114 1379576017380887045 990.26575 
311509612463529 1379576017444058432 990.26575 
311509692243781 1379576017508023276 990.3857 
311509729356554 1379576017571164145 989.8859 
311509793357775 1379576017635128989 990.05585 
311509856657027 1379576017698300375 990.2357 
311509925022661 1379576017762475037 990.0858 
311509985697162 1379576017825646423 990.3857 
311510058610331 1379576017889580749 990.3557 
311510112814513 1379576017952782654 990.2957 
311510193601937 1379576018016778015 990.3257 
311510258213566 1379576018080040955 990.20575 
311510302223943 1379576018143822693 990.41565 
311510365065389 1379576018206963562 989.9659 
311510429158171 1379576018270989441 989.85596 
311510500667405 1379576018334038757 989.84595 
311510556489165 1379576018398308777 989.8859 
311510620765070 1379576018461266541 990.20575 
311510687665726 1379576018525231384 990.2957 
311510746539523 1379576018588476154 990.26575 
311510834834961 1379576018652471515 990.2957 
311510873717915 1379576018715642902 990.2357 
311510937597055 1379576018779546711 990.0858 
311511000896307 1379576018842718097 990.3557 
311511065416373 1379576018906682941 989.8859 
311511128898749 1379576018969884845 990.0858 
311511192289561 1379576019033849689 990.2957 
311511255344652 1379576019097082111 990.26575 
311511319162750 1379576019161016437 990.2357 
311511407214025 1379576019224309894 990.20575 
311511446219060 1379576019288122150 989.99585 
311511510311841 1379576019351934406 990.6055 
311511573519532 1379576019415258381 990.1758 
311511636605142 1379576019478429767 989.826 
311511700911567 1379576019542303058 989.69604 
311511764454982 1379576019605627033 990.2957 
311511828303601 1379576019669530841 990.1758 
311511895570502 1379576019732763263 990.1758 
311511966621928 1379576019796667072 990.26575 
311512018079277 1379576019859838459 990.0259 
311512082202579 1379576019923833820 989.726 
311512147088890 1379576019987005207 990.3857 
311512209350449 1379576020050970050 990.57556 
311512272344498 1379576020114110920 990.5156 
311512336284679 1379576020178134531 990.20575 
311512399461849 1379576020241397470 990.2357 
311512463432550 1379576020305331796 990.2957 
311512592320082 1379576020368472666 990.20575 
311512609167327 1379576020432437509 990.0858 
311512653849153 1379576020495608896 990.2357 
311512717758812 1379576020559543222 989.85596 
311512780966504 1379576020622775644 990.05585 
311512845181366 1379576020686709970 990.3857 
311512908511140 1379576020749942392 990.26575 
311512972664962 1379576020813907236 990.3257 
311513035323286 1379576020877048105 990.26575 
311513099385548 1379576020941073984 990.2957 
311513187742027 1379576021004367441 990.2357 
311513226319777 1379576021068118662 989.99585 
311513289435906 1379576021131259531 990.6955 
311513353467648 1379576021195254892 990.26575 
311513416675339 1379576021258487314 989.9659 
311513480829162 1379576021322482675 989.84595 
311513543975812 1379576021385623544 990.26575 
311513608801082 1379576021449588388 990.1458 
311513671123683 1379576021512759775 990.20575 
311513780661299 1379576021576724619 990.2357 
311513798118953 1379576021639834970 990.0259 
311513862089653 1379576021703830332 990.4856 
311513930485808 1379576021767001718 990.1458 
311513989268044 1379576021830966562 990.3857 
311514053849152 1379576021894137949 990.1458 
311514118521822 1379576021958011240 990.2957 
311514189329085 1379576022021396250 990.20575 
311514262059133 1379576022085971445 990.26575 
311514321390737 1379576022149142832 990.26575 
311514428242561 1379576022212375253 990.20575 
311514435353808 1379576022275516123 990.11584 
311514497767968 1379576022339450449 990.3557 
311514561067221 1379576022402652353 990.1758 
311514626289256 1379576022466647714 989.85596 
311514714920417 1379576022530398935 990.0858 
311514766194644 1379576022594394296 990.20575 
311514829310773 1379576022657596201 990.2357 
311514893922401 1379576022721530527 990.20575 
311514976357927 1379576022784946054 990.3257 
311515038161681 1379576022848788828 990.26575 
311515069567145 1379576022911197275 989.99585 
311515133537844 1379576022975192636 989.9259 
311515196806576 1379576023038364023 990.4756 
311515267552800 1379576023102389902 990.20575 
311515371505188 1379576023165927500 990.1458 
311515409014726 1379576023229983896 990.3257 
311515451041278 1379576023292667001 990.2357 
311515515256141 1379576023356631845 990.2357 
311515578341751 1379576023420313804 990.3257 
311515686780634 1379576023484126060 990.20575 
311515707259804 1379576023547236412 990.2357 
311515769216159 1379576023611170738 989.6361 
311515833583625 1379576023675349205 990.4456 
311515896608195 1379576023738368004 989.69604 
311515959815885 1379576023801539390 989.756 
311516025068440 1379576023865504234 990.2357 
311516087299481 1379576023928675621 989.876 
311516150873416 1379576023992670982 990.2357 
311516214081107 1379576024055811851 990.26575 
311516278051807 1379576024119776695 990.2957 
311516348187622 1379576024183009117 990.0858 
311516405169160 1379576024246882408 990.3557 
311516472619182 1379576024310114830 990.20575 
311516533293681 1379576024374995201 990.6355 
311516595524721 1379576024437220543 989.816 
311516659495420 1379576024501215904 990.04584 
311516723038838 1379576024564356773 990.2957 
311516786673813 1379576024628352134 990.2957 
311516873809475 1379576024691493004 990.2357 
311516913638561 1379576024755457847 990.0259 
311516977120935 1379576024818934410 990.20575 
311517040939036 1379576024882624595 990.1458 
311517104329848 1379576024945734947 990.0858 
311517168056385 1379576025009730308 990.2957 
311517231264076 1379576025073022393 990.1758 
311517295326338 1379576025136956719 990.20575 
311517372420799 1379576025200158624 990.26575 
311517452323133 1379576025264306573 990.2957 
311517486109185 1379576025327233819 990.05585 
311517549347397 1379576025391259698 989.95593 
311517612555089 1379576025454400567 990.1758 
311517676495268 1379576025518334893 990.3257 
311517740649092 1379576025581536797 990.5456 
311517804680833 1379576025645532159 990.3557 
311517867003432 1379576025708703545 990.26575 
311517931035173 1379576025772698907 990.2357 
311518028273079 1379576025835839776 990.26575 
311518057999922 1379576025899880410 990.1458 
311518121116053 1379576025963082314 989.816 
311518185208834 1379576026027016640 989.816 
311518248935373 1379576026090249062 990.3557 
311518312997633 1379576026154213906 990.6055 
311518375594917 1379576026217385293 990.2357 
311518439596138 1379576026281350137 990.1758 
311518502742788 1379576026344501088 990.2357 
311518625709369 1379576026408679555 990.2357 
311518633583625 1379576026471606801 990.3857 
311518693708758 1379576026535571644 990.0858 
311518756885930 1379576026598743031 989.84595 
311518833553104 1379576026663196156 989.786 
311518904024645 1379576026726306508 990.05585 
311518962562719 1379576026790362904 990.3257 
311519027571111 1379576026853412221 990.2957 
311519093983441 1379576026917529652 990.26575 
311519179989850 1379576026980548451 990.1758 
311519257664199 1379576027044879506 990.26575 
311519265691057 1379576027105609486 990.3557 
311519329417593 1379576027171389513 990.6655 
311519392594765 1379576027234560900 990.0858 
311519460746756 1379576027298434191 989.84595 
311519548675950 1379576027362093859 989.99585 
311519597569585 1379576027426150255 990.2357 
311519664928046 1379576027489260607 990.26575 
311519726609719 1379576027553317004 990.3257 
311519805443841 1379576027616407245 990.26575 
311519839718219 1379576027679883807 990.2957 
311519901186250 1379576027743116229 989.99585 
311519965156949 1379576027807050555 990.2357 
311520051682206 1379576027870252459 990.3257 
311520098653058 1379576027934217303 990.3257 
311520169185640 1379576027997419207 989.876 
311520233553104 1379576028061841815 990.11584 
311520295356858 1379576028124891131 990.26575 
311520415912329 1379576028188947528 990.26575 
311520428181518 1379576028252057879 990.2357 
311520501369372 1379576028314588397 990.3257 
311520536925605 1379576028378797381 989.9259 
311520600896307 1379576028442776674 989.84595 
311520664561803 1379576028506009096 989.9859 
311520733171599 1379576028569912904 990.01587 
311520791496032 1379576028633145326 990.1458 
311520906038988 1379576028697598451 990.26575 
311520918399739 1379576028760312074 990.2957 
311520983102928 1379576028824215883 990.26575 
311521045700213 1379576028887417787 990.41565 
311521116568516 1379576028951718324 990.3257 
311521181210666 1379576029014554018 990.3857 
311521265813137 1379576029079007143 990.4456 
311521341656264 1379576029142086977 990.0858 
311521364332900 1379576029206021303 989.95593 
311521428547763 1379576029269040102 990.20575 
311521491206087 1379576029333035463 990.20575 
311521556122919 1379576029395932191 990.1758 
311521638741568 1379576029459958070 990.2957 
311521716263313 1379576029522793764 990.2357 
311521751514344 1379576029587063783 990.20575 
311521809411489 1379576029650235170 990.2357 
311521872436058 1379576029714108461 990.57556 
311521937658094 1379576029777371400 989.95593 
311522005474362 1379576029841275209 990.01587 
311522076769951 1379576029904538148 990.2357 
311522144708299 1379576029969113344 990.20575 
311522203917822 1379576030032223695 990.1758 
311522272985426 1379576030096670793 990.26575 
311522357099571 1379576030159231829 990.2357 
311522380966503 1379576030222769426 989.95593 
311522447348312 1379576030286001848 989.84595 
311522519620553 1379576030349966692 990.2357 
311522574374103 1379576030413199114 989.69604 
311522679944069 1379576030477774309 990.0858 
311522712753470 1379576030540915178 990.2357 
311522783926979 1379576030604941057 990.2357 
311522825770408 1379576030667502092 990.2957 
311522889802151 1379576030731405901 990.2957 
311523005626963 1379576030794790911 990.2357 
311523023481381 1379576030858586229 990.20575 
311523079821988 1379576030921757615 990.57556 
311523143884249 1379576030985814012 990.4456 
311523206969860 1379576031048863328 989.84595 
311523272100334 1379576031112889207 990.11584 
311523335521668 1379576031176091112 990.3257 
311523398302074 1379576031240055955 990.2357 
311523461479244 1379576031303227342 990.26575 
311523531096214 1379576031367222703 990.2357 
311523604345107 1379576031430577196 990.1758 
311523652414694 1379576031494297899 990.1758 
311523715591865 1379576031557469285 990.2357 
311523779532045 1379576031621403612 990.6655 
311523842739736 1379576031684544481 990.3857 
311523908389056 1379576031748631395 989.9659 
311523970223331 1379576031811772264 990.26575 
311524034041431 1379576031875737108 990.2957 
311524097584845 1379576031938908494 990.3257 
311524162135433 1379576032002842821 990.05585 
311524224244390 1379576032066014207 990.04584 
311524288367692 1379576032130009569 990.05585 
311524351483823 1379576032193150438 990.3257 
311524415485043 1379576032257145799 990.0858 
311524478692735 1379576032320317186 990.0259 
311524543609566 1379576032384312547 990.2357 
311524606481533 1379576032447453416 990.3257 
311524669780786 1379576032511536528 990.26575 
311524806084769 1379576032574891020 990.2357 
311524810693345 1379576032639222075 990.2357 
311524859953225 1379576032701813628 990.2357 
311524923923926 1379576032765747954 990.0858 
311524987101098 1379576032828919340 990.0259 
311525054764762 1379576032892945219 989.69604 
311525114432090 1379576032956116606 989.95593 
311525178402791 1379576033020111967 990.26575 
311525241732563 1379576033083283354 990.20575 
311525306038988 1379576033147217680 990.20575 
311525395066913 1379576033210572173 990.2357 
311525433064779 1379576033274384428 990.3557 
311525495906224 1379576033337629165 990.2957 
311525559876924 1379576033401594009 990.1458 
311525626167173 1379576033464917983 989.816 
311525686841673 1379576033528669204 989.9859 
311525750049366 1379576033591871108 990.26575 
311525814111627 1379576033655805435 990.2357 
311525877502440 1379576033719007339 990.20575 
311525967323895 1379576033783460464 990.1458 
311526053208223 1379576033846692886 990.1758 
311526068193727 1379576033910047378 990.1758 
311526131431939 1379576033973279800 989.84595 
311526197111779 1379576034037214126 989.876 
